53
22 23 22 19 18 19 18 23
23 22 23 12 19 12 19 22
24 21 23 22 21 20 22 19
23 14 22 15 21 14 22 13
9 15 12 15 12 14 9 14
11 11 11 12 12 12 12 11
8 14 9 15 12 12 11 11
9 16 9 15 8 15 8 16
16 23 15 24 8 17 9 16
9 17 12 17 12 16 9 16
15 23 15 24 16 24 16 23
7 17 8 18 9 17 8 16
7 16 7 17 8 17 8 16
9 18 9 17 8 17 8 18
10 15 9 16 8 15 9 14
19 11 18 11 18 12 19 12
12 20 12 18 9 18 9 20
11 21 14 24 15 23 12 20
23 15 22 16 18 12 19 11
10 22 11 22 11 21 10 21
21 15 21 14 18 14 18 15
13 12 12 13 11 12 12 11
7 19 10 22 11 21 8 18
7 18 7 19 8 19 8 18
13 11 13 12 15 12 15 11
21 16 22 16 22 15 21 15
6 17 7 18 8 17 7 16
23 16 22 17 21 16 22 15
21 17 21 16 18 16 18 17
13 13 13 12 12 12 12 13
6 18 7 18 7 17 6 17
23 17 22 18 21 17 22 16
21 18 22 18 22 17 21 17
14 12 13 13 12 12 13 11
15 20 12 20 12 23 15 23
17 12 18 13 19 12 18 11
17 20 19 22 20 21 18 19
16 12 15 13 14 12 15 11
16 20 17 20 17 12 16 12
13 14 15 14 15 13 13 13
21 24 21 20 17 20 17 24
23 18 22 19 21 18 22 17
11 14 12 15 13 14 12 13
16 21 13 24 12 23 15 20
13 18 10 21 9 20 12 17
13 17 13 18 15 18 15 17
11 17 12 18 13 17 12 16
17 14 15 16 13 14 15 12
17 18 15 20 13 18 15 16
19 14 18 15 17 14 18 13
19 18 18 19 17 18 18 17
17 17 15 19 13 17 15 15
19 17 18 18 17 17 18 16
