60
4 21 9 26 13 22 8 17
29 11 26 14 23 11 26 8
4 20 4 21 10 21 10 20
25 9 26 9 26 8 25 8
8 11 12 15 14 13 10 9
23 26 23 25 22 25 22 26
24 25 24 22 23 22 23 25
27 20 25 22 24 21 26 19
9 23 9 26 21 26 21 23
24 24 23 25 21 23 22 22
8 19 10 21 14 17 12 15
23 24 24 25 26 23 25 22
9 13 9 14 14 14 14 13
7 21 9 23 12 20 10 18
8 14 11 17 12 16 9 13
8 16 9 16 9 14 8 14
25 21 24 21 24 22 25 22
10 22 13 22 13 21 10 21
22 10 21 10 21 13 22 13
22 24 19 24 19 25 22 25
29 17 25 21 22 18 26 14
14 9 14 13 20 13 20 9
29 16 20 16 20 17 29 17
22 23 22 22 21 22 21 23
21 24 22 25 23 24 22 23
14 24 15 24 15 22 14 22
24 15 22 15 22 18 24 18
28 11 24 15 22 13 26 9
16 10 16 14 18 14 18 10
16 24 16 25 17 25 17 24
18 24 19 25 21 23 20 22
22 21 22 22 23 22 23 21
11 19 14 19 14 17 11 17
27 16 22 21 16 15 21 10
20 12 21 13 23 11 22 10
22 20 21 21 19 19 20 18
13 13 14 14 17 11 16 10
25 19 23 21 22 20 24 18
22 19 17 24 15 22 20 17
12 18 10 18 10 20 12 20
26 21 26 19 25 19 25 21
12 17 14 19 16 17 14 15
20 21 20 22 21 22 21 21
21 20 21 21 22 21 22 20
22 17 15 24 13 22 20 15
21 15 21 13 20 13 20 15
13 18 13 21 20 21 20 18
14 16 14 15 12 15 12 16
18 20 16 22 12 18 14 16
17 20 17 24 18 24 18 20
15 15 16 15 16 14 15 14
18 15 20 17 22 15 20 13
13 15 14 16 15 15 14 14
15 17 15 22 16 22 16 17
18 16 20 16 20 15 18 15
17 17 17 15 16 15 16 17
23 15 20 18 18 16 21 13
15 16 14 16 14 17 15 17
16 16 17 17 18 16 17 15
18 18 14 22 13 21 17 17
