36
9 18 19 28 25 22 15 12
33 12 32 12 32 13 33 13
34 13 33 14 32 13 33 12
11 17 14 20 19 15 16 12
13 15 13 25 17 25 17 15
15 35 15 20 14 20 14 35
34 14 34 13 33 13 33 14
15 14 15 17 23 17 23 14
35 18 31 18 31 24 35 24
13 14 15 14 15 12 13 12
38 21 35 24 32 21 35 18
38 23 38 21 32 21 32 23
22 36 25 36 25 33 22 33
33 16 33 14 25 14 25 16
34 17 32 19 31 18 33 16
30 14 31 15 33 13 32 12
16 31 18 33 21 30 19 28
34 27 25 36 22 33 31 24
15 29 19 33 29 23 25 19
34 28 34 27 19 27 19 28
18 16 18 12 16 12 16 16
31 29 30 30 23 23 24 22
32 22 21 33 13 25 24 14
28 17 23 17 23 23 28 23
24 32 25 32 25 22 24 22
21 35 22 36 25 33 24 32
18 19 25 19 25 16 18 16
19 30 19 33 21 33 21 30
29 18 31 18 31 15 29 15
8 29 12 33 22 23 18 19
12 19 12 33 18 33 18 19
31 20 29 22 27 20 29 18
29 19 25 19 25 22 29 22
22 29 25 32 31 26 28 23
23 29 23 23 22 23 22 29
26 20 27 20 27 18 26 18
