147
9 28 11 30 13 28 11 26
31 11 30 11 30 12 31 12
12 31 14 33 20 27 18 25
31 32 30 33 29 32 30 31
35 20 32 23 30 21 33 18
33 15 32 15 32 16 33 16
34 17 33 18 32 17 33 16
35 22 35 20 32 20 32 22
14 32 15 33 18 30 17 29
31 13 29 13 29 14 31 14
31 31 30 31 30 32 31 32
34 18 32 20 30 18 32 16
34 26 33 27 32 26 33 25
28 33 29 33 29 32 28 32
33 28 30 31 29 30 32 27
34 25 33 25 33 26 34 26
12 29 12 31 13 31 13 29
15 12 14 12 14 15 15 15
15 32 14 32 14 33 15 33
10 20 11 21 13 19 12 18
34 24 33 25 32 24 33 23
17 33 17 29 16 29 16 33
33 17 33 18 34 18 34 17
14 13 13 14 12 13 13 12
32 28 33 28 33 27 32 27
11 19 11 21 12 21 12 19
13 15 13 17 14 17 14 15
29 31 28 32 27 31 28 30
33 12 31 12 31 13 33 13
32 12 31 13 30 12 31 11
34 28 33 29 32 28 33 27
32 14 30 16 29 15 31 13
11 28 11 29 12 29 12 28
31 15 32 15 32 14 31 14
30 30 29 30 29 31 30 31
33 24 33 23 32 23 32 24
34 13 32 15 31 14 33 12
34 14 33 15 32 14 33 13
36 23 34 25 33 24 35 22
34 29 34 28 33 28 33 29
9 26 9 28 11 28 11 26
33 14 34 14 34 13 33 13
33 21 33 18 30 18 30 21
13 16 14 17 15 16 14 15
28 13 28 12 27 12 27 13
36 21 33 21 33 23 36 23
34 22 33 23 32 22 33 21
26 32 28 32 28 30 26 30
14 29 16 29 16 26 14 26
25 12 25 13 26 13 26 12
32 19 28 19 28 20 32 20
17 13 18 13 18 12 17 12
20 12 21 13 22 12 21 11
20 32 22 32 22 29 20 29
21 12 21 13 22 13 22 12
20 11 20 12 21 12 21 11
29 29 30 30 32 28 31 27
13 18 12 18 12 19 13 19
31 26 31 27 32 27 32 26
13 25 14 26 15 25 14 24
12 25 12 28 13 28 13 25
30 17 32 17 32 16 30 16
30 27 30 22 26 22 26 27
13 24 14 24 14 19 13 19
20 13 21 14 22 13 21 12
28 15 29 15 29 14 28 14
28 29 28 30 29 30 29 29
31 30 31 27 30 27 30 30
31 16 30 17 28 15 29 14
19 13 20 13 20 12 19 12
26 14 27 14 27 13 26 13
17 15 15 15 15 16 17 16
27 15 26 16 25 15 26 14
30 25 31 26 33 24 32 23
20 14 20 20 21 20 21 14
24 30 26 30 26 28 24 28
14 21 18 25 20 23 16 19
15 18 14 19 13 18 14 17
21 30 23 30 23 28 21 28
7 24 9 26 14 21 12 19
18 31 21 31 21 30 18 30
23 31 24 31 24 30 23 30
19 30 18 31 16 29 17 28
22 14 23 15 24 14 23 13
27 28 27 29 28 29 28 28
28 17 27 18 22 13 23 12
23 14 23 13 22 13 22 14
19 15 17 17 15 15 17 13
24 15 24 14 23 14 23 15
24 29 23 30 22 29 23 28
18 16 17 16 17 17 18 17
18 28 17 29 15 27 16 26
28 18 30 18 30 17 28 17
18 15 19 15 19 13 18 13
18 29 20 29 20 28 18 28
15 21 15 25 16 25 16 21
23 29 24 30 25 29 24 28
27 17 28 17 28 15 27 15
29 21 27 23 26 22 28 20
22 15 19 18 18 17 21 14
15 14 17 16 18 15 16 13
25 16 25 15 24 15 24 16
17 18 16 19 15 18 16 17
16 24 20 28 22 26 18 22
16 18 16 19 17 19 17 18
17 25 17 28 18 28 18 25
19 17 22 17 22 15 19 15
25 27 25 26 24 26 24 27
27 19 28 19 28 18 27 18
15 17 15 18 16 18 16 17
15 19 16 20 17 19 16 18
29 19 28 20 27 19 28 18
15 20 16 20 16 19 15 19
28 26 26 28 25 27 27 25
18 18 18 20 19 20 19 18
27 24 22 24 22 25 27 25
21 27 20 27 20 28 21 28
23 27 23 28 24 28 24 27
31 24 28 24 28 26 31 26
14 18 14 19 15 19 15 18
28 25 26 27 25 26 27 24
28 23 27 23 27 24 28 24
22 27 23 27 23 26 22 26
26 20 26 16 25 16 25 20
26 24 27 25 28 24 27 23
23 17 26 20 27 19 24 16
19 19 18 20 17 19 18 18
18 21 18 20 16 20 16 21
21 26 22 27 23 26 22 25
23 18 27 18 27 17 23 17
26 21 28 23 30 21 28 19
20 19 21 20 23 18 22 17
28 21 28 20 26 20 26 21
18 19 19 20 20 19 19 18
19 23 20 23 20 20 19 20
21 25 21 26 22 26 22 25
20 24 18 24 18 25 20 25
24 20 21 20 21 22 24 22
29 23 29 21 28 21 28 23
23 19 24 20 27 17 26 16
25 21 24 22 23 21 24 20
25 22 26 22 26 21 25 21
23 24 22 25 20 23 21 22
24 21 25 22 26 21 25 20
22 23 20 23 20 24 22 24
25 23 25 22 24 22 24 23
23 25 24 26 26 24 25 23
