206
13 13 13 15 14 15 14 13
41 36 38 39 35 36 38 33
10 18 13 21 16 18 13 15
40 15 39 16 38 15 39 14
11 35 13 37 16 34 14 32
40 16 40 15 39 15 39 16
40 36 39 37 38 36 39 35
37 39 38 39 38 36 37 36
38 38 37 39 35 37 36 36
40 17 39 18 38 17 39 16
13 16 14 17 15 16 14 15
13 36 14 37 18 33 17 32
16 13 16 15 17 15 17 13
39 36 39 35 38 35 38 36
10 23 15 23 15 18 10 18
15 38 17 38 17 32 15 32
37 14 37 15 38 15 38 14
41 20 37 24 35 22 39 18
35 13 33 13 33 18 35 18
39 17 38 17 38 18 39 18
41 21 39 23 37 21 39 19
14 16 13 16 13 17 14 17
14 36 13 36 13 37 14 37
38 16 39 17 40 16 39 15
15 15 14 15 14 16 15 16
41 22 41 21 37 21 37 22
13 18 14 19 15 18 14 17
18 39 20 39 20 38 18 38
12 32 18 38 21 35 15 29
41 26 38 29 34 25 37 22
12 31 14 33 15 32 13 30
36 15 36 14 34 14 34 15
36 37 36 36 35 36 35 37
40 31 39 32 37 30 38 29
19 13 19 14 20 14 20 13
39 33 39 32 38 32 38 33
12 22 14 24 15 23 13 21
12 30 14 32 18 28 16 26
18 14 19 15 20 14 19 13
38 34 38 33 36 33 36 34
32 39 34 39 34 38 32 38
15 17 21 17 21 16 15 16
37 17 38 17 38 16 37 16
16 36 19 36 19 34 16 34
36 16 37 16 37 15 36 15
40 24 39 25 38 24 39 23
12 27 12 30 13 30 13 27
40 27 40 24 38 24 38 27
12 26 16 26 16 22 12 22
33 14 32 15 31 14 32 13
18 15 19 15 19 14 18 14
18 37 20 39 21 38 19 36
34 37 32 39 28 35 30 33
36 35 36 36 37 36 37 35
14 20 14 19 13 19 13 20
38 20 38 18 35 18 35 20
40 38 39 39 38 38 39 37
40 37 40 36 39 36 39 37
36 13 36 14 37 14 37 13
40 18 39 19 38 18 39 17
40 34 39 35 38 34 39 33
12 33 14 33 14 32 12 32
40 19 40 18 39 18 39 19
16 14 17 15 18 14 17 13
13 34 17 38 18 37 14 33
35 14 36 15 37 14 36 13
35 38 35 37 34 37 34 38
35 15 36 16 37 15 36 14
39 28 39 25 36 25 36 28
7 28 12 33 26 19 21 14
41 34 40 34 40 36 41 36
14 21 17 21 17 20 14 20
39 26 38 27 36 25 37 24
18 16 20 18 21 17 19 15
34 16 30 16 30 17 34 17
34 36 33 37 30 34 31 33
36 18 37 19 38 18 37 17
33 15 34 16 35 15 34 14
22 14 22 13 21 13 21 14
38 30 37 30 37 32 38 32
20 15 19 15 19 18 20 18
20 37 20 33 18 33 18 37
14 29 14 32 15 32 15 29
23 14 24 14 24 13 23 13
11 28 13 30 14 29 12 27
39 29 38 30 36 28 37 27
33 36 33 37 34 37 34 36
24 38 24 39 25 39 25 38
28 38 29 39 34 34 33 33
21 15 21 14 20 14 20 15
21 37 22 37 22 35 21 35
14 27 14 24 13 24 13 27
7 35 11 35 11 28 7 28
39 30 39 29 38 29 38 30
29 38 29 35 28 35 28 38
27 14 27 15 28 15 28 14
34 35 34 36 35 36 35 35
35 34 35 35 36 35 36 34
38 26 37 27 35 25 36 24
22 15 21 15 21 16 22 16
23 15 23 14 22 14 22 15
29 15 32 15 32 13 29 13
35 33 36 33 36 32 35 32
37 29 38 29 38 27 37 27
18 18 18 20 19 20 19 18
16 21 17 22 18 21 17 20
16 31 17 32 20 29 19 28
24 15 25 16 27 14 26 13
13 31 13 34 16 34 16 31
37 33 36 34 35 33 36 32
31 15 30 16 29 15 30 14
31 16 33 18 34 17 32 15
31 36 33 36 33 33 31 33
36 31 36 29 32 29 32 31
15 25 13 27 12 26 14 24
30 36 30 34 24 34 24 36
34 19 34 21 37 21 37 19
34 33 34 34 35 34 35 33
23 16 23 17 25 17 25 16
23 36 23 38 24 38 24 36
17 31 17 26 16 26 16 31
36 19 35 20 34 19 35 18
21 36 22 37 23 36 22 35
33 34 34 35 35 34 34 33
24 16 23 17 22 16 23 15
26 16 26 13 25 13 25 16
28 16 26 16 26 19 28 19
34 32 35 32 35 27 34 27
33 19 29 23 26 20 30 16
35 30 36 31 37 30 36 29
18 31 19 31 19 28 18 28
21 34 21 31 19 31 19 34
29 16 29 15 28 15 28 16
18 32 18 31 17 31 17 32
33 20 33 22 35 22 35 20
33 32 33 33 34 33 34 32
35 24 35 25 36 25 36 24
17 25 17 26 21 26 21 25
32 19 33 20 34 19 33 18
26 17 23 20 22 19 25 16
26 35 29 38 31 36 28 33
18 30 19 31 23 27 22 26
19 21 18 22 17 21 18 20
21 19 22 19 22 17 21 17
33 31 31 33 26 28 28 26
18 23 18 22 17 22 17 23
23 34 24 34 24 33 23 33
29 18 20 18 20 21 29 21
13 26 14 27 18 23 17 22
32 18 32 19 33 19 33 18
23 35 23 34 22 34 22 35
28 17 29 18 30 17 29 16
25 35 24 36 23 35 24 34
20 32 22 34 23 33 21 31
32 20 31 20 31 24 32 24
18 27 19 27 19 23 18 23
19 22 19 21 18 21 18 22
9 24 12 27 13 26 10 23
14 28 18 28 18 27 14 27
26 38 26 35 25 35 25 38
26 18 24 20 23 19 25 17
20 31 23 34 24 33 21 30
32 21 33 22 34 21 33 20
33 23 33 22 29 22 29 23
24 19 24 20 26 20 26 19
9 21 9 24 13 24 13 21
26 39 28 39 28 38 26 38
31 19 29 21 26 18 28 16
22 20 22 24 23 24 23 20
30 20 27 20 27 25 30 25
30 32 30 33 31 33 31 32
33 27 30 30 29 29 32 26
26 33 26 35 28 35 28 33
23 32 20 32 20 33 23 33
30 19 30 20 31 20 31 19
33 30 33 27 30 27 30 30
33 25 33 27 34 27 34 25
21 22 19 22 19 23 21 23
30 21 29 22 27 20 28 19
31 30 32 31 33 30 32 29
20 24 21 25 22 24 21 23
28 32 29 32 29 29 28 29
27 33 29 35 30 34 28 32
20 23 22 25 23 24 21 22
26 32 24 34 23 33 25 31
21 29 21 30 24 30 24 29
23 21 27 25 28 24 24 20
21 24 21 25 22 25 22 24
24 31 25 31 25 30 24 30
20 22 21 23 23 21 22 20
24 32 24 33 26 33 26 32
27 32 26 33 24 31 25 30
23 31 23 32 24 32 24 31
27 31 30 31 30 30 27 30
31 25 32 26 33 25 32 24
26 31 26 32 27 32 27 31
23 28 23 27 19 27 19 28
28 23 28 24 29 24 29 23
30 23 29 24 28 23 29 22
23 26 23 25 22 25 22 26
29 26 29 29 32 29 32 26
27 28 28 29 30 27 29 26
28 25 29 26 30 25 29 24
28 27 28 26 23 26 23 27
26 25 26 28 27 28 27 25
27 26 24 29 23 28 26 25
