219
11 39 15 43 19 39 15 35
14 17 15 18 16 17 15 16
16 15 16 16 18 16 18 15
16 45 17 45 17 44 16 44
11 37 11 39 16 39 16 37
14 18 17 21 19 19 16 16
15 17 15 18 16 18 16 17
43 15 42 15 42 16 43 16
45 17 44 17 44 22 45 22
14 19 18 23 19 22 15 18
13 21 16 24 19 21 16 18
47 39 45 41 42 38 44 36
45 18 43 20 42 19 44 17
16 43 17 44 18 43 17 42
12 24 15 27 18 24 15 21
15 19 15 18 14 18 14 19
15 41 15 43 16 43 16 41
12 26 15 26 15 24 12 24
43 17 44 17 44 16 43 16
15 40 16 41 17 40 16 39
20 45 21 45 21 44 20 44
41 16 40 16 40 17 41 17
13 35 17 39 21 35 17 31
21 15 21 16 22 16 22 15
13 33 15 35 17 33 15 31
47 33 44 36 42 34 45 31
16 20 23 20 23 18 16 18
16 40 17 40 17 39 16 39
20 16 20 19 21 19 21 16
47 32 42 32 42 33 47 33
46 36 44 38 42 36 44 34
13 29 15 31 17 29 15 27
17 19 17 21 19 21 19 19
17 41 17 42 21 42 21 41
19 43 20 44 22 42 21 41
43 19 40 22 39 21 42 18
43 41 43 40 41 40 41 41
47 31 44 34 42 32 45 29
13 30 15 30 15 29 13 29
38 45 38 43 37 43 37 45
45 38 44 38 44 41 45 41
14 25 15 26 16 25 15 24
46 35 44 35 44 36 46 36
16 21 16 24 17 24 17 21
20 43 19 43 19 44 20 44
40 43 39 44 38 43 39 42
14 27 15 28 16 27 15 26
19 18 20 19 22 17 21 16
46 27 45 28 44 27 45 26
46 33 44 35 42 33 44 31
24 45 24 44 23 44 23 45
14 28 15 28 15 27 14 27
22 44 23 44 23 43 22 43
38 44 37 45 36 44 37 43
14 29 15 30 16 29 15 28
14 31 15 32 16 31 15 30
15 25 20 30 21 29 16 24
21 43 22 43 22 42 21 42
25 45 27 45 27 44 25 44
39 17 38 17 38 19 39 19
23 16 22 16 22 17 23 17
37 16 37 17 38 17 38 16
44 23 42 23 42 24 44 24
20 18 21 19 23 17 22 16
40 42 39 42 39 43 40 43
42 20 43 20 43 19 42 19
34 15 32 15 32 16 34 16
45 34 45 31 44 31 44 34
15 33 13 33 13 35 15 35
14 16 14 17 15 17 15 16
46 39 44 41 43 40 45 38
15 20 15 21 16 21 16 20
47 36 46 36 46 39 47 39
46 23 45 24 44 23 45 22
47 29 45 29 45 31 47 31
14 32 15 32 15 31 14 31
45 27 43 29 41 27 43 25
46 26 45 26 45 27 46 27
18 39 18 43 19 43 19 39
30 15 29 15 29 16 30 16
39 18 41 20 42 19 40 17
45 30 44 31 42 29 43 28
16 35 21 40 24 37 19 32
40 19 39 19 39 21 40 21
44 25 43 25 43 27 44 27
16 26 15 26 15 27 16 27
48 28 47 29 45 27 46 26
46 25 45 26 44 25 45 24
45 25 45 24 44 24 44 25
40 18 40 19 42 19 42 18
26 44 27 45 28 44 27 43
34 44 35 45 36 44 35 43
18 22 18 23 19 23 19 22
18 38 17 38 17 39 18 39
38 18 39 19 40 18 39 17
42 22 42 21 40 21 40 22
16 33 17 33 17 31 16 31
17 36 22 36 22 33 17 33
24 17 24 19 25 19 25 17
27 16 28 16 28 15 27 15
33 16 35 18 36 17 34 15
36 43 37 43 37 41 36 41
15 36 15 38 17 38 17 36
25 16 24 17 23 16 24 15
35 44 36 44 36 43 35 43
16 28 15 28 15 29 16 29
20 20 23 23 24 22 21 19
20 40 21 41 23 39 22 38
44 28 45 28 45 27 44 27
31 16 30 16 30 17 31 17
44 29 44 28 43 28 43 29
16 30 15 30 15 31 16 31
37 18 38 19 39 18 38 17
14 37 15 38 16 37 15 36
34 45 35 45 35 44 34 44
19 38 19 34 18 34 18 38
22 19 23 20 24 19 23 18
22 41 22 42 25 42 25 41
26 43 27 43 27 41 26 41
20 39 20 38 19 38 19 39
39 40 41 40 41 35 39 35
36 18 37 18 37 17 36 17
17 27 18 27 18 24 17 24
20 41 21 42 22 41 21 40
24 43 25 44 26 43 25 42
25 43 24 43 24 44 25 44
41 38 39 40 34 35 36 33
27 17 27 16 25 16 25 17
17 28 17 27 16 27 16 28
28 17 29 18 30 17 29 16
28 43 28 44 29 44 29 43
29 17 29 16 28 16 28 17
31 43 35 43 35 41 31 41
17 30 17 29 16 29 16 30
30 43 31 44 36 39 35 38
43 38 42 39 41 38 42 37
43 37 43 38 44 38 44 37
26 16 27 17 28 16 27 15
43 36 42 36 42 37 43 37
30 44 31 44 31 43 30 43
42 35 44 35 44 34 42 34
20 22 20 24 21 24 21 22
22 40 21 40 21 41 22 41
38 20 38 19 37 19 37 20
40 38 37 41 35 39 38 36
21 21 22 21 22 19 21 19
21 39 20 39 20 40 21 40
42 26 42 24 40 24 40 26
19 24 19 25 20 25 20 24
41 24 38 27 37 26 40 23
41 36 42 37 43 36 42 35
27 42 28 43 29 42 28 41
45 36 44 37 43 36 44 35
43 39 43 38 42 38 42 39
29 45 30 45 30 44 29 44
17 26 18 27 20 25 19 24
20 37 20 35 16 35 16 37
28 42 29 43 31 41 30 40
18 29 17 30 16 29 17 28
22 39 22 40 23 40 23 39
46 40 46 39 43 39 43 40
26 42 27 43 28 42 27 41
18 28 17 28 17 29 18 29
21 38 21 39 22 39 22 38
38 39 38 36 36 36 36 39
18 30 17 30 17 31 18 31
30 18 30 17 29 17 29 18
30 42 29 42 29 43 30 43
26 19 25 19 25 21 26 21
34 19 36 21 37 20 35 18
24 40 23 40 23 43 24 43
19 27 18 27 18 28 19 28
21 23 20 24 19 23 20 22
21 37 20 37 20 38 21 38
27 19 27 24 29 24 29 19
17 35 20 38 21 37 18 34
34 17 31 17 31 19 34 19
24 42 25 43 26 42 25 41
23 19 25 21 27 19 25 17
25 18 26 19 28 17 27 16
28 18 29 19 30 18 29 17
32 18 31 19 30 18 31 17
25 40 25 41 26 41 26 40
41 28 43 28 43 27 41 27
19 29 21 29 21 28 19 28
29 41 28 41 28 42 29 42
41 29 41 32 42 32 42 29
19 30 19 29 18 29 18 30
30 41 31 41 31 40 30 40
36 16 34 16 34 17 36 17
35 17 36 18 37 17 36 16
24 41 25 42 26 41 25 40
27 18 28 18 28 17 27 17
35 21 36 21 36 18 35 18
26 18 26 19 27 19 27 18
34 20 35 21 37 19 36 18
37 22 37 20 34 20 34 22
39 25 38 26 34 22 35 21
20 32 20 30 19 30 19 32
28 20 23 20 23 23 28 23
20 29 21 30 22 29 21 28
20 31 19 32 18 31 19 30
40 29 41 29 41 28 40 28
22 24 21 24 21 28 22 28
38 24 37 24 37 26 38 26
23 37 22 38 21 37 22 36
37 23 40 23 40 22 37 22
41 25 40 26 39 25 40 24
24 39 24 37 23 37 23 39
20 34 24 34 24 32 20 32
22 23 22 24 23 24 23 23
23 22 22 23 21 22 22 21
25 39 24 39 24 40 25 40
39 26 39 27 40 27 40 26
39 33 36 33 36 35 39 35
25 22 25 26 26 26 26 22
28 39 30 41 31 40 29 38
32 21 33 21 33 18 32 18
39 28 40 29 41 28 40 27
