86
9 21 13 25 20 18 16 14
13 14 13 21 16 21 16 14
38 13 36 13 36 15 38 15
9 23 13 23 13 21 9 21
9 28 14 33 18 29 13 24
40 17 38 19 36 17 38 15
13 36 15 38 16 37 14 35
39 36 39 34 37 34 37 36
42 28 38 32 33 27 37 23
15 15 14 15 14 20 15 20
13 34 14 35 15 34 14 33
17 38 15 38 15 39 17 39
15 36 15 34 13 34 13 36
40 21 40 17 36 17 36 21
33 39 34 39 34 33 33 33
39 19 38 19 38 23 39 23
39 30 39 28 38 28 38 30
20 38 20 39 25 39 25 38
5 27 17 39 21 35 9 23
9 31 24 31 24 28 9 28
42 23 39 23 39 28 42 28
39 29 38 30 37 29 38 28
24 13 24 15 26 15 26 13
5 32 20 32 20 27 5 27
14 21 15 22 16 21 15 20
32 37 35 37 35 28 32 28
37 32 38 32 38 30 37 30
41 32 39 34 37 32 39 30
28 38 29 38 29 30 28 30
25 14 24 15 23 14 24 13
26 39 28 39 28 38 26 38
27 14 26 15 25 14 26 13
34 17 32 17 32 23 34 23
38 26 38 23 37 23 37 26
22 15 23 15 23 14 22 14
34 15 34 17 36 17 36 15
35 16 34 17 33 16 34 15
28 13 27 13 27 14 28 14
37 20 36 21 33 18 34 17
35 18 35 16 33 16 33 18
34 14 30 14 30 15 34 15
17 20 17 23 24 23 24 20
20 35 21 35 21 32 20 32
17 35 17 38 20 38 20 35
17 33 14 33 14 35 17 35
36 22 36 21 29 21 29 22
19 18 19 21 20 21 20 18
23 16 27 20 28 19 24 15
40 20 37 23 36 22 39 19
15 33 17 35 20 32 18 30
14 30 17 33 27 23 24 20
14 29 14 30 18 30 18 29
24 16 24 15 23 15 23 16
27 16 24 16 24 20 27 20
16 26 19 26 19 21 16 21
17 24 17 23 13 23 13 24
24 35 25 35 25 31 24 31
17 36 20 39 24 35 21 32
26 35 25 35 25 38 26 38
30 18 30 27 33 27 33 18
28 16 30 18 32 16 30 14
25 36 28 39 29 38 26 35
28 17 32 17 32 16 28 16
24 18 32 26 36 22 28 14
18 25 19 26 28 17 27 16
27 34 31 34 31 32 27 32
34 27 27 34 24 31 31 24
13 28 14 29 18 25 17 24
18 16 18 25 23 25 23 16
26 18 30 18 30 15 26 15
26 34 26 35 27 35 27 34
32 31 34 33 37 30 35 28
33 29 27 35 26 34 32 28
22 18 24 20 26 18 24 16
34 29 34 27 33 27 33 29
21 18 22 18 22 15 21 15
34 30 37 30 37 29 34 29
31 30 31 24 29 24 29 30
32 27 29 30 26 27 29 24
13 26 22 35 30 27 21 18
20 17 21 18 23 16 22 15
34 32 34 30 31 30 31 32
26 32 33 39 35 37 28 30
28 21 29 22 33 18 32 17
28 31 27 32 16 21 17 20
21 27 21 32 26 32 26 27
