62
29 13 26 16 23 13 26 10
26 25 26 21 25 21 25 25
9 9 9 10 13 10 13 9
7 22 8 23 10 21 9 20
28 19 26 21 24 19 26 17
7 21 8 22 10 20 9 19
27 13 22 18 21 17 26 12
24 9 24 10 26 10 26 9
26 22 23 25 22 24 25 21
23 9 23 8 22 8 22 9
27 17 25 19 24 18 26 16
8 21 7 21 7 22 8 22
14 26 14 25 10 25 10 26
10 23 13 23 13 21 10 21
23 24 22 24 22 25 23 25
8 18 9 19 19 9 18 8
17 26 19 26 19 25 17 25
9 13 12 13 12 11 9 11
9 21 10 21 10 20 9 20
6 12 12 18 15 15 9 9
29 17 29 13 27 13 27 17
28 14 25 14 25 19 28 19
27 12 25 14 22 11 24 9
27 22 24 25 23 24 26 21
27 20 27 17 26 17 26 20
10 24 10 23 8 23 8 24
26 13 27 13 27 12 26 12
25 13 23 13 23 14 25 14
10 12 10 20 11 20 11 12
24 22 24 19 22 19 22 22
8 12 9 13 10 12 9 11
14 9 14 8 13 8 13 9
6 18 8 18 8 12 6 12
12 9 13 10 14 9 13 8
9 18 9 19 12 19 12 18
13 24 14 25 15 24 14 23
18 25 17 26 15 24 16 23
21 10 14 10 14 17 21 17
14 24 15 24 15 23 14 23
20 24 22 24 22 22 20 22
24 20 25 21 26 20 25 19
21 25 20 26 19 25 20 24
24 17 22 17 22 18 24 18
24 16 24 17 26 17 26 16
13 12 12 13 11 12 12 11
15 11 19 11 19 9 15 9
22 20 21 21 20 20 21 19
22 15 22 14 18 14 18 15
12 16 12 18 18 18 18 16
16 9 22 15 23 14 17 8
16 22 16 23 18 23 18 22
18 24 17 25 15 23 16 22
20 21 18 21 18 22 20 22
21 20 20 20 20 21 21 21
27 24 26 25 21 20 22 19
10 15 18 23 20 21 12 13
21 18 21 19 22 19 22 18
23 18 22 19 21 18 22 17
14 19 13 19 13 21 14 21
17 14 18 14 18 8 17 8
15 18 18 21 21 18 18 15
16 16 18 18 20 16 18 14
