52
32 18 24 26 16 18 24 10
28 26 27 27 22 22 23 21
9 9 9 14 10 14 10 9
8 11 12 15 14 13 10 9
9 26 9 27 10 27 10 26
9 25 10 26 12 24 11 23
11 26 10 27 9 26 10 25
26 25 21 25 21 27 26 27
8 21 9 22 13 18 12 17
8 17 13 22 14 21 9 16
28 19 27 20 25 18 26 17
8 18 12 18 12 17 8 17
11 25 10 25 10 26 11 26
8 10 8 11 17 11 17 10
27 26 26 27 25 26 26 25
7 17 8 18 11 15 10 14
28 20 27 20 27 26 28 26
25 24 25 18 21 18 21 24
3 15 11 23 16 18 8 10
7 11 7 17 8 17 8 11
10 22 9 22 9 25 10 25
3 23 11 23 11 15 3 15
22 10 22 9 17 9 17 10
10 21 14 21 14 14 10 14
24 13 24 16 26 16 26 13
23 10 23 13 24 13 24 10
12 22 13 22 13 18 12 18
24 22 24 16 22 16 22 22
13 23 11 23 11 25 13 25
14 24 13 25 12 24 13 23
25 17 17 25 16 24 24 16
25 19 23 21 20 18 22 16
29 19 28 20 25 17 26 16
26 18 26 17 25 17 25 18
12 16 17 21 19 19 14 14
32 25 32 18 26 18 26 25
29 20 29 19 28 19 28 20
20 24 20 18 16 18 16 24
30 21 26 25 25 24 29 20
20 25 21 25 21 24 20 24
14 22 17 22 17 21 14 21
7 15 14 22 20 16 13 9
17 27 20 27 20 25 17 25
14 23 14 22 13 22 13 23
17 13 17 21 23 21 23 13
15 14 15 13 14 13 14 14
18 11 15 14 14 13 17 10
20 14 20 16 21 16 21 14
20 15 21 16 22 15 21 14
18 15 21 18 26 13 23 10
20 17 20 16 12 16 12 17
21 17 20 17 20 18 21 18
