71
30 20 26 24 20 18 24 14
30 19 23 19 23 20 30 20
26 10 23 10 23 11 26 11
7 22 9 24 15 18 13 16
8 11 8 15 9 15 9 11
9 10 13 10 13 9 9 9
25 24 23 26 22 25 24 23
11 25 14 25 14 24 11 24
25 23 25 21 24 21 24 23
10 10 9 11 8 10 9 9
10 24 11 25 13 23 12 22
13 26 16 26 16 23 13 23
26 21 26 13 25 13 25 21
8 20 11 20 11 16 8 16
9 22 11 24 12 23 10 21
25 22 24 23 23 22 24 21
15 8 13 8 13 9 15 9
7 24 9 24 9 22 7 22
26 25 26 24 25 24 25 25
6 13 8 15 10 13 8 11
6 17 10 17 10 13 6 13
12 10 14 12 15 11 13 9
22 24 15 24 15 25 22 25
31 20 26 25 25 24 30 19
9 18 11 20 12 19 10 17
25 18 23 20 21 18 23 16
11 22 12 22 12 20 11 20
23 12 23 11 19 11 19 12
10 14 12 16 17 11 15 9
29 18 26 21 20 15 23 12
25 12 23 12 23 13 25 13
10 22 10 24 11 24 11 22
20 24 18 26 13 21 15 19
27 12 26 13 25 12 26 11
9 21 9 22 10 22 10 21
11 21 12 22 13 21 12 20
16 10 16 15 20 15 20 10
17 10 13 14 12 13 16 9
15 10 16 10 16 9 15 9
13 11 15 11 15 10 13 10
21 22 21 26 23 26 23 22
22 21 24 21 24 15 22 15
11 15 11 16 12 16 12 15
18 23 21 26 22 25 19 22
20 22 22 24 25 21 23 19
13 13 18 18 19 17 14 12
12 11 12 13 13 13 13 11
23 14 23 13 13 13 13 14
21 12 23 14 25 12 23 10
15 22 16 23 20 19 19 18
12 18 12 19 15 19 15 18
10 9 12 11 13 10 11 8
14 22 14 24 15 24 15 22
18 22 19 22 19 18 18 18
14 21 14 16 13 16 13 21
16 22 16 23 18 23 18 22
21 15 20 15 20 18 21 18
17 23 15 25 14 24 16 22
21 19 20 19 20 22 21 22
23 18 21 18 21 19 23 19
14 15 13 16 12 15 13 14
14 18 15 19 23 11 22 10
18 20 16 22 12 18 14 16
10 18 12 20 14 18 12 16
12 17 10 17 10 18 12 18
16 19 15 19 15 22 16 22
6 18 8 20 10 18 8 16
16 16 16 15 14 15 14 16
17 18 17 11 15 11 15 18
6 21 9 21 9 18 6 18
20 21 19 22 16 19 17 18
