48
7 22 11 26 14 23 10 19
10 14 10 19 13 19 13 14
11 27 15 27 15 26 11 26
28 12 22 18 20 16 26 10
9 18 10 19 14 15 13 14
14 11 14 13 15 13 15 11
30 24 30 23 29 23 29 24
31 11 29 13 28 12 30 10
9 25 15 25 15 18 9 18
30 18 20 28 17 25 27 15
30 12 28 12 28 18 30 18
13 13 16 16 18 14 15 11
13 12 12 12 12 13 13 13
23 29 25 29 25 28 23 28
29 17 29 13 24 13 24 17
11 12 12 13 13 12 12 11
15 12 14 13 13 12 14 11
11 11 11 12 12 12 12 11
9 13 10 14 12 12 11 11
14 14 14 13 13 13 13 14
18 28 18 27 15 27 15 28
13 24 12 24 12 28 13 28
21 28 21 26 20 26 20 28
17 13 17 16 20 16 20 13
24 26 25 27 28 24 27 23
25 26 24 26 24 27 25 27
27 19 29 21 30 20 28 18
27 21 27 23 29 23 29 21
14 17 11 17 11 23 14 23
17 26 17 25 15 25 15 26
23 26 24 27 25 26 24 25
13 20 21 28 23 26 15 18
14 22 12 24 11 23 13 21
26 19 26 21 27 21 27 19
23 25 23 26 24 26 24 25
26 14 18 14 18 19 26 19
22 15 19 18 17 16 20 13
26 15 24 17 22 15 24 13
16 22 20 26 24 22 20 18
22 16 20 16 20 18 22 18
22 24 28 24 28 18 22 18
17 17 17 22 24 22 24 17
16 19 13 19 13 20 16 20
19 24 19 21 13 21 13 24
15 24 17 26 19 24 17 22
16 17 17 17 17 16 16 16
20 21 20 18 19 18 19 21
25 24 24 25 20 21 21 20
