43
4 13 11 20 15 16 8 9
4 19 9 19 9 13 4 13
8 26 10 26 10 23 8 23
6 22 10 26 13 23 9 19
28 13 23 18 21 16 26 11
27 23 25 25 21 21 23 19
24 26 24 25 18 25 18 26
25 9 15 9 15 11 25 11
6 16 9 19 12 16 9 13
6 18 6 22 17 22 17 18
12 26 13 26 13 23 12 23
25 23 26 23 26 11 25 11
10 24 12 26 20 18 18 16
21 8 21 12 22 12 22 8
8 14 8 15 17 15 17 14
10 11 10 16 12 16 12 11
11 10 12 11 14 9 13 8
23 10 21 12 19 10 21 8
24 23 24 25 25 25 25 23
9 10 9 13 11 13 11 10
26 21 24 23 21 20 23 18
11 23 12 23 12 20 11 20
13 10 16 10 16 8 13 8
25 18 23 20 17 14 19 12
17 9 16 10 15 9 16 8
15 10 17 12 19 10 17 8
23 21 23 20 21 20 21 21
17 10 17 12 19 12 19 10
21 22 21 21 19 21 19 22
11 19 9 19 9 20 11 20
20 22 17 25 16 24 19 21
18 22 17 22 17 25 18 25
21 19 21 16 18 16 18 19
16 21 17 22 19 20 18 19
25 19 23 21 21 19 23 17
15 20 15 16 12 16 12 20
16 20 16 21 19 21 19 20
20 17 20 18 23 18 23 17
13 17 16 20 25 11 22 8
15 18 19 22 21 20 17 16
18 15 17 15 17 16 18 16
3 16 10 23 15 18 8 11
3 18 6 18 6 16 3 16
