24
30 14 22 22 17 17 25 9
30 15 30 14 25 14 25 15
9 25 10 25 10 22 9 22
7 12 10 15 12 13 9 10
10 9 9 9 9 10 10 10
26 12 21 12 21 17 26 17
27 18 20 25 19 24 26 17
25 11 22 11 22 14 25 14
23 24 20 24 20 25 23 25
2 18 9 25 17 17 10 10
2 19 11 19 11 18 2 18
25 19 25 15 18 15 18 19
9 16 11 18 12 17 10 15
9 11 9 16 15 16 15 11
13 10 10 10 10 15 13 15
15 10 15 11 22 11 22 10
11 17 11 18 12 18 12 17
10 18 11 19 12 18 11 17
13 19 11 19 11 20 13 20
27 15 18 24 13 19 22 10
18 13 15 16 12 13 15 10
17 13 12 13 12 17 17 17
20 17 19 17 19 24 20 24
23 14 20 17 18 15 21 12
