111
9 28 10 29 16 23 15 22
28 29 29 29 29 27 28 27
11 9 11 10 13 10 13 9
11 29 13 29 13 27 11 27
29 11 28 12 26 10 27 9
29 12 28 12 28 13 29 13
29 26 28 27 25 24 26 23
30 14 27 17 26 16 29 13
10 27 11 27 11 22 10 22
27 10 26 10 26 12 27 12
30 15 30 14 25 14 25 15
29 25 28 26 27 25 28 24
10 12 10 11 9 11 9 12
12 10 10 12 9 11 11 9
27 27 26 28 25 27 26 26
29 24 29 20 28 20 28 24
8 20 9 21 11 19 10 18
30 18 28 20 27 19 29 17
30 19 30 18 27 18 27 19
25 28 26 28 26 27 25 27
28 25 28 26 29 26 29 25
11 12 10 12 10 14 11 14
12 11 11 12 10 11 11 10
27 26 27 27 28 27 28 26
29 21 26 24 25 23 28 20
9 29 10 29 10 28 9 28
30 11 29 12 27 10 28 9
8 12 8 20 9 20 9 12
30 12 30 11 29 11 29 12
31 14 30 15 28 13 29 12
28 10 28 9 27 9 27 10
31 22 29 24 27 22 29 20
8 15 15 22 18 19 11 12
12 26 13 27 16 24 15 23
16 28 22 28 22 24 16 24
31 12 30 12 30 14 31 14
14 11 17 11 17 9 14 9
27 24 27 25 28 25 28 24
15 10 14 11 13 10 14 9
13 26 13 23 12 23 12 26
25 26 26 26 26 24 25 24
26 13 25 14 23 12 24 11
28 16 28 13 26 13 26 16
27 23 26 23 26 24 27 24
14 26 17 26 17 17 14 17
24 26 24 27 25 27 25 26
31 23 31 22 27 22 27 23
14 27 14 26 13 26 13 27
15 27 14 27 14 28 15 28
27 16 26 17 24 15 25 14
13 13 16 16 20 12 17 9
25 25 26 26 27 25 26 24
34 15 30 19 27 16 31 12
34 18 34 15 30 15 30 18
11 18 11 19 18 19 18 18
11 20 11 22 12 22 12 20
15 12 20 12 20 10 15 10
18 11 17 11 17 17 18 17
8 17 11 20 14 17 11 14
27 20 24 20 24 22 27 22
19 11 19 9 18 9 18 11
19 27 20 27 20 23 19 23
14 13 18 17 19 16 15 12
14 12 14 13 15 13 15 12
21 11 19 11 19 14 21 14
22 12 23 12 23 10 22 10
21 26 17 26 17 29 21 29
26 21 25 21 25 23 26 23
13 15 14 16 16 14 15 13
9 17 10 18 13 15 12 14
13 11 13 12 14 12 14 11
23 11 22 12 21 11 22 10
23 13 26 13 26 12 23 12
23 25 24 26 25 25 24 24
14 14 14 16 16 16 16 14
14 10 13 11 12 10 13 9
13 14 14 14 14 13 13 13
24 14 25 14 25 11 24 11
26 18 27 18 27 17 26 17
19 12 21 14 23 12 21 10
13 22 13 23 15 23 15 22
25 22 26 23 27 22 26 21
27 13 25 15 24 14 26 12
12 15 13 15 13 14 12 14
15 24 16 24 16 23 15 23
25 17 25 15 24 15 24 17
18 25 23 25 23 19 18 19
25 19 24 20 23 19 24 18
24 16 25 17 26 16 25 15
23 15 21 15 21 16 23 16
23 23 24 24 25 23 24 22
23 14 23 15 24 15 24 14
22 14 23 15 24 14 23 13
14 20 15 21 18 18 17 17
20 24 16 28 15 27 19 23
22 13 22 14 23 14 23 13
20 13 22 13 22 12 20 12
22 15 23 16 24 15 23 14
15 17 12 20 11 19 14 16
23 21 24 22 25 21 24 20
20 15 21 16 22 15 21 14
23 18 26 21 27 20 24 17
15 15 20 15 20 13 15 13
24 19 24 18 23 18 23 19
21 22 21 21 15 21 15 22
22 21 21 22 18 19 19 18
20 22 22 24 23 23 21 21
22 18 21 18 21 21 22 21
21 17 22 18 24 16 23 15
19 17 19 18 21 18 21 17
20 20 21 21 23 19 22 18
