54
7 17 13 23 19 17 13 11
36 13 30 19 29 18 35 12
9 16 11 18 14 15 12 13
9 18 11 18 11 16 9 16
32 34 33 34 33 23 32 23
31 34 28 34 28 35 31 35
17 11 13 11 13 23 17 23
10 26 11 27 14 24 13 23
36 21 36 13 33 13 33 21
16 12 21 17 22 16 17 11
15 13 12 13 12 14 15 14
11 19 16 24 17 23 12 18
11 26 26 26 26 19 11 19
30 13 30 15 31 15 31 13
32 15 31 15 31 20 32 20
41 26 33 34 28 29 36 21
14 12 14 15 16 15 16 12
32 12 32 15 35 15 35 12
10 27 11 27 11 26 10 26
19 34 19 35 22 35 22 34
7 34 19 34 19 17 7 17
41 29 41 26 28 26 28 29
14 16 14 24 16 24 16 16
15 31 19 35 22 32 18 28
10 16 12 18 14 16 12 14
11 15 11 16 14 16 14 15
21 34 22 35 28 29 27 28
19 13 19 17 20 17 20 13
27 13 30 13 30 12 27 12
28 32 22 32 22 34 28 34
13 25 14 25 14 24 13 24
22 13 21 13 21 16 22 16
29 15 22 22 20 20 27 13
28 15 28 18 29 18 29 15
16 17 22 23 26 19 20 13
24 30 24 28 18 28 18 30
30 24 28 26 22 20 24 18
23 16 22 16 22 20 23 20
30 32 30 24 29 24 29 32
17 24 16 24 16 27 17 27
1 28 7 34 17 24 11 18
29 33 31 35 32 34 30 32
27 33 28 34 29 33 28 32
21 18 14 25 13 24 20 17
25 18 24 18 24 25 25 25
24 17 21 17 21 18 24 18
28 24 26 26 25 25 27 23
22 27 27 27 27 23 22 23
17 32 22 32 22 27 17 27
24 29 19 34 17 32 22 27
20 22 22 22 22 20 20 20
21 23 17 23 17 24 21 24
23 21 31 21 31 20 23 20
22 24 18 28 17 27 21 23
