181
43 20 36 27 32 23 39 16
44 27 37 34 32 29 39 22
44 26 39 26 39 27 44 27
39 38 38 39 37 38 38 37
40 35 38 37 37 36 39 34
11 19 14 22 18 18 15 15
16 13 16 14 18 14 18 13
36 39 38 39 38 37 36 37
15 14 18 17 19 16 16 13
37 14 37 15 39 15 39 14
40 34 38 36 37 35 39 33
39 35 40 35 40 34 39 34
12 19 13 20 19 14 18 13
36 38 35 39 32 36 33 35
40 32 39 33 38 32 39 31
41 28 39 30 37 28 39 26
11 26 14 29 17 26 14 23
35 38 36 39 37 38 36 37
38 35 37 35 37 36 38 36
16 15 16 14 15 14 15 15
13 19 13 20 15 20 15 19
12 30 15 33 18 30 15 27
34 38 34 39 35 39 35 38
32 39 32 37 29 37 29 39
17 37 18 38 26 30 25 29
40 28 38 28 38 32 40 32
12 26 12 19 11 19 11 26
14 33 14 35 15 35 15 33
30 13 29 13 29 14 30 14
16 35 15 35 15 36 16 36
35 36 36 37 37 36 36 35
38 20 36 20 36 21 38 21
14 13 14 14 15 14 15 13
12 34 18 34 18 30 12 30
40 18 38 20 35 17 37 15
17 38 18 38 18 37 17 37
16 37 17 37 17 36 16 36
35 37 36 37 36 36 35 36
12 28 17 28 17 26 12 26
39 21 37 23 36 22 38 20
13 23 15 25 16 24 14 22
23 13 23 15 24 15 24 13
23 39 24 39 24 37 23 37
39 24 39 22 36 22 36 24
41 18 40 18 40 28 41 28
11 27 12 28 13 27 12 26
13 22 13 23 14 23 14 22
33 37 33 36 32 36 32 37
37 33 37 34 39 34 39 33
21 14 21 15 22 15 22 14
31 38 31 35 30 35 30 38
18 16 19 16 19 14 18 14
34 36 35 36 35 33 34 33
17 35 21 39 22 38 18 34
12 21 13 22 14 21 13 20
20 13 20 14 21 14 21 13
33 38 32 39 31 38 32 37
34 37 33 37 33 38 34 38
16 18 22 24 24 22 18 16
35 35 36 36 37 35 36 34
23 14 22 15 21 14 22 13
15 18 15 19 16 19 16 18
16 17 16 18 18 18 18 17
19 36 25 36 25 32 19 32
36 33 36 31 35 31 35 33
14 24 16 24 16 23 14 23
24 14 23 15 22 14 23 13
24 38 23 39 22 38 23 37
38 24 37 25 36 24 37 23
14 27 14 29 15 29 15 27
25 14 24 15 23 14 24 13
20 37 19 38 18 37 19 36
14 25 13 25 13 27 14 27
38 27 37 27 37 28 38 28
26 14 26 13 25 13 25 14
32 16 29 16 29 18 32 18
17 19 17 20 20 20 20 19
17 33 16 33 16 35 17 35
19 17 19 18 22 18 22 17
33 17 33 21 35 21 35 17
37 29 37 28 35 28 35 29
10 30 15 35 17 33 12 28
10 28 10 30 12 30 12 28
37 30 39 30 39 29 37 29
26 37 26 35 24 35 24 37
40 33 39 34 36 31 37 30
27 38 27 37 26 37 26 38
16 22 16 21 14 21 14 22
22 16 22 17 25 17 25 16
33 34 33 33 31 33 31 34
16 29 15 29 15 33 16 33
23 36 24 37 25 36 24 35
36 29 35 30 34 29 35 28
21 17 16 22 13 19 18 14
28 39 28 38 27 38 27 39
31 36 28 39 27 38 30 35
31 17 32 18 33 17 32 16
36 28 37 29 38 28 37 27
16 27 16 29 20 29 20 27
27 16 29 16 29 14 27 14
27 36 26 37 25 36 26 35
36 25 36 27 37 27 37 25
20 34 18 34 18 37 20 37
26 16 27 17 30 14 29 13
31 16 29 18 27 16 29 14
29 36 27 36 27 37 29 37
16 25 15 25 15 27 16 27
32 34 31 35 30 34 31 33
33 19 30 22 29 21 32 18
35 22 36 22 36 21 35 21
23 17 22 18 21 17 22 16
23 35 24 35 24 34 23 34
34 34 33 35 32 34 33 33
20 33 17 36 16 35 19 32
24 17 26 19 27 18 25 16
28 17 28 20 31 20 31 17
33 32 34 33 36 31 35 30
17 25 17 26 18 26 18 25
17 27 15 29 13 27 15 25
35 25 36 25 36 24 35 24
20 17 22 19 24 17 22 15
34 32 33 32 33 33 34 33
17 24 16 24 16 25 17 25
26 17 27 17 27 16 26 16
18 22 19 23 21 21 20 20
34 22 35 23 36 22 35 21
34 30 35 30 35 29 34 29
19 21 19 18 18 18 18 21
19 31 23 35 24 34 20 30
33 31 34 32 35 31 34 30
18 23 18 25 19 25 19 23
18 29 23 34 25 32 20 27
29 34 29 35 30 35 30 34
34 23 35 23 35 22 34 22
34 18 32 18 32 22 34 22
36 23 35 24 34 23 35 22
18 24 19 25 20 24 19 23
34 24 35 25 36 24 35 23
30 33 30 32 28 32 28 33
34 25 34 24 32 24 32 25
35 26 35 25 34 25 34 26
21 20 20 20 20 21 21 21
32 21 28 25 27 24 31 20
23 33 20 33 20 34 23 34
19 24 18 25 17 24 18 23
24 19 24 18 22 18 22 19
19 20 20 21 21 20 20 19
25 19 25 20 26 20 26 19
27 33 29 35 30 34 28 32
31 21 29 21 29 23 31 23
31 31 33 31 33 27 31 27
20 23 20 21 19 21 19 23
23 20 24 21 25 20 24 19
23 32 19 36 16 33 20 29
32 32 31 33 30 32 31 31
28 18 26 20 25 19 27 17
28 34 28 33 27 33 27 34
33 29 31 31 29 29 31 27
21 22 24 22 24 21 21 21
20 25 20 26 24 26 24 25
27 20 26 20 26 22 27 22
19 22 20 23 21 22 20 21
21 29 20 30 17 27 18 26
31 29 28 32 26 30 29 27
21 24 20 25 19 24 20 23
31 24 32 24 32 23 31 23
21 27 22 27 22 24 21 24
17 22 18 23 19 22 18 21
17 23 18 23 18 22 17 22
21 30 25 30 25 29 21 29
21 23 20 23 20 24 21 24
31 25 33 27 34 26 32 24
21 26 20 27 19 26 20 25
28 30 26 30 26 32 28 32
30 28 30 24 27 24 27 28
23 29 26 32 28 30 25 27
15 22 16 23 17 22 16 21
29 30 29 29 28 29 28 30
25 22 24 22 24 25 25 25
30 25 27 28 24 25 27 22
23 25 21 27 20 26 22 24
