43
8 23 11 23 11 21 8 21
23 22 23 20 22 20 22 22
5 12 8 15 12 11 9 8
5 16 12 16 12 12 5 12
21 23 21 22 20 22 20 23
23 21 22 22 21 21 22 20
24 18 22 20 21 19 23 17
7 19 8 19 8 15 7 15
21 9 20 9 20 13 21 13
11 8 9 8 9 13 11 13
19 22 20 22 20 21 19 21
22 11 22 12 23 12 23 11
23 15 22 16 20 14 21 13
21 20 22 20 22 19 21 19
22 21 21 22 20 21 21 20
8 17 9 18 14 13 13 12
24 21 23 22 22 21 23 20
17 8 17 9 20 9 20 8
22 17 23 17 23 16 22 16
9 19 11 21 14 18 12 16
14 8 14 11 16 11 16 8
20 10 22 12 23 11 21 9
20 20 20 21 21 21 21 20
18 9 16 11 15 10 17 8
11 20 14 20 14 19 11 19
13 9 13 12 17 12 17 9
15 21 19 21 19 13 15 13
10 18 10 19 11 19 11 18
19 19 20 20 21 19 20 18
10 14 10 11 8 11 8 14
12 19 11 20 10 19 11 18
20 15 23 15 23 14 20 14
22 13 20 15 17 12 19 10
21 16 22 16 22 13 21 13
24 13 23 14 22 13 23 12
11 14 11 18 14 18 14 14
16 19 17 19 17 14 16 14
13 15 12 16 10 14 11 13
20 16 20 15 13 15 13 16
18 18 17 19 13 15 14 14
16 15 21 20 22 19 17 14
21 18 21 16 20 16 20 18
18 20 20 20 20 18 18 18
