33
13 38 21 38 21 34 13 34
11 32 13 34 24 23 22 21
14 18 14 24 25 24 25 18
34 14 34 25 37 25 37 14
12 37 13 38 19 32 18 31
17 17 16 17 16 28 17 28
26 14 26 21 29 21 29 14
19 17 19 21 22 21 22 17
23 15 23 23 24 23 24 15
17 16 17 17 19 17 19 16
35 32 35 26 19 26 19 32
19 34 20 35 21 34 20 33
34 19 30 23 25 18 29 14
29 36 27 38 17 28 19 26
15 20 31 36 35 32 19 16
16 24 18 26 21 23 19 21
20 18 26 24 29 21 23 15
13 23 14 24 20 18 19 17
33 33 33 39 39 39 39 33
30 35 20 35 20 39 30 39
35 23 35 22 30 22 30 23
18 21 18 26 19 26 19 21
39 26 39 23 35 23 35 26
30 18 27 18 27 22 30 22
21 19 13 19 13 23 21 23
21 33 23 33 23 23 21 23
18 29 18 31 30 31 30 29
39 19 35 23 30 18 34 14
39 22 39 19 35 19 35 22
27 34 27 30 26 30 26 34
43 26 39 30 35 26 39 22
43 29 43 26 39 26 39 29
31 21 29 21 29 36 31 36
