35
8 13 10 15 14 11 12 9
13 24 13 20 8 20 8 24
20 9 17 9 17 10 20 10
10 11 10 15 12 15 12 11
11 22 13 24 15 22 13 20
8 8 8 11 10 11 10 8
23 13 20 13 20 16 23 16
6 10 13 17 15 15 8 8
6 14 17 14 17 10 6 10
14 9 12 9 12 11 14 11
5 13 6 14 11 9 10 8
5 15 8 15 8 13 5 13
22 20 21 21 20 20 21 19
21 20 20 20 20 21 21 21
23 18 21 20 12 11 14 9
22 19 21 19 21 20 22 20
19 11 20 12 21 11 20 10
20 11 19 11 19 12 20 12
21 12 20 13 19 12 20 11
14 21 14 22 15 22 15 21
21 10 20 10 20 11 21 11
19 10 20 11 21 10 20 9
11 16 15 20 16 19 12 15
12 19 15 19 15 15 12 15
6 17 10 21 12 19 8 15
12 22 12 19 11 19 11 22
18 12 15 12 15 15 18 15
19 13 16 16 15 15 18 12
16 10 18 12 19 11 17 9
16 20 16 19 15 19 15 20
17 21 16 22 15 21 16 20
16 18 20 18 20 16 16 16
17 19 16 20 15 19 16 18
25 21 22 24 17 19 20 16
21 14 17 14 17 19 21 19
