60
4 16 8 20 11 17 7 13
4 15 4 16 8 16 8 15
6 17 12 23 14 21 8 15
11 7 11 9 12 9 12 7
19 7 18 7 18 8 19 8
19 23 19 19 17 19 17 23
20 8 19 9 18 8 19 7
20 22 23 22 23 21 20 21
22 20 20 22 17 19 19 17
7 12 7 13 9 13 9 12
23 18 22 19 21 18 22 17
21 9 22 9 22 8 21 8
8 11 8 15 11 15 11 11
6 19 11 19 11 17 6 17
9 10 9 12 10 12 10 10
10 9 10 10 11 10 11 9
20 9 20 8 19 8 19 9
21 10 21 9 20 9 20 10
8 18 14 18 14 16 8 16
6 9 8 11 9 10 7 8
6 16 8 18 11 15 9 13
12 8 14 10 15 9 13 7
18 22 17 23 13 19 14 18
10 8 11 9 12 8 11 7
9 11 10 12 11 11 10 10
7 9 10 9 10 8 7 8
6 12 7 12 7 9 6 9
22 16 19 19 15 15 18 12
15 22 18 22 18 15 15 15
18 9 18 12 19 12 19 9
13 9 12 9 12 11 13 11
17 9 18 9 18 8 17 8
9 14 12 14 12 13 9 13
14 9 14 7 13 7 13 9
6 13 8 15 9 14 7 12
21 14 21 18 23 18 23 14
22 13 21 14 20 13 21 12
12 20 8 20 8 23 12 23
20 12 20 13 21 13 21 12
13 10 12 11 11 10 12 9
17 20 15 22 14 21 16 19
15 10 15 9 14 9 14 10
18 11 19 12 21 10 20 9
20 15 17 18 12 13 15 10
20 16 22 16 22 15 20 15
17 11 18 12 20 10 19 9
16 11 17 11 17 9 16 9
18 13 18 15 20 15 20 13
12 16 13 17 14 16 13 15
16 12 15 13 13 11 14 10
16 18 16 19 17 19 17 18
13 21 14 22 17 19 16 18
14 19 13 19 13 21 14 21
13 12 16 12 16 11 13 11
13 18 14 19 18 15 17 14
13 13 13 15 15 15 15 13
12 12 12 13 13 13 13 12
16 13 18 13 18 12 16 12
15 17 16 18 21 13 20 12
11 13 12 14 13 13 12 12
