46
33 20 27 26 21 20 27 14
32 17 27 22 22 17 27 12
9 9 9 10 12 10 12 9
28 14 24 18 23 17 27 13
28 22 28 14 27 14 27 22
10 25 13 25 13 21 10 21
27 23 24 26 22 24 25 21
11 25 12 26 13 25 12 24
32 15 23 15 23 17 32 17
8 10 13 15 14 14 9 9
9 24 10 25 12 23 11 22
9 23 9 24 12 24 12 23
8 16 9 16 9 10 8 10
16 9 15 9 15 11 16 11
25 12 24 12 24 18 25 18
25 24 25 26 27 26 27 24
27 18 21 24 17 20 23 14
14 26 14 24 12 24 12 26
13 11 13 15 15 15 15 11
7 15 8 16 13 11 12 10
10 15 10 18 13 18 13 15
15 10 16 11 17 10 16 9
7 11 7 15 10 15 10 11
10 17 16 23 22 17 16 11
4 14 14 24 17 21 7 11
4 22 11 22 11 14 4 14
23 24 25 24 25 21 23 21
15 25 14 26 13 25 14 24
25 22 23 24 10 11 12 9
18 26 18 25 15 25 15 26
20 11 18 11 18 18 20 18
20 25 20 20 18 20 18 25
14 12 14 14 23 14 23 12
34 17 27 24 25 22 32 15
11 19 13 21 17 17 15 15
24 19 21 19 21 20 24 20
19 23 19 21 17 21 17 23
22 21 23 21 23 17 22 17
21 21 21 24 22 24 22 21
14 17 13 18 10 15 11 14
14 19 11 22 10 21 13 18
22 20 21 21 20 20 21 19
15 20 17 20 17 17 15 17
17 15 21 15 21 10 17 10
18 14 17 15 14 12 15 11
16 18 13 18 13 21 16 21
