124
7 28 13 34 19 28 13 22
43 15 40 18 38 16 41 13
41 41 41 32 40 32 40 41
9 35 13 39 21 31 17 27
41 15 40 16 38 14 39 13
40 14 38 14 38 16 40 16
13 16 13 22 14 22 14 16
39 14 34 19 33 18 38 13
17 41 19 41 19 40 17 40
16 14 16 16 18 16 18 14
15 39 15 34 13 34 13 39
39 15 39 24 41 24 41 15
37 40 37 34 35 34 35 40
35 13 34 13 34 15 35 15
36 14 38 14 38 13 36 13
15 17 15 19 22 19 22 17
37 15 36 16 35 15 36 14
38 38 39 38 39 35 38 35
12 31 13 32 24 21 23 20
42 31 41 32 35 26 36 25
14 35 26 35 26 32 14 32
12 29 12 31 17 31 17 29
42 29 39 29 39 31 42 31
12 27 19 34 20 33 13 26
37 16 37 20 38 20 38 16
14 20 15 21 16 20 15 19
14 34 21 41 24 38 17 31
13 23 13 26 15 26 15 23
30 13 28 13 28 14 30 14
27 13 23 13 23 20 27 20
22 40 22 34 19 34 19 40
43 13 41 13 41 15 43 15
12 24 12 27 17 27 17 24
36 15 36 16 37 16 37 15
20 39 19 40 14 35 15 34
40 23 39 24 36 21 37 20
17 36 21 36 21 31 17 31
9 27 14 32 17 29 12 24
40 19 34 19 34 23 40 23
16 37 16 39 20 39 20 37
21 39 26 39 26 36 21 36
40 30 39 31 38 30 39 29
29 40 29 36 28 36 28 40
9 29 12 29 12 27 9 27
35 41 35 40 29 40 29 41
20 41 21 41 21 39 20 39
40 26 39 27 31 19 32 18
27 14 31 18 32 17 28 13
41 30 41 26 40 26 40 30
37 35 33 39 26 32 30 28
31 15 30 16 29 15 30 14
31 39 29 41 28 40 30 38
24 15 24 16 26 16 26 15
32 15 31 15 31 17 32 17
34 37 37 40 39 38 36 35
16 22 15 23 14 22 15 21
22 16 22 17 24 17 24 16
38 22 34 26 33 25 37 21
38 32 40 32 40 30 38 30
15 28 15 34 19 34 19 28
40 34 39 35 37 33 38 32
36 37 36 35 34 35 34 37
18 35 20 37 21 36 19 34
39 26 35 26 35 27 39 27
31 38 31 32 30 32 30 38
33 17 32 17 32 18 33 18
42 39 40 41 36 37 38 35
44 27 42 29 39 26 41 24
32 38 31 38 31 39 32 39
36 20 36 21 37 21 37 20
19 19 18 20 15 17 16 16
37 32 36 33 32 29 33 28
38 28 36 28 36 30 38 30
27 16 25 18 24 17 26 15
21 18 17 18 17 21 21 21
17 23 17 21 15 21 15 23
40 28 39 29 38 28 39 27
38 33 38 32 37 32 37 33
17 22 18 23 22 19 21 18
18 22 17 23 16 22 17 21
39 34 38 35 37 34 38 33
26 17 26 18 31 18 31 17
27 17 26 18 25 17 26 16
20 20 21 21 25 17 24 16
20 16 18 16 18 20 20 20
18 24 18 23 17 23 17 24
24 18 25 18 25 17 24 17
32 19 32 18 31 18 31 19
20 22 22 24 23 23 21 21
32 34 32 35 34 35 34 34
30 19 28 19 28 20 30 20
35 24 34 25 33 24 34 23
35 25 34 25 34 26 35 26
19 26 19 28 23 28 23 26
41 20 36 25 35 24 40 19
35 18 33 18 33 24 35 24
36 24 35 24 35 25 36 25
20 23 20 22 18 22 18 23
28 35 26 35 26 36 28 36
34 31 34 34 35 34 35 31
27 19 28 20 31 17 30 16
32 21 34 23 36 21 34 19
32 33 34 35 35 34 33 32
26 37 27 38 29 36 28 35
20 25 23 25 23 23 20 23
25 34 25 31 22 31 22 34
29 20 31 22 32 21 30 19
34 29 34 26 32 26 32 29
31 21 28 24 27 23 30 20
28 34 32 34 32 33 28 33
32 22 32 21 31 21 31 22
37 17 32 22 31 21 36 16
32 32 34 34 38 30 36 28
21 24 21 31 22 31 22 24
24 33 25 34 27 32 26 31
23 22 23 20 20 20 20 22
24 37 24 33 20 33 20 37
23 36 24 37 26 35 25 34
33 33 33 32 32 32 32 33
26 34 28 36 32 32 30 30
33 26 31 28 28 25 30 23
30 22 30 23 31 23 31 22
32 30 32 29 30 29 30 30
25 22 25 23 27 23 27 22
