191
12 35 13 36 14 35 13 34
35 36 36 36 36 33 35 33
9 18 12 21 17 16 14 13
9 19 13 19 13 18 9 18
38 31 36 33 33 30 35 28
12 34 12 35 13 35 13 34
36 34 34 36 33 35 35 33
35 13 34 13 34 14 35 14
11 32 13 34 16 31 14 29
37 16 36 17 34 15 35 14
38 30 35 30 35 31 38 31
9 23 13 27 17 23 13 19
36 15 35 15 35 17 36 17
34 35 34 33 33 33 33 35
36 16 35 17 34 16 35 15
36 32 35 33 34 32 35 31
37 18 36 19 35 18 36 17
38 27 35 30 32 27 35 24
13 33 15 33 15 27 13 27
33 13 24 22 23 21 32 12
14 14 14 13 12 13 12 14
14 34 14 35 20 35 20 34
10 23 12 25 14 23 12 21
38 24 36 24 36 27 38 27
11 29 11 32 14 32 14 29
37 29 35 31 34 30 36 28
13 16 17 16 17 15 13 15
32 13 33 13 33 12 32 12
35 32 34 32 34 33 35 33
37 20 37 18 35 18 35 20
33 14 33 15 34 15 34 14
12 30 16 30 16 25 12 25
30 36 32 36 32 34 30 34
37 22 36 23 35 22 36 21
17 35 16 36 14 34 15 33
16 14 18 14 18 13 16 13
32 14 32 13 29 13 29 14
8 18 9 19 13 15 12 14
37 34 35 36 34 35 36 33
36 14 35 15 34 14 35 13
39 25 36 28 35 27 38 24
11 31 13 33 14 32 12 30
10 26 13 26 13 23 10 23
15 14 15 19 16 19 16 14
12 18 13 19 17 15 16 14
17 14 18 15 19 14 18 13
34 17 34 18 35 18 35 17
26 12 26 14 27 14 27 12
26 36 26 35 25 35 25 36
36 22 35 22 35 23 36 23
29 35 30 36 31 35 30 34
9 25 10 26 13 23 12 22
37 21 36 21 36 22 37 22
37 23 36 24 35 23 36 22
23 36 24 36 24 35 23 35
33 16 33 17 34 17 34 16
33 32 34 32 34 30 33 30
38 20 37 21 34 18 35 17
38 21 38 20 37 20 37 21
32 15 32 16 33 16 33 15
28 35 28 33 26 33 26 35
29 36 29 35 28 35 28 36
30 35 29 36 28 35 29 34
31 14 32 15 33 14 32 13
35 21 33 23 30 20 32 18
16 32 17 32 17 31 16 31
32 32 32 33 33 33 33 32
14 19 13 19 13 23 14 23
34 19 34 18 32 18 32 19
34 29 34 23 33 23 33 29
35 26 32 26 32 27 35 27
39 26 39 25 35 25 35 26
35 29 34 29 34 30 35 30
15 31 16 32 17 31 16 30
31 33 32 34 33 33 32 32
25 13 23 13 23 14 25 14
33 18 34 19 35 18 34 17
14 28 12 30 11 29 13 27
20 14 20 16 23 16 23 14
36 29 36 28 35 28 35 29
19 13 19 14 20 14 20 13
27 13 26 14 25 13 26 12
34 20 34 21 35 21 35 20
34 27 35 28 36 27 35 26
15 29 16 30 18 28 17 27
37 32 37 29 36 29 36 32
14 22 22 30 25 27 17 19
26 34 25 35 23 33 24 32
30 32 30 33 31 33 31 32
17 17 18 18 19 17 18 16
31 17 32 18 33 17 32 16
31 31 31 32 32 32 32 31
15 28 18 31 21 28 18 25
20 33 20 34 21 34 21 33
33 20 34 21 35 20 34 19
21 15 20 16 19 15 20 14
12 27 14 29 15 28 13 26
19 34 20 35 21 34 20 33
18 33 20 33 20 31 18 31
27 15 26 16 25 15 26 14
19 32 18 33 17 32 18 31
18 17 19 17 19 16 18 16
22 15 22 12 21 12 21 15
26 15 26 14 25 14 25 15
30 31 31 32 32 31 31 30
29 15 29 14 27 14 27 15
29 32 30 32 30 31 29 31
17 18 18 18 18 17 17 17
33 22 34 23 35 22 34 21
24 33 24 32 23 32 23 33
28 32 28 33 29 33 29 32
32 20 32 21 33 21 33 20
34 22 34 21 33 21 33 22
25 33 24 33 24 35 25 35
31 19 31 20 32 20 32 19
31 29 31 30 33 30 33 29
21 32 24 35 26 33 23 30
27 16 27 15 26 15 26 16
30 30 30 31 31 31 31 30
22 32 23 32 23 30 22 30
32 30 31 31 30 30 31 29
28 15 27 16 26 15 27 14
22 33 22 32 21 32 21 33
18 30 21 33 22 32 19 29
20 17 21 18 23 16 22 15
16 24 16 25 18 25 18 24
24 16 25 16 25 15 24 15
30 15 29 16 28 15 29 14
22 14 24 16 25 15 23 13
23 34 23 33 22 33 22 34
30 16 30 15 29 15 29 16
17 30 17 31 18 31 18 30
15 23 15 24 16 24 16 23
19 30 22 30 22 29 19 29
31 21 31 26 32 26 32 21
31 27 31 26 30 26 30 27
22 17 20 17 20 19 22 19
26 17 23 20 22 19 25 16
31 16 30 16 30 17 31 17
33 27 32 28 31 27 32 26
31 28 32 28 32 27 31 27
28 30 24 30 24 32 28 32
30 28 28 28 28 30 30 30
19 19 19 23 20 23 20 19
25 17 26 17 26 16 25 16
25 31 25 33 26 33 26 31
17 24 16 25 15 24 16 23
27 31 28 32 29 31 28 30
23 31 24 32 25 31 24 30
18 27 18 28 21 28 21 27
30 21 31 21 31 20 30 20
28 19 30 19 30 17 28 17
29 20 30 21 31 20 30 19
25 30 26 31 30 27 29 26
21 19 22 20 25 17 24 16
29 21 29 24 30 24 30 21
29 27 30 28 31 27 30 26
31 23 30 24 28 22 29 21
19 25 20 26 23 23 22 22
23 19 22 19 22 20 23 20
29 25 29 26 30 26 30 25
24 19 24 22 28 22 28 19
27 20 29 20 29 16 27 16
16 26 17 27 19 25 18 24
31 25 30 26 29 25 30 24
28 27 29 27 29 26 28 26
22 28 22 29 25 29 25 28
26 28 28 28 28 27 26 27
21 21 22 22 23 21 22 20
27 21 27 20 23 20 23 21
27 27 28 28 29 27 28 26
28 23 25 23 25 26 28 26
28 25 29 26 30 25 29 24
34 24 32 26 31 25 33 23
17 21 19 23 21 21 19 19
31 22 29 24 28 23 30 21
18 21 18 24 21 24 21 21
19 20 18 21 16 19 17 18
21 25 24 25 24 24 21 24
24 21 21 24 20 23 23 20
24 27 23 27 23 30 24 30
16 21 16 23 17 23 17 21
18 19 17 19 17 21 18 21
19 18 18 18 18 19 19 19
22 23 20 23 20 26 22 26
23 22 22 22 22 23 23 23
23 26 24 27 25 26 24 25
24 26 24 27 25 27 25 26
22 27 23 27 23 26 22 26
20 25 22 27 23 26 21 24
23 28 22 29 21 28 22 27
