174
10 14 12 16 14 14 12 12
8 18 13 23 17 19 12 14
8 21 12 21 12 18 8 18
36 35 35 36 33 34 34 33
10 16 12 16 12 14 10 14
14 12 12 12 12 14 14 14
33 12 32 12 32 13 33 13
36 15 35 16 34 15 35 14
14 13 16 15 17 14 15 12
34 13 33 14 32 13 33 12
34 35 34 36 35 36 35 35
11 31 16 36 18 34 13 29
36 16 35 16 35 22 36 22
36 32 35 32 35 35 36 35
37 30 35 32 33 30 35 28
34 14 35 14 35 13 34 13
34 34 34 33 33 33 33 34
37 29 35 29 35 30 37 30
32 35 31 36 29 34 30 33
14 33 14 36 15 36 15 33
15 14 15 15 16 15 16 14
11 27 13 29 14 28 12 26
37 21 36 22 33 19 34 18
11 22 12 23 13 22 12 21
37 26 36 27 34 25 35 24
11 25 12 26 14 24 13 23
13 17 15 19 17 17 15 15
13 31 16 31 16 30 13 30
31 13 32 14 33 13 32 12
35 31 32 31 32 32 35 32
12 29 13 29 13 26 12 26
19 36 21 36 21 34 19 34
29 12 29 13 31 13 31 12
14 16 14 19 15 19 15 16
34 16 34 15 31 15 31 16
13 18 14 19 16 17 15 16
30 13 29 14 28 13 29 12
35 18 29 24 28 23 34 17
12 27 16 31 17 30 13 26
11 36 13 36 13 31 11 31
37 15 36 16 34 14 35 13
37 33 35 35 34 34 36 32
37 16 37 15 36 15 36 16
38 30 36 32 35 31 37 29
11 17 12 18 13 17 12 16
38 28 37 29 33 25 34 24
38 24 35 24 35 28 38 28
12 17 12 18 13 18 13 17
35 17 34 18 33 17 34 16
31 14 32 14 32 13 31 13
31 34 31 36 33 36 33 34
12 22 12 23 13 23 13 22
29 35 30 36 33 33 32 32
38 33 38 30 37 30 37 33
12 25 13 26 15 24 14 23
15 32 15 33 19 33 19 32
25 12 25 13 28 13 28 12
24 36 26 36 26 31 24 31
36 24 33 27 31 25 34 22
12 31 14 33 15 32 13 30
11 26 12 26 12 25 11 25
30 34 30 33 29 33 29 34
13 21 13 22 16 22 16 21
17 15 16 15 16 17 17 17
27 35 28 35 28 33 27 33
31 33 33 33 33 30 31 30
7 22 11 26 12 25 8 21
7 25 11 25 11 22 7 22
13 19 16 22 20 18 17 15
18 14 17 14 17 15 18 15
6 24 7 25 13 19 12 18
23 35 25 35 25 34 23 34
35 23 35 22 34 22 34 23
13 24 14 24 14 23 13 23
24 13 24 14 25 14 25 13
18 33 19 34 20 33 19 32
33 18 34 18 34 17 33 17
26 13 25 14 24 13 25 12
28 14 29 14 29 13 28 13
32 17 33 17 33 14 32 14
21 14 21 15 24 15 24 14
27 14 26 14 26 15 27 15
27 34 28 35 29 34 28 33
34 27 34 25 33 25 33 27
30 14 29 15 28 14 29 13
30 15 31 15 31 14 30 14
32 15 31 16 30 15 31 14
30 16 30 25 31 25 31 16
32 30 29 33 27 31 30 28
17 31 16 31 16 36 17 36
15 28 15 24 14 24 14 28
20 15 18 15 18 18 20 18
28 15 29 16 30 15 29 14
21 33 23 35 25 33 23 31
14 32 15 33 17 31 16 30
14 29 14 32 15 32 15 29
19 16 17 18 16 17 18 15
32 19 32 17 27 17 27 19
15 22 16 23 17 22 16 21
18 31 21 31 21 26 18 26
33 20 33 19 32 19 32 20
23 15 24 16 25 15 24 14
23 33 23 31 21 31 21 33
33 23 33 24 34 24 34 23
28 16 29 16 29 15 28 15
28 32 28 33 29 33 29 32
32 28 34 30 35 29 33 27
32 29 35 29 35 28 32 28
29 17 32 20 33 19 30 16
21 32 23 34 26 31 24 29
27 32 28 32 28 31 27 31
16 25 16 26 17 26 17 25
17 20 17 19 15 19 15 20
23 16 23 17 24 17 24 16
25 16 25 17 26 17 26 16
25 32 25 33 27 33 27 32
31 28 30 28 30 30 31 30
16 19 17 20 18 19 17 18
32 26 31 26 31 28 32 28
30 29 31 30 32 29 31 28
17 27 15 29 14 28 16 26
16 27 16 30 17 30 17 27
32 21 32 26 37 26 37 21
18 20 17 20 17 22 18 22
30 20 25 25 22 22 27 17
17 23 17 22 16 22 16 23
17 24 16 25 15 24 16 23
9 31 14 36 22 28 17 23
9 27 9 31 11 31 11 27
15 26 16 27 17 26 16 25
21 18 22 19 24 17 23 16
27 18 26 19 25 18 26 17
20 29 20 28 15 28 15 29
26 30 23 33 21 31 24 28
28 30 28 25 26 25 26 30
21 30 19 32 18 31 20 29
19 28 20 29 22 27 21 26
23 18 23 22 24 22 24 18
19 27 20 28 25 23 24 22
21 19 21 18 20 18 20 19
20 20 20 19 18 19 18 20
30 31 30 30 28 30 28 31
21 17 21 18 23 18 23 17
22 18 21 19 20 18 21 17
23 29 23 31 24 31 24 29
20 27 20 28 22 28 22 27
21 20 20 20 20 21 21 21
31 32 30 33 29 32 30 31
19 20 20 21 21 20 20 19
22 29 23 29 23 28 22 28
19 23 19 27 20 27 20 23
27 28 24 28 24 29 27 29
20 22 20 23 22 23 22 22
22 20 22 19 21 19 21 20
26 20 24 22 22 20 24 18
28 22 25 22 25 23 28 23
19 21 20 22 21 21 20 20
19 22 20 22 20 21 19 21
27 20 27 19 26 19 26 20
25 20 26 21 27 20 26 19
20 24 18 26 17 25 19 23
21 22 20 23 19 22 20 21
27 26 24 29 23 28 26 25
25 21 26 21 26 20 25 20
24 21 23 22 21 20 22 19
30 26 27 26 27 28 30 28
18 23 19 23 19 22 18 22
18 24 18 23 17 23 17 24
28 28 30 30 32 28 30 26
22 25 25 25 25 23 22 23
24 26 27 29 28 28 25 25
19 24 21 26 22 25 20 23
23 26 23 28 24 28 24 26
26 23 23 26 22 25 25 22
