67
33 15 29 19 24 14 28 10
11 29 19 29 19 28 11 28
29 27 28 28 27 27 28 26
9 26 9 28 11 28 11 26
28 27 28 28 29 28 29 27
7 19 9 21 13 17 11 15
8 21 9 22 11 20 10 19
28 25 27 25 27 26 28 26
9 15 9 16 11 16 11 15
9 23 9 25 17 25 17 23
29 23 29 19 22 19 22 23
12 27 11 28 10 27 11 26
26 11 26 9 22 9 22 11
29 16 29 13 23 13 23 16
10 14 10 17 13 17 13 14
11 13 11 15 12 15 12 13
13 27 25 27 25 17 13 17
33 10 28 10 28 15 33 15
6 26 9 29 12 26 9 23
7 27 10 27 10 19 7 19
6 25 6 26 9 26 9 25
8 27 9 28 10 27 9 26
29 26 28 27 27 26 28 25
30 24 28 26 27 25 29 23
8 16 8 21 9 21 9 16
34 11 29 16 28 15 33 10
30 11 26 11 26 24 30 24
11 14 12 15 13 14 12 13
13 12 14 12 14 11 13 11
25 12 19 18 16 15 22 9
25 26 23 28 20 25 22 23
12 14 11 15 10 14 11 13
12 24 12 26 15 26 15 24
24 26 25 27 27 25 26 24
16 11 16 14 18 14 18 11
15 10 15 11 16 11 16 10
20 11 20 12 22 12 22 11
23 12 22 12 22 13 23 13
27 18 20 18 20 25 27 25
28 17 27 18 22 13 23 12
16 26 19 29 20 28 17 25
25 15 25 17 28 17 28 15
12 18 16 18 16 15 12 15
18 26 19 26 19 25 18 25
20 26 19 26 19 28 20 28
26 18 19 25 18 24 25 17
26 19 22 23 19 20 23 16
13 22 15 24 19 20 17 18
16 13 15 14 13 12 14 11
8 25 9 26 13 22 12 21
17 13 16 14 14 12 15 11
16 24 17 25 18 24 17 23
22 14 20 16 18 14 20 12
20 13 20 14 22 14 22 13
14 20 14 22 19 22 19 20
17 12 17 13 20 13 20 12
13 21 14 22 15 21 14 20
14 16 11 16 11 20 14 20
19 24 18 25 10 17 11 16
7 17 12 22 13 21 8 16
23 18 22 19 16 13 17 12
19 15 17 15 17 18 19 18
16 21 15 21 15 24 16 24
18 16 20 16 20 14 18 14
15 17 16 18 18 16 17 15
22 18 17 23 15 21 20 16
17 21 17 18 16 18 16 21
