36
14 14 14 25 16 25 16 14
14 40 14 43 22 43 22 40
43 17 41 17 41 21 43 21
17 42 19 42 19 27 17 27
14 37 40 37 40 35 14 35
45 26 38 33 30 25 37 18
44 35 42 37 40 35 42 33
37 15 37 18 44 18 44 15
40 18 43 21 44 20 41 17
25 44 29 44 29 43 25 43
14 26 14 33 16 33 16 26
44 31 43 32 34 23 35 22
14 28 15 29 17 27 16 26
44 29 44 26 25 26 25 29
45 20 44 20 44 26 45 26
19 18 19 27 37 27 37 18
34 15 34 14 24 14 24 15
14 23 16 25 21 20 19 18
23 16 23 19 29 19 29 16
40 20 41 21 44 18 43 17
42 27 37 27 37 30 42 30
27 42 29 44 44 29 42 27
41 34 41 21 32 21 32 34
21 19 21 20 23 20 23 19
10 22 14 26 21 19 17 15
26 17 26 28 36 28 36 17
32 41 32 34 24 34 24 41
10 38 27 38 27 22 10 22
18 25 30 25 30 21 18 21
18 26 18 25 16 25 16 26
5 33 10 38 29 19 24 14
12 19 18 25 23 20 17 14
27 18 30 21 32 19 29 16
40 31 40 35 44 35 44 31
5 35 14 35 14 33 5 33
30 19 30 21 32 21 32 19
