39
9 33 15 39 25 29 19 23
45 31 40 36 27 23 32 18
42 18 31 29 30 28 41 17
17 13 17 18 24 18 24 13
40 17 40 36 41 36 41 17
11 26 13 28 18 23 16 21
42 24 39 27 34 22 37 19
33 41 38 41 38 39 33 39
15 36 15 39 19 39 19 36
36 15 39 18 40 17 37 14
16 17 16 21 25 21 25 17
41 29 35 35 33 33 39 27
9 34 33 34 33 33 9 33
15 13 14 13 14 36 15 36
12 18 19 25 24 20 17 13
42 19 37 19 37 24 42 24
39 15 36 15 36 18 39 18
20 15 17 18 16 17 19 14
43 18 42 19 40 17 41 16
43 19 43 18 42 18 42 19
40 16 37 19 36 18 39 15
14 24 19 29 24 24 19 19
15 29 22 36 26 32 19 25
39 25 34 25 34 27 39 27
18 19 18 23 19 23 19 19
15 20 16 21 18 19 17 18
39 28 33 34 18 19 24 13
21 37 25 37 25 29 21 29
24 16 25 17 26 16 25 15
26 17 40 17 40 16 26 16
33 19 37 19 37 14 33 14
34 21 31 21 31 22 34 22
26 18 24 18 24 20 26 20
32 20 31 21 26 16 27 15
30 35 30 28 13 28 13 35
36 20 36 18 32 18 32 20
28 19 28 14 19 14 19 19
19 27 21 29 27 23 25 21
20 30 14 36 13 35 19 29
