25
32 20 26 26 18 18 24 12
28 21 26 23 24 21 26 19
9 21 18 21 18 18 9 18
28 24 28 21 25 21 25 24
22 26 22 23 13 23 13 26
23 27 23 26 22 26 22 27
27 23 23 27 22 26 26 22
27 22 26 22 26 23 27 23
10 20 13 23 17 19 14 16
10 17 10 20 22 20 22 17
9 15 9 17 10 17 10 15
25 14 22 17 19 14 22 11
15 11 15 14 19 14 19 11
12 14 14 16 17 13 15 11
11 12 11 14 12 14 12 12
23 23 23 26 26 26 26 23
25 18 24 18 24 21 25 21
20 12 20 18 24 18 24 12
21 22 22 23 24 21 23 20
17 22 22 27 23 26 18 21
21 25 21 22 17 22 17 25
21 19 21 22 26 22 26 19
15 23 16 24 21 19 20 18
21 18 18 21 11 14 14 11
24 19 23 20 21 18 22 17
