156
7 32 13 38 20 31 14 25
14 39 14 38 13 38 13 39
13 37 14 38 16 36 15 35
11 33 16 38 19 35 14 30
16 39 17 39 17 38 16 38
36 13 35 13 35 16 36 16
14 15 15 16 16 15 15 14
41 21 38 24 34 20 37 17
14 16 14 19 15 19 15 16
14 36 14 38 16 38 16 36
16 14 16 15 17 15 17 14
37 15 36 16 34 14 35 13
18 13 17 13 17 14 18 14
34 39 34 37 30 37 30 39
38 17 37 17 37 24 38 24
41 26 41 21 36 21 36 26
40 31 34 37 33 36 39 30
14 34 15 35 19 31 18 30
32 13 32 14 34 14 34 13
12 28 14 30 15 29 13 27
40 26 36 30 35 29 39 25
39 31 39 30 36 30 36 31
14 33 14 34 22 34 22 33
19 38 20 39 21 38 20 37
33 38 33 36 25 36 25 38
13 22 13 27 15 27 15 22
18 15 17 16 16 15 17 14
16 17 20 21 21 20 17 16
16 35 16 36 19 36 19 35
20 14 18 14 18 15 20 15
20 38 20 37 19 37 19 38
44 23 41 26 36 21 39 18
14 13 13 13 13 15 14 15
15 13 15 14 16 14 16 13
11 30 11 33 14 33 14 30
13 18 14 19 16 17 15 16
40 32 38 34 37 33 39 31
35 38 34 39 33 38 34 37
12 21 13 22 15 20 14 19
18 38 18 39 19 39 19 38
39 32 40 32 40 31 39 31
21 39 21 38 20 38 20 39
23 13 23 16 25 16 25 13
14 21 15 21 15 20 14 20
26 39 26 37 24 37 24 39
31 14 31 17 32 17 32 14
39 26 37 28 35 26 37 24
18 16 18 15 17 15 17 16
36 34 34 34 34 36 36 36
14 18 15 19 18 16 17 15
12 24 14 24 14 21 12 21
22 38 22 36 21 36 21 38
32 15 36 19 38 17 34 13
37 32 33 32 33 33 37 33
14 23 20 29 21 28 15 22
23 38 24 39 25 38 24 37
38 29 36 31 35 30 37 28
16 19 23 26 27 22 20 15
19 16 19 19 23 19 23 16
11 23 12 24 15 21 14 20
11 25 13 27 14 26 12 24
11 26 14 26 14 25 11 25
40 29 39 30 38 29 39 28
40 28 39 28 39 29 40 29
28 14 28 13 26 13 26 14
28 38 29 39 34 34 33 33
21 37 20 38 19 37 20 36
18 17 18 18 21 18 21 17
18 35 19 36 22 33 21 32
10 25 11 26 14 23 13 22
27 38 26 39 25 38 26 37
15 30 15 35 16 35 16 30
16 20 16 19 15 19 15 20
32 16 31 17 28 14 29 13
10 23 10 25 11 25 11 23
14 29 14 30 15 30 15 29
23 37 22 38 21 37 22 36
15 28 15 29 16 29 16 28
31 16 28 19 25 16 28 13
27 37 27 33 26 33 26 37
20 17 21 18 23 16 22 15
20 35 20 31 19 31 19 35
16 22 16 21 15 21 15 22
33 34 33 33 31 33 31 34
34 19 33 19 33 20 34 20
16 23 16 28 21 28 21 23
36 29 36 26 35 26 35 29
17 21 16 22 15 21 16 20
17 31 19 31 19 29 17 29
38 15 34 19 32 17 36 13
17 20 16 20 16 21 17 21
21 35 20 35 20 36 21 36
18 32 21 32 21 30 18 30
34 32 33 33 31 31 32 30
30 17 30 13 29 13 29 17
23 35 22 36 21 35 22 34
18 21 18 24 20 24 20 21
24 35 23 35 23 37 24 37
35 25 33 25 33 26 35 26
35 18 35 25 39 25 39 18
23 36 24 37 25 36 24 35
30 18 31 19 32 18 31 17
34 29 34 30 35 30 35 29
35 17 32 17 32 18 35 18
31 18 31 17 30 17 30 18
32 19 32 18 31 18 31 19
32 32 33 32 33 30 32 30
18 28 17 29 16 28 17 27
34 28 37 28 37 24 34 24
18 25 18 24 14 24 14 25
25 18 24 18 24 23 25 23
25 34 29 34 29 23 25 23
27 34 30 37 33 34 30 31
30 19 28 19 28 21 30 21
30 33 31 33 31 31 30 31
34 25 33 26 29 22 30 21
28 15 25 18 23 16 26 13
33 29 34 30 35 29 34 28
33 28 33 29 34 29 34 28
20 30 23 33 27 29 24 26
19 27 22 30 23 29 20 26
33 27 34 28 36 26 35 25
32 29 33 30 34 29 33 28
21 22 23 22 23 20 21 20
22 31 27 31 27 30 22 30
31 30 32 30 32 29 31 29
20 27 19 27 19 29 20 29
32 27 32 28 33 28 33 27
34 27 33 28 32 27 33 26
26 20 27 21 30 18 29 17
28 31 30 31 30 29 28 29
25 21 20 26 18 24 23 19
28 33 28 31 27 31 27 33
26 19 23 19 23 20 26 20
25 32 26 33 28 31 27 30
27 20 24 23 23 22 26 19
22 29 23 29 23 26 22 26
23 30 22 31 21 30 22 29
26 21 27 21 27 20 26 20
29 30 30 31 31 30 30 29
30 23 30 22 29 22 29 23
31 26 30 26 30 29 31 29
22 24 20 24 20 26 22 26
28 22 28 21 27 21 27 22
30 24 24 24 24 26 30 26
29 29 27 31 22 26 24 24
26 15 26 19 28 19 28 15
28 35 30 35 30 33 28 33
29 20 28 21 27 20 28 19
32 23 30 23 30 24 32 24
21 29 21 30 22 30 22 29
31 23 30 24 29 23 30 22
22 23 22 24 24 24 24 23
29 28 30 29 32 27 31 26
23 25 27 25 27 22 23 22
29 27 31 29 32 28 30 26
