58
9 31 10 32 18 24 17 23
33 31 32 32 31 31 32 30
33 29 31 29 31 31 33 31
35 22 31 26 26 21 30 17
35 21 30 21 30 22 35 22
11 30 12 31 16 27 15 26
12 11 13 11 13 10 12 10
33 27 31 29 30 28 32 26
8 19 13 24 15 22 10 17
32 28 32 26 31 26 31 28
8 21 11 21 11 19 8 19
13 31 13 24 12 24 12 31
31 13 30 13 30 15 31 15
12 12 13 13 14 12 13 11
10 27 10 32 16 32 16 27
31 14 30 15 29 14 30 13
10 26 16 32 18 30 12 24
29 30 29 32 32 32 32 30
30 29 31 29 31 28 30 28
25 32 26 32 26 25 25 25
11 15 20 24 22 22 13 13
32 24 31 25 29 23 30 22
11 16 11 19 17 19 17 16
12 15 14 15 14 12 12 12
34 16 25 25 22 22 31 13
34 25 34 16 31 16 31 25
11 22 15 22 15 21 11 21
22 31 24 31 24 26 22 26
29 16 30 17 31 16 30 15
30 19 26 19 26 21 30 21
30 23 30 22 29 22 29 23
31 22 30 23 29 22 30 21
20 30 20 24 18 24 18 30
17 13 17 11 13 11 13 13
16 14 16 17 21 17 21 14
14 25 14 31 19 31 19 25
22 13 30 13 30 10 22 10
18 11 21 14 22 13 19 10
14 17 10 17 10 25 14 25
28 21 25 24 23 22 26 19
15 18 20 23 21 22 16 17
18 15 17 16 12 11 13 10
25 26 29 30 30 29 26 25
26 17 22 17 22 19 26 19
26 15 26 17 30 17 30 15
17 15 18 15 18 13 17 13
22 15 26 19 29 16 25 12
18 14 17 15 16 14 17 13
26 24 26 21 25 21 25 24
25 13 21 17 18 14 22 10
23 16 23 22 29 22 29 16
21 26 22 26 22 22 21 22
24 24 24 25 25 25 25 24
24 23 20 23 20 24 24 24
21 24 17 28 16 27 20 23
24 21 24 18 15 18 15 21
19 21 17 23 15 21 17 19
21 20 15 26 14 25 20 19
