153
11 11 11 15 13 15 13 11
11 31 12 31 12 29 11 29
13 33 14 33 14 29 13 29
32 12 31 13 30 12 31 11
9 17 11 19 13 17 11 15
9 18 13 18 13 17 9 17
33 14 32 14 32 15 33 15
35 26 29 32 26 29 32 23
13 32 12 33 11 32 12 31
31 12 31 13 32 13 32 12
9 22 14 27 18 23 13 18
12 14 16 14 16 13 12 13
12 30 15 33 16 32 13 29
14 12 16 14 17 13 15 11
10 26 12 28 15 25 13 23
16 33 16 32 15 32 15 33
34 19 31 22 30 21 33 18
10 20 13 23 14 22 11 19
27 33 27 32 24 32 24 33
13 30 15 32 16 31 14 29
30 13 30 14 31 14 31 13
11 26 14 29 18 25 15 22
28 12 30 12 30 11 28 11
32 16 32 15 30 15 30 16
11 25 13 25 13 23 11 23
31 15 32 16 33 15 32 14
8 14 14 20 17 17 11 11
33 11 32 11 32 12 33 12
8 28 12 28 12 14 8 14
34 13 33 14 32 13 33 12
10 30 11 31 12 30 11 29
8 19 14 25 15 24 9 18
11 13 12 14 14 12 13 11
35 27 35 26 31 26 31 27
10 29 11 29 11 26 10 26
11 30 12 31 13 30 12 29
14 11 14 12 15 12 15 11
29 12 30 13 31 12 30 11
12 17 13 18 17 14 16 13
17 32 17 31 16 31 16 32
32 27 29 30 28 29 31 26
36 26 35 27 31 23 32 22
19 33 19 32 17 32 17 33
33 21 32 22 31 21 32 20
13 28 12 28 12 29 13 29
18 32 17 33 16 32 17 31
32 18 27 18 27 20 32 20
32 26 31 27 28 24 29 23
29 14 30 15 31 14 30 13
33 17 32 17 32 18 33 18
13 27 13 28 14 28 14 27
20 32 22 32 22 31 20 31
32 24 28 24 28 25 32 25
23 12 21 12 21 14 23 14
32 21 31 21 31 22 32 22
24 11 23 11 23 12 24 12
33 20 32 20 32 21 33 21
29 15 30 15 30 14 29 14
29 29 31 29 31 27 29 27
18 31 18 30 17 30 17 31
19 31 20 31 20 30 19 30
28 14 29 15 30 14 29 13
27 14 28 14 28 12 27 12
27 30 27 32 28 32 28 30
30 17 30 21 31 21 31 17
15 28 14 28 14 29 15 29
29 16 29 17 30 17 30 16
31 16 30 17 29 16 30 15
31 18 28 21 27 20 30 17
21 31 20 32 19 31 20 30
13 22 14 22 14 20 13 20
26 30 26 29 20 29 20 30
33 16 32 17 31 16 32 15
25 31 27 33 28 32 26 30
23 31 25 31 25 27 23 27
30 26 31 26 31 23 30 23
15 17 15 18 17 18 17 17
15 27 15 25 14 25 14 27
17 29 18 29 18 25 17 25
27 29 28 29 28 25 27 25
19 14 21 16 23 14 21 12
16 28 15 29 14 28 15 27
15 30 17 30 17 29 15 29
16 30 17 31 18 30 17 29
15 15 13 15 13 17 15 17
19 13 17 13 17 14 19 14
28 16 29 17 30 16 29 15
20 14 20 16 21 16 21 14
24 14 24 18 27 18 27 14
14 21 15 22 18 19 17 18
14 23 15 23 15 22 14 22
21 30 20 31 19 30 20 29
12 32 13 33 16 30 15 29
28 15 28 16 29 16 29 15
18 14 19 15 20 14 19 13
16 27 15 27 15 28 16 28
17 16 17 17 20 17 20 16
28 17 22 17 22 21 28 21
15 19 15 21 18 21 18 19
11 33 12 33 12 32 11 32
13 19 15 19 15 18 13 18
16 16 17 16 17 14 16 14
27 16 28 17 29 16 28 15
19 29 18 29 18 30 19 30
29 24 31 26 32 25 30 23
16 26 19 29 20 28 17 25
10 32 11 33 12 32 11 31
10 31 10 32 11 32 11 31
11 20 13 20 13 19 11 19
14 16 14 20 16 20 16 16
29 21 29 23 30 23 30 21
9 30 10 31 11 30 10 29
9 29 9 30 10 30 10 29
10 23 11 23 11 20 10 20
19 28 19 29 20 29 20 28
24 28 26 30 27 29 25 27
28 20 29 21 32 18 31 17
30 28 30 26 24 26 24 28
28 28 29 29 30 28 29 27
16 22 15 23 14 22 15 21
32 28 30 28 30 33 32 33
17 24 17 23 15 23 15 24
21 27 23 27 23 24 21 24
27 23 27 24 28 24 28 23
24 30 23 31 20 28 21 27
26 24 26 25 27 25 27 24
25 25 25 27 26 27 26 25
20 19 22 21 23 20 21 18
20 25 20 23 18 23 18 25
26 26 25 27 24 26 25 25
20 18 20 19 21 19 21 18
19 19 20 20 21 19 20 18
19 20 20 20 20 19 19 19
19 24 20 25 21 24 20 23
24 25 25 25 25 23 24 23
25 20 25 23 27 23 27 20
25 24 24 25 23 24 24 23
23 19 23 20 25 20 25 19
19 22 19 20 16 20 16 22
24 24 25 25 26 24 25 23
19 18 18 18 18 19 19 19
20 26 24 26 24 25 20 25
23 18 25 20 27 18 25 16
20 21 19 22 18 21 19 20
24 21 27 24 28 23 25 20
21 22 19 22 19 24 21 24
22 23 22 21 20 21 20 23
23 22 23 23 24 23 24 22
23 16 21 16 21 18 23 18
20 27 20 26 16 26 16 27
21 20 21 22 23 22 23 20
25 14 23 16 21 14 23 12
21 28 21 27 20 27 20 28
