175
15 42 16 42 16 40 15 40
42 41 41 41 41 42 42 42
44 38 41 41 39 39 42 36
16 14 16 15 17 15 17 14
12 19 17 24 20 21 15 16
43 18 42 19 41 18 42 17
45 22 42 25 39 22 42 19
14 39 15 40 21 34 20 33
16 41 15 42 14 41 15 40
43 19 43 18 42 18 42 19
12 22 17 22 17 19 12 19
15 39 16 40 17 39 16 38
16 16 16 15 15 15 15 16
14 37 14 39 15 39 15 37
43 21 41 23 38 20 40 18
15 18 18 18 18 17 15 17
18 15 17 16 16 15 17 14
40 17 40 18 41 18 41 17
43 22 43 21 41 21 41 22
20 42 22 42 22 33 20 33
41 37 41 35 38 35 38 37
18 16 18 15 17 15 17 16
39 17 40 18 41 17 40 16
36 15 35 15 35 22 36 22
22 14 22 18 23 18 23 14
42 34 41 34 41 35 42 35
43 26 42 27 41 26 42 25
19 40 19 41 25 41 25 40
17 38 17 39 18 39 18 38
42 33 41 34 38 31 39 30
15 21 15 24 16 24 16 21
16 36 16 35 15 35 15 36
20 16 25 16 25 15 20 15
20 40 19 41 17 39 18 38
14 25 14 26 17 26 17 25
45 38 42 41 39 38 42 35
44 39 44 38 39 38 39 39
9 25 14 30 17 27 12 22
14 16 15 17 16 16 15 15
14 17 15 17 15 16 14 16
13 19 15 21 17 19 15 17
45 26 45 22 43 22 43 26
11 28 14 31 17 28 14 25
43 35 42 36 41 35 42 34
39 16 39 17 40 17 40 16
14 36 15 37 16 36 15 35
43 33 42 34 41 33 42 32
13 24 14 25 15 24 14 23
43 32 42 32 42 33 43 33
34 15 31 15 31 16 34 16
42 31 42 27 41 27 41 31
17 37 19 37 19 28 17 28
38 18 38 20 40 20 40 18
38 38 38 37 35 37 35 38
14 27 14 28 17 28 17 27
49 30 39 40 35 36 45 26
9 23 9 25 14 25 14 23
46 25 45 26 42 23 43 22
46 27 46 25 42 25 42 27
11 30 14 30 14 28 11 28
43 36 43 35 42 35 42 36
13 35 15 35 15 24 13 24
38 16 34 16 34 18 38 18
16 37 16 38 17 38 17 37
40 36 38 38 34 34 36 32
37 17 38 18 39 17 38 16
42 28 40 30 39 29 41 27
23 15 21 17 20 16 22 14
21 16 23 18 25 16 23 14
35 16 33 18 32 17 34 15
20 17 20 16 18 16 18 17
49 20 40 20 40 30 49 30
10 31 15 36 16 35 11 30
38 15 38 16 39 16 39 15
42 21 41 22 35 16 36 15
19 16 20 17 21 16 20 15
41 24 42 24 42 23 41 23
19 18 19 23 22 23 22 18
16 34 19 37 23 33 20 30
22 40 24 42 25 41 23 39
10 36 14 36 14 31 10 31
15 20 16 21 19 18 18 17
5 31 10 36 20 26 15 21
20 18 21 19 22 18 21 17
19 19 18 20 17 19 18 18
16 32 16 34 21 34 21 32
40 24 38 26 37 25 39 23
16 25 17 26 18 25 17 24
11 33 13 35 16 32 14 30
31 40 27 40 27 41 31 41
40 31 40 30 39 30 39 31
18 21 18 22 20 22 20 21
38 21 38 20 33 20 33 21
26 40 27 41 34 34 33 33
30 40 31 41 34 38 33 37
40 26 38 28 34 24 36 22
17 23 17 24 19 24 19 23
33 39 33 40 39 40 39 39
43 25 41 27 40 26 42 24
16 20 16 21 18 21 18 20
28 41 29 42 31 40 30 39
40 33 41 33 41 31 40 31
37 20 38 21 41 18 40 17
24 39 24 38 23 38 23 39
39 32 39 31 38 31 38 32
38 22 39 23 41 21 40 20
37 35 38 35 38 32 37 32
17 30 20 33 21 32 18 29
39 21 38 21 38 22 39 22
39 33 37 35 36 34 38 32
38 23 38 26 39 26 39 23
29 39 24 39 24 42 29 42
28 39 27 40 24 37 25 36
39 28 35 32 31 28 35 24
37 22 38 23 39 22 38 21
32 18 36 22 38 20 34 16
39 36 40 36 40 33 39 33
33 17 32 17 32 18 33 18
37 36 38 37 39 36 38 35
39 24 36 27 35 26 38 23
21 36 25 36 25 34 21 34
31 38 34 38 34 34 31 34
23 19 26 19 26 18 23 18
37 23 38 23 38 22 37 22
18 30 18 33 20 33 20 30
26 16 23 19 22 18 25 15
22 37 19 40 18 39 21 36
18 27 18 29 20 29 20 27
27 18 27 16 26 16 26 18
27 38 27 37 24 37 24 38
29 18 30 19 32 17 31 16
38 27 36 27 36 28 38 28
38 29 39 29 39 28 38 28
22 20 23 21 24 20 23 19
21 21 21 22 23 22 23 21
35 35 35 36 37 36 37 35
24 19 21 22 20 21 23 18
32 19 32 18 30 18 30 19
32 37 33 37 33 33 32 33
34 39 33 40 31 38 32 37
19 21 20 22 21 21 20 20
34 19 33 20 32 19 33 18
21 20 20 20 20 21 21 21
33 19 34 19 34 18 33 18
18 26 17 26 17 27 18 27
19 25 18 25 18 26 19 26
20 23 21 24 22 23 21 22
36 33 34 33 34 34 36 34
17 21 18 22 19 21 18 20
39 34 38 35 36 33 37 32
27 19 26 19 26 24 27 24
29 19 29 18 27 18 27 19
32 20 33 20 33 19 32 19
20 25 26 31 27 30 21 24
20 24 19 24 19 25 20 25
21 23 20 24 19 23 20 22
36 31 36 28 31 28 31 31
34 22 34 24 35 24 35 22
26 36 25 36 25 40 26 40
36 26 36 24 35 24 35 26
27 36 27 34 26 34 26 36
29 20 28 20 28 24 29 24
32 35 35 38 37 36 34 33
37 31 36 31 36 32 37 32
37 29 37 31 38 31 38 29
30 20 30 19 29 19 29 20
23 34 25 36 27 34 25 32
35 30 32 33 31 32 34 29
24 22 23 22 23 24 24 24
31 19 30 20 29 19 30 18
24 21 24 22 33 22 33 21
21 27 23 27 23 24 21 24
21 29 20 30 17 27 18 26
21 28 20 29 19 28 20 27
24 23 23 24 22 23 23 22
