85
28 26 27 27 26 26 27 25
27 26 26 26 26 27 27 27
30 19 27 22 23 18 26 15
6 18 10 22 19 13 15 9
8 24 9 25 11 23 10 22
27 11 27 10 26 10 26 11
10 26 10 27 11 27 11 26
9 12 12 15 14 13 11 10
12 27 15 27 15 24 12 24
26 25 14 25 14 26 26 26
27 23 27 22 24 22 24 23
26 12 26 11 24 11 24 12
25 11 26 12 27 11 26 10
22 9 21 9 21 14 22 14
10 23 11 23 11 22 10 22
13 10 12 10 12 13 13 13
6 15 6 18 11 18 11 15
28 25 27 25 27 26 28 26
30 16 26 16 26 19 30 19
29 22 26 25 24 23 27 20
29 21 27 21 27 22 29 22
25 26 26 27 27 26 26 25
11 24 12 24 12 23 11 23
25 12 22 15 21 14 24 11
31 17 27 21 26 20 30 16
30 20 29 21 25 17 26 16
27 12 26 13 25 12 26 11
27 13 27 12 26 12 26 13
9 17 10 17 10 16 9 16
28 14 26 16 25 15 27 13
28 20 28 14 27 14 27 20
8 18 13 23 14 22 9 17
14 10 14 9 13 9 13 10
11 13 11 15 12 15 12 13
13 25 14 26 18 22 17 21
25 13 25 15 26 15 26 13
30 25 30 20 28 20 28 25
10 13 11 13 11 10 10 10
26 21 27 21 27 20 26 20
17 26 16 27 14 25 15 24
25 14 26 15 27 14 26 13
23 12 23 16 24 16 24 12
23 24 23 23 21 23 21 24
16 11 9 11 9 12 16 12
20 11 20 12 23 12 23 11
12 22 12 23 13 23 13 22
25 19 23 21 21 19 23 17
25 18 25 17 23 17 23 18
25 21 25 19 23 19 23 21
14 23 13 23 13 25 14 25
16 24 18 24 18 23 16 23
24 20 19 20 19 22 24 22
12 19 16 23 17 22 13 18
11 19 11 22 12 22 12 19
13 15 13 16 14 16 14 15
15 13 19 13 19 9 15 9
21 13 22 14 24 12 23 11
22 22 23 23 24 22 23 21
12 16 13 17 14 16 13 15
12 17 13 17 13 16 12 16
13 20 13 22 14 22 14 20
19 23 19 22 18 22 18 23
11 16 12 17 13 16 12 15
15 14 15 16 20 16 20 14
15 22 17 22 17 21 15 21
21 22 23 24 24 23 22 21
17 12 15 14 14 13 16 11
15 23 15 22 14 22 14 23
14 14 15 14 15 13 14 13
22 16 22 17 23 17 23 16
21 21 21 19 17 19 17 21
14 19 14 20 16 20 16 19
12 14 13 15 14 14 13 13
23 15 22 16 21 15 22 14
20 22 21 23 22 22 21 21
21 16 22 16 22 15 21 15
17 15 17 12 16 12 16 15
19 15 20 16 21 15 20 14
18 15 18 18 19 18 19 15
21 18 21 19 23 19 23 18
16 17 19 20 21 18 18 15
16 18 16 17 13 17 13 18
18 20 17 21 16 20 17 19
20 18 21 18 21 16 20 16
17 18 16 18 16 19 17 19
