141
8 16 11 19 14 16 11 13
11 33 17 33 17 32 11 32
8 19 11 19 11 16 8 16
13 34 14 35 17 32 16 31
33 12 32 12 32 16 33 16
33 34 33 33 31 33 31 34
34 33 34 31 33 31 33 33
35 31 35 28 34 28 34 31
34 32 33 33 32 32 33 31
16 11 14 11 14 14 16 14
30 11 29 11 29 17 30 17
12 15 15 18 19 14 16 11
15 12 12 12 12 15 15 15
33 14 31 16 28 13 30 11
33 32 34 33 35 32 34 31
10 20 11 21 12 20 11 19
10 21 11 21 11 20 10 20
10 22 11 23 12 22 11 21
10 24 12 24 12 22 10 22
12 16 12 15 11 15 11 16
30 12 27 15 26 14 29 11
30 34 30 35 31 35 31 34
28 11 26 11 26 13 28 13
28 35 28 34 25 34 25 35
35 18 34 19 32 17 33 16
36 23 34 25 33 24 35 22
11 27 13 27 13 23 11 23
34 29 31 32 28 29 31 26
13 30 17 30 17 27 13 27
30 13 28 15 26 13 28 11
30 33 29 33 29 34 30 34
11 25 13 27 14 26 12 24
12 28 15 28 15 24 12 24
18 34 21 34 21 30 18 30
10 15 11 16 12 15 11 14
32 34 31 35 30 34 31 33
32 33 31 34 30 33 31 32
36 21 32 21 32 23 36 23
16 34 17 35 18 34 17 33
13 31 13 34 16 34 16 31
12 19 11 19 11 20 12 20
10 14 10 15 11 15 11 14
12 30 12 31 13 31 13 30
12 18 12 19 14 19 14 18
30 32 30 33 31 33 31 32
10 32 11 33 13 31 12 30
10 27 10 32 11 32 11 27
33 29 30 32 29 31 32 28
18 13 18 14 19 14 19 13
33 18 31 18 31 24 33 24
33 28 32 28 32 29 33 29
24 34 25 35 27 33 26 32
34 24 31 27 22 18 25 15
9 28 12 31 13 30 10 27
36 30 35 31 33 29 34 28
35 16 33 16 33 18 35 18
23 12 23 13 24 13 24 12
14 17 14 16 12 16 12 17
14 29 16 31 17 30 15 28
17 14 16 14 16 18 17 18
9 30 12 30 12 28 9 28
36 15 35 16 33 14 34 13
36 20 36 15 28 15 28 20
31 30 31 27 27 27 27 30
13 20 13 21 15 21 15 20
33 20 35 22 36 21 34 19
18 32 17 33 12 28 13 27
28 32 28 29 26 29 26 32
32 30 31 30 31 32 32 32
25 13 24 13 24 15 25 15
33 25 33 28 34 28 34 25
24 33 27 33 27 31 24 31
15 17 14 17 14 18 15 18
17 15 18 16 19 15 18 14
23 33 23 34 24 34 24 33
31 17 32 17 32 16 31 16
16 16 15 17 14 16 15 15
14 20 15 21 17 19 16 18
32 20 30 22 28 20 30 18
28 31 25 34 24 33 27 30
21 14 21 15 22 15 22 14
21 11 20 11 20 14 21 14
20 12 22 14 23 13 21 11
20 13 21 14 23 12 22 11
32 25 31 26 30 25 31 24
14 22 13 23 12 22 13 21
24 14 25 15 26 14 25 13
30 28 32 28 32 25 30 25
20 15 20 14 19 14 19 15
20 31 23 34 24 33 21 30
16 29 16 31 20 31 20 29
30 29 30 28 28 28 28 29
31 25 28 28 27 27 30 24
16 19 15 20 14 19 15 18
19 16 17 18 15 16 17 14
27 16 27 15 25 15 25 16
30 19 24 19 24 21 30 21
39 23 34 28 31 25 36 20
15 29 16 29 16 28 15 28
18 15 18 16 19 16 19 15
15 19 16 19 16 18 15 18
29 18 30 19 31 18 30 17
39 30 39 23 36 23 36 30
15 35 15 29 14 29 14 35
16 21 17 21 17 19 16 19
27 29 23 33 22 32 26 28
16 22 15 23 14 22 15 21
18 18 18 19 19 19 19 18
9 26 10 27 16 21 15 20
17 17 18 18 19 17 18 16
15 22 16 22 16 21 15 21
16 23 24 31 26 29 18 21
17 26 20 29 27 22 24 19
13 26 15 28 17 26 15 24
14 23 15 23 15 22 14 22
16 24 16 23 15 23 15 24
29 25 30 25 30 24 29 24
22 17 22 18 29 18 29 17
21 16 22 17 23 16 22 15
21 17 21 16 19 16 19 17
18 26 18 21 17 21 17 26
19 27 18 28 17 27 18 26
21 28 26 28 26 25 21 25
25 18 27 20 29 18 27 16
21 29 21 28 20 28 20 29
22 29 21 29 21 30 22 30
28 22 28 20 27 20 27 22
28 24 29 24 29 22 28 22
20 26 18 26 18 28 20 28
26 20 24 22 19 17 21 15
19 22 16 22 16 23 19 23
24 27 27 27 27 22 24 22
18 24 20 26 21 25 19 23
19 20 19 22 20 22 20 20
20 19 19 20 18 19 19 18
21 27 20 28 19 27 20 26
22 22 18 26 16 24 20 20
24 23 26 25 29 22 27 20
22 26 22 22 20 22 20 26
22 21 22 22 24 22 24 21
25 23 22 26 21 25 24 22
