199
15 14 15 15 17 15 17 14
12 40 14 42 16 40 14 38
9 26 14 31 24 21 19 16
15 43 19 43 19 42 15 42
46 38 44 40 41 37 43 35
15 16 15 15 14 15 14 16
16 15 15 16 14 15 15 14
43 42 43 41 40 41 40 42
11 35 14 38 17 35 14 32
47 34 40 41 37 38 44 31
14 40 16 40 16 38 14 38
40 14 40 16 41 16 41 14
11 25 16 30 19 27 14 22
15 41 14 41 14 42 15 42
43 17 40 17 40 20 43 20
47 33 44 33 44 34 47 34
11 26 11 35 15 35 15 26
19 44 25 44 25 43 19 43
44 19 43 20 40 17 41 16
16 17 16 16 15 16 15 17
16 41 19 41 19 40 16 40
46 25 43 28 40 25 43 22
46 31 44 33 42 31 44 29
13 35 14 36 15 35 14 34
18 42 19 43 20 42 19 41
44 21 43 22 42 21 43 20
46 29 46 25 44 25 44 29
13 24 15 26 18 23 16 21
38 43 40 43 40 42 38 42
22 14 21 14 21 15 22 15
44 22 43 22 43 25 44 25
44 36 44 34 40 34 40 36
16 19 19 19 19 17 16 17
42 19 42 21 44 21 44 19
18 41 19 42 20 41 19 40
35 14 31 14 31 15 35 15
43 37 43 35 41 35 41 37
16 20 16 21 17 21 17 20
38 16 38 15 35 15 35 16
39 41 40 42 44 38 43 37
18 40 19 41 20 40 19 39
40 40 44 40 44 38 40 38
26 44 29 44 29 39 26 39
15 23 15 25 18 25 18 23
35 43 37 43 37 38 35 38
14 28 22 28 22 22 14 22
14 30 14 31 16 31 16 30
44 30 41 33 38 30 41 27
38 17 40 17 40 16 38 16
12 41 14 41 14 40 12 40
9 25 9 26 11 26 11 25
13 18 14 19 16 17 15 16
45 40 43 42 34 33 36 31
12 38 14 40 16 38 14 36
46 20 44 22 41 19 43 17
44 17 44 16 43 16 43 17
41 15 43 17 44 16 42 14
12 36 12 38 14 38 14 36
42 16 41 16 41 19 42 19
46 36 44 36 44 38 46 38
14 39 16 41 18 39 16 37
47 28 46 29 43 26 44 25
18 43 17 44 15 42 16 41
46 24 41 29 39 27 44 22
15 19 16 20 19 17 18 16
39 15 40 16 41 15 40 14
46 30 44 30 44 31 46 31
15 20 16 20 16 19 15 19
20 43 19 44 18 43 19 42
39 40 39 41 40 41 40 40
22 16 19 16 19 17 22 17
22 42 22 41 21 41 21 42
36 16 33 19 32 18 35 15
17 37 19 39 20 38 18 36
43 14 42 14 42 16 43 16
14 17 14 19 15 19 15 17
47 26 43 26 43 28 47 28
23 15 22 16 21 15 22 14
17 38 17 37 16 37 16 38
37 17 40 20 41 19 38 16
41 21 41 19 36 19 36 21
16 35 17 35 17 31 16 31
23 16 23 15 22 15 22 16
18 20 18 23 19 23 19 20
20 18 20 21 22 21 22 18
38 18 38 17 37 17 37 18
17 16 17 20 18 20 18 16
15 37 16 37 16 35 15 35
44 24 43 25 40 22 41 21
14 33 16 35 18 33 16 31
21 16 22 17 23 16 22 15
42 22 42 21 41 21 41 22
30 43 30 42 27 42 27 43
16 24 16 26 23 26 23 24
34 42 35 43 40 38 39 37
42 34 41 35 40 34 41 33
13 21 13 24 16 24 16 21
18 15 17 16 16 15 17 14
19 15 18 15 18 16 19 16
15 21 14 22 13 21 14 20
21 40 20 40 20 41 21 41
37 40 34 43 32 41 35 38
42 33 44 33 44 31 42 31
20 19 22 21 24 19 22 17
20 39 19 39 19 40 20 40
38 19 37 20 36 19 37 18
39 38 40 38 40 37 39 37
35 17 35 16 30 16 30 17
41 23 41 22 40 22 40 23
36 17 35 17 35 19 36 19
32 42 32 41 30 41 30 42
32 43 34 43 34 42 32 42
42 29 41 29 41 31 42 31
19 37 19 35 17 35 17 37
23 40 22 40 22 41 23 41
35 40 32 43 30 41 33 38
26 43 25 44 22 41 23 40
26 41 27 42 28 41 27 40
41 26 39 26 39 27 41 27
39 22 34 22 34 26 39 26
39 36 39 32 36 32 36 36
27 41 28 41 28 40 27 40
18 34 18 33 14 33 14 34
24 18 24 19 27 19 27 18
24 40 27 40 27 36 24 36
20 37 23 40 25 38 22 35
19 38 20 38 20 37 19 37
39 20 39 22 40 22 40 20
24 17 22 17 22 18 24 18
25 41 24 42 23 41 24 40
41 25 41 26 43 26 43 25
38 37 34 37 34 42 38 42
23 19 27 23 28 22 24 18
39 23 34 28 30 24 35 19
20 22 19 23 17 21 18 20
18 38 18 39 19 39 19 38
27 15 24 15 24 17 27 17
25 17 27 19 29 17 27 15
21 37 21 40 22 40 22 37
18 27 18 30 19 30 19 27
18 31 22 35 23 34 19 30
31 18 30 19 29 18 30 17
31 40 31 39 30 39 30 40
34 19 33 19 33 22 34 22
17 30 17 31 18 31 18 30
23 39 22 40 20 38 21 37
28 18 28 19 29 19 29 18
30 18 30 17 29 17 29 18
20 35 20 37 21 37 21 35
23 38 20 38 20 39 23 39
35 20 31 20 31 21 35 21
39 25 36 28 34 26 37 23
36 37 35 38 34 37 35 36
31 17 30 18 29 17 30 16
19 32 19 35 20 35 20 32
32 19 33 19 33 18 32 18
24 20 24 21 28 21 28 20
27 39 28 40 29 39 28 38
31 19 31 18 30 18 30 19
19 28 25 34 29 30 23 24
23 20 24 20 24 19 23 19
23 21 22 22 19 19 20 18
39 29 38 29 38 30 39 30
22 36 24 36 24 35 22 35
32 20 34 22 35 21 33 19
32 38 32 41 33 41 33 38
34 21 33 22 31 20 32 19
34 40 33 41 31 39 32 38
20 36 21 37 22 36 21 35
23 22 23 21 22 21 22 22
27 20 23 24 20 21 24 17
35 22 39 26 40 25 36 21
30 20 31 21 32 20 31 19
30 38 32 38 32 34 30 34
29 20 29 21 30 21 30 20
29 38 29 39 30 39 30 38
21 33 19 35 18 34 20 32
37 33 41 33 41 31 37 31
24 22 25 23 28 20 27 19
34 36 35 36 35 33 34 33
36 24 35 24 35 28 36 28
36 34 39 37 40 36 37 33
32 37 30 39 29 38 31 36
35 23 31 27 30 26 34 22
21 31 18 31 18 33 21 33
22 33 21 33 21 35 22 35
38 32 37 33 36 32 37 31
33 37 38 42 39 41 34 36
25 22 25 23 27 23 27 22
25 36 23 38 22 37 24 35
28 37 26 39 25 38 27 36
33 36 33 37 34 37 34 36
37 30 36 30 36 31 37 31
29 37 28 37 28 38 29 38
24 23 24 27 25 27 25 23
22 26 23 27 26 24 25 23
22 32 25 35 26 34 23 31
22 27 23 28 24 27 23 26
22 31 23 31 23 28 22 28
