188
7 29 13 35 21 27 15 21
44 18 41 21 38 18 41 15
42 15 40 17 38 15 40 13
40 41 40 40 34 40 34 41
45 33 40 38 31 29 36 24
11 37 13 39 15 37 13 35
45 31 30 31 30 33 45 33
14 40 15 40 15 39 14 39
11 36 11 37 15 37 15 36
9 28 21 40 27 34 15 22
13 16 14 17 16 15 15 14
41 16 41 15 38 15 38 16
40 39 40 38 38 38 38 39
10 31 13 34 16 31 13 28
14 16 13 16 13 17 14 17
14 38 13 38 13 39 14 39
38 14 36 14 36 15 38 15
39 39 40 40 41 39 40 38
41 36 38 39 37 38 40 35
12 20 16 24 20 20 16 16
15 38 15 39 18 39 18 38
16 39 15 40 14 39 15 38
43 29 38 34 36 32 41 27
14 18 14 21 15 21 15 18
40 18 38 18 38 22 40 22
40 36 38 38 36 36 38 34
42 24 41 25 39 23 40 22
14 35 15 36 18 33 17 32
35 14 33 14 33 16 35 16
33 13 29 13 29 14 33 14
42 25 42 24 41 24 41 25
42 26 41 27 40 26 41 25
18 15 20 15 20 13 18 13
16 17 20 21 22 19 18 15
14 34 13 34 13 35 14 35
20 14 21 15 22 14 21 13
34 14 30 18 29 17 33 13
41 23 39 23 39 24 41 24
15 35 17 37 20 34 18 32
39 35 40 35 40 26 39 26
21 14 21 15 22 15 22 14
33 40 30 40 30 41 33 41
18 16 18 15 16 15 16 16
13 26 13 28 18 28 18 26
26 13 22 13 22 14 26 14
13 27 15 29 18 26 16 24
7 22 7 29 15 29 15 22
46 33 40 39 33 32 39 26
44 17 40 17 40 18 44 18
9 34 13 34 13 28 9 28
41 40 41 39 40 39 40 40
38 13 38 14 40 14 40 13
41 38 41 36 40 36 40 38
39 40 40 41 41 40 40 39
14 37 15 38 16 37 15 36
19 14 20 15 21 14 20 13
12 27 13 28 14 27 13 26
20 39 20 40 21 40 21 39
34 15 35 16 36 15 35 14
14 31 16 31 16 27 14 27
19 38 22 38 22 31 19 31
23 14 22 15 21 14 22 13
45 18 39 24 38 23 44 17
17 14 18 15 19 14 18 13
17 18 17 14 15 14 15 18
18 17 22 21 24 19 20 15
18 37 21 37 21 35 18 35
36 17 36 15 34 15 34 17
37 18 38 18 38 16 37 16
15 33 15 35 18 35 18 33
40 25 39 26 38 25 39 24
42 23 41 24 36 19 37 18
38 17 37 18 36 17 37 16
41 26 41 25 40 25 40 26
16 20 16 21 20 21 20 20
20 38 21 39 22 38 21 37
28 14 28 17 29 17 29 14
34 16 36 18 38 16 36 14
34 38 33 38 33 40 34 40
27 40 30 40 30 39 27 39
32 15 30 15 30 18 32 18
17 19 22 19 22 18 17 18
42 21 41 21 41 23 42 23
42 27 42 26 41 26 41 27
36 38 36 36 34 36 34 38
37 19 37 18 36 18 36 19
21 16 21 15 20 15 20 16
15 30 20 30 20 29 15 29
43 26 42 27 41 26 42 25
20 17 20 16 18 16 18 17
37 34 37 38 38 38 38 34
39 25 39 24 38 24 38 25
16 22 16 21 15 21 15 22
16 32 16 37 17 37 17 32
43 25 42 25 42 26 43 26
26 39 27 39 27 34 26 34
23 16 29 22 32 19 26 13
33 17 32 18 28 14 29 13
33 37 34 38 35 37 34 36
30 38 33 41 34 40 31 37
34 18 32 18 32 19 34 19
36 20 35 20 35 22 36 22
35 19 36 20 37 19 36 18
35 35 35 32 33 32 33 35
39 37 39 35 35 35 35 37
31 38 33 38 33 37 31 37
37 22 36 22 36 24 37 24
26 16 23 16 23 25 26 25
28 38 27 39 23 35 24 34
27 16 28 17 30 15 29 14
27 38 30 41 33 38 30 35
44 29 33 40 31 38 42 27
44 26 43 26 43 29 44 29
27 14 26 14 26 16 27 16
31 39 31 38 30 38 30 39
27 15 26 16 25 15 26 14
23 17 22 18 20 16 21 15
37 23 38 24 39 23 38 22
24 17 24 19 28 19 28 17
37 30 35 32 30 27 32 25
22 36 21 37 20 36 21 35
45 26 45 18 44 18 44 26
17 29 19 31 20 30 18 28
37 25 32 25 32 26 37 26
17 26 20 29 22 27 19 24
34 20 35 20 35 19 34 19
18 23 19 24 21 22 20 21
36 23 37 24 38 23 37 22
24 36 28 36 28 35 24 35
30 36 28 36 28 38 30 38
19 22 16 22 16 24 19 24
18 25 18 26 22 26 22 25
14 23 14 25 18 25 18 23
33 36 33 35 30 35 30 36
33 19 34 20 35 19 34 18
35 21 32 24 31 23 34 20
21 34 21 35 23 35 23 34
25 18 25 15 22 15 22 18
36 25 37 26 38 25 37 24
27 36 30 39 31 38 28 35
36 27 35 27 35 32 36 32
31 19 32 20 33 19 32 18
35 23 36 24 37 23 36 22
37 21 36 22 35 21 36 20
20 33 20 34 21 34 21 33
20 22 22 24 24 22 22 20
20 32 18 32 18 33 20 33
22 34 21 35 20 34 21 33
32 34 30 36 23 29 25 27
21 21 21 22 22 22 22 21
41 19 37 19 37 21 41 21
18 31 20 33 22 31 20 29
19 28 18 28 18 31 19 31
20 31 23 34 27 30 24 27
31 20 32 20 32 19 31 19
31 34 30 35 29 34 30 33
17 31 17 32 18 32 18 31
29 37 31 37 31 34 29 34
34 30 34 34 37 34 37 30
31 21 34 24 35 23 32 20
20 28 20 24 19 24 19 28
24 18 29 23 31 21 26 16
35 29 34 30 31 27 32 26
32 32 34 34 36 32 34 30
21 24 21 22 20 22 20 24
24 21 24 20 22 20 22 21
30 21 30 18 25 18 25 21
31 22 31 23 35 23 35 22
31 32 31 34 32 34 32 32
21 25 22 26 23 25 22 24
34 25 32 27 29 24 31 22
27 33 27 34 29 34 29 33
33 27 32 27 32 32 33 32
24 32 23 32 23 34 24 34
30 22 31 22 31 21 30 21
22 29 22 31 23 31 23 29
25 22 25 21 24 21 24 22
25 32 25 29 24 29 24 32
29 32 30 33 31 32 30 31
21 30 21 33 27 33 27 30
21 29 22 29 22 27 21 27
26 22 27 23 31 19 30 18
26 32 25 32 25 34 26 34
28 22 28 23 29 23 29 22
31 24 31 23 29 23 29 24
31 30 31 29 30 29 30 30
29 31 30 31 30 30 29 30
31 25 32 25 32 24 31 24
