22
9 7 9 13 10 13 10 7
22 8 22 11 23 11 23 8
22 21 22 17 19 17 19 21
11 23 11 17 8 17 8 23
7 12 15 12 15 10 7 10
23 12 21 14 20 13 22 11
7 16 8 17 11 14 10 13
3 16 9 22 13 18 7 12
21 7 21 8 22 8 22 7
3 12 3 16 7 16 7 12
21 12 20 12 20 13 21 13
21 15 21 14 11 14 11 15
22 16 20 18 19 17 21 15
13 10 10 13 7 10 10 7
18 13 14 17 11 14 15 10
18 17 19 17 19 13 18 13
27 12 22 17 18 13 23 8
25 18 22 21 18 17 21 14
18 18 18 17 14 17 14 18
27 11 23 11 23 12 27 12
8 8 18 18 19 17 9 7
20 19 20 18 18 18 18 19
