113
35 19 29 25 22 18 28 12
5 24 9 28 13 24 9 20
9 9 9 11 11 11 11 9
6 15 10 19 13 16 9 12
7 13 9 15 11 13 9 11
6 19 9 19 9 15 6 15
10 28 10 26 9 26 9 28
12 9 12 11 14 11 14 9
7 17 11 17 11 13 7 13
31 17 29 19 24 14 26 12
11 10 12 11 13 10 12 9
27 10 28 10 28 9 27 9
28 11 26 11 26 12 28 12
28 27 28 22 27 22 27 27
31 18 31 17 29 17 29 18
9 13 12 16 14 14 11 11
8 18 9 19 11 17 10 16
12 27 12 28 18 28 18 27
26 27 25 28 24 27 25 26
10 14 9 14 9 15 10 15
24 10 21 10 21 12 24 12
28 14 27 14 27 15 28 15
29 21 28 22 26 20 27 19
19 9 19 12 20 12 20 9
35 21 35 19 29 19 29 21
5 25 10 25 10 24 5 24
5 18 6 19 10 15 9 14
6 24 10 28 13 25 9 21
29 10 28 11 27 10 28 9
29 11 29 10 28 10 28 11
30 25 28 27 25 24 27 22
27 11 28 12 29 11 28 10
12 12 12 16 13 16 13 12
26 26 26 24 25 24 25 26
10 23 10 24 13 24 13 23
11 12 12 12 12 11 11 11
24 28 25 29 27 27 26 26
25 27 24 27 24 28 25 28
10 21 9 21 9 23 10 23
13 26 13 25 10 25 10 26
17 10 16 10 16 11 17 11
21 28 20 29 18 27 19 26
10 20 10 21 13 21 13 20
8 20 9 21 10 20 9 19
23 11 24 12 25 11 24 10
5 20 8 20 8 18 5 18
25 9 23 9 23 11 25 11
8 21 9 21 9 20 8 20
26 14 26 12 24 12 24 14
4 21 9 26 10 25 5 20
11 18 14 18 14 17 11 17
18 11 19 12 21 10 20 9
27 18 27 19 29 19 29 18
10 18 10 19 11 19 11 18
28 19 24 23 23 22 27 18
14 13 14 14 15 14 15 13
8 16 8 18 10 18 10 16
15 12 14 13 13 12 14 11
16 12 16 11 15 11 15 12
26 16 26 15 20 15 20 16
21 26 22 27 25 24 24 23
26 17 29 17 29 16 26 16
26 21 26 20 22 20 22 21
29 24 29 21 26 21 26 24
19 28 21 28 21 26 19 26
14 12 15 13 16 12 15 11
15 25 12 28 10 26 13 23
14 24 14 25 15 25 15 24
18 12 18 14 19 14 19 12
20 26 18 28 15 25 17 23
30 24 29 24 29 25 30 25
16 29 16 25 15 25 15 29
14 27 16 29 18 27 16 25
20 10 18 12 17 11 19 9
22 25 18 25 18 27 22 27
14 23 15 24 16 23 15 22
13 22 13 23 14 23 14 22
13 19 17 23 18 22 14 18
22 14 20 16 18 14 20 12
17 14 17 12 16 12 16 14
23 14 23 11 22 11 22 14
18 24 18 22 15 22 15 24
20 14 21 14 21 12 20 12
15 16 16 16 16 14 15 14
24 13 23 14 21 12 22 11
14 16 14 17 15 17 15 16
22 23 19 26 18 25 21 22
21 23 20 24 18 22 19 21
23 17 24 17 24 14 23 14
13 17 14 18 15 17 14 16
23 23 22 23 22 25 23 25
22 22 22 21 21 21 21 22
15 18 14 18 14 22 15 22
19 15 20 15 20 14 19 14
12 19 13 20 15 18 14 17
24 22 23 22 23 23 24 23
24 19 24 22 27 22 27 19
23 21 22 22 21 21 22 20
16 17 15 17 15 18 16 18
16 21 19 21 19 18 16 18
17 16 16 16 16 17 17 17
21 16 24 19 26 17 23 14
18 16 18 14 17 14 17 16
20 22 20 16 18 16 18 22
11 22 12 22 12 19 11 19
20 23 21 23 21 22 20 22
22 19 13 19 13 20 22 20
18 17 19 18 21 16 20 15
24 18 22 18 22 19 24 19
17 19 14 22 13 21 16 18
18 20 19 21 22 18 21 17
18 19 21 22 22 21 19 18
26 18 26 17 24 17 24 18
