50
25 11 22 14 21 13 24 10
8 10 8 15 9 15 9 10
22 24 24 24 24 23 22 23
23 23 22 24 19 21 20 20
25 20 24 21 23 20 24 19
21 8 21 11 22 11 22 8
25 14 23 14 23 20 25 20
7 17 9 19 11 17 9 15
11 9 11 11 12 11 12 9
23 11 22 11 22 14 23 14
10 10 10 13 14 13 14 10
8 14 9 15 12 12 11 11
29 18 24 23 20 19 25 14
7 19 8 19 8 17 7 17
9 20 13 20 13 19 9 19
15 8 14 8 14 10 15 10
17 8 17 10 18 10 18 8
20 23 22 23 22 20 20 20
20 24 20 23 17 23 17 24
24 16 20 16 20 19 24 19
11 22 12 22 12 21 11 21
21 10 19 12 17 10 19 8
13 9 13 12 19 12 19 9
13 8 12 8 12 9 13 9
12 10 11 11 10 10 11 9
15 9 14 10 13 9 14 8
17 9 18 10 19 9 18 8
20 11 20 13 21 13 21 11
20 21 17 24 15 22 18 19
11 19 13 21 17 17 15 15
11 14 12 15 14 13 13 12
14 21 13 22 12 21 13 20
11 15 11 17 12 17 12 15
9 14 10 15 11 14 10 13
10 14 10 15 11 15 11 14
14 22 14 21 13 21 13 22
11 16 12 17 13 16 12 15
21 16 19 18 14 13 16 11
26 17 24 19 21 16 23 14
18 20 20 20 20 19 18 19
16 22 17 23 19 21 18 20
20 15 19 15 19 16 20 16
15 24 16 24 16 22 15 22
13 15 13 12 12 12 12 15
16 19 20 23 23 20 19 16
14 14 15 15 16 14 15 13
14 18 14 21 19 21 19 18
18 14 16 14 16 19 18 19
15 14 15 13 14 13 14 14
14 16 13 16 13 18 14 18
