36
45 25 34 36 26 28 37 17
11 14 14 17 15 16 12 13
14 38 15 38 15 34 14 34
12 35 12 36 21 36 21 35
11 31 14 34 17 31 14 28
36 15 31 15 31 21 36 21
18 38 19 38 19 31 18 31
11 21 11 31 17 31 17 21
16 36 14 38 12 36 14 34
12 28 12 34 14 34 14 28
28 12 28 17 32 17 32 12
15 17 15 20 20 20 20 17
13 29 18 29 18 22 13 22
37 29 30 29 30 30 37 30
14 16 14 17 15 17 15 16
16 16 15 17 14 16 15 15
18 35 15 38 12 35 15 32
16 15 15 15 15 16 16 16
33 17 27 23 25 21 31 15
27 35 27 23 21 23 21 35
35 27 35 16 29 16 29 27
18 32 21 35 22 34 19 31
29 34 29 32 22 32 22 34
18 19 18 22 24 22 24 19
19 18 18 19 15 16 16 15
34 23 21 36 15 30 28 17
12 18 19 18 19 13 12 13
38 26 38 23 34 23 34 26
22 33 25 36 29 32 26 29
17 27 22 32 26 28 21 23
23 17 20 20 16 16 19 13
28 18 25 18 25 21 28 21
31 24 28 27 25 24 28 21
31 36 31 24 25 24 25 36
30 28 26 28 26 29 30 29
43 29 37 35 30 28 36 22
