68
15 44 16 44 16 41 15 41
49 30 41 38 34 31 42 23
48 35 40 43 35 38 43 30
11 36 16 41 22 35 17 30
18 14 18 19 20 19 20 14
17 43 16 44 14 42 15 41
41 43 41 44 42 44 42 43
42 16 35 16 35 23 42 23
11 30 11 36 17 36 17 30
44 19 39 19 39 24 44 24
12 26 18 32 20 30 14 24
40 41 40 43 41 43 41 41
35 14 33 14 33 16 35 16
22 43 27 43 27 35 22 35
14 25 14 32 18 32 18 25
31 14 28 14 28 17 31 17
17 20 19 22 20 21 18 19
49 24 44 29 39 24 44 19
49 26 49 24 44 24 44 26
44 18 41 21 39 19 42 16
34 15 33 16 32 15 33 14
39 18 30 18 30 19 39 19
25 15 23 15 23 22 25 22
17 37 26 37 26 36 17 36
44 14 39 14 39 18 44 18
17 42 17 37 14 37 14 42
36 15 35 16 34 15 35 14
15 35 17 37 20 34 18 32
27 15 30 18 31 17 28 14
14 43 15 44 17 42 16 41
16 34 16 41 20 41 20 34
17 22 20 25 23 22 20 19
22 17 22 19 28 19 28 17
37 40 37 25 32 25 32 40
19 20 17 20 17 22 19 22
41 35 41 34 40 34 40 35
48 38 48 35 41 35 41 38
19 16 19 20 24 20 24 16
32 16 32 15 27 15 27 16
42 26 41 27 31 17 32 16
22 18 24 20 26 18 24 16
42 28 36 34 35 33 41 27
16 29 17 30 21 26 20 25
49 37 48 38 36 26 37 25
43 37 49 37 49 30 43 30
44 28 44 26 42 26 42 28
34 17 31 17 31 24 34 24
41 33 41 27 35 27 35 33
17 26 17 30 20 30 20 26
12 22 12 26 17 26 17 22
46 26 44 28 42 26 44 24
19 19 14 24 12 22 17 17
42 34 41 35 40 34 41 33
36 17 36 15 34 15 34 17
42 33 41 33 41 34 42 34
39 22 34 27 32 25 37 20
18 26 27 35 33 29 24 20
36 20 24 20 24 26 36 26
40 32 40 29 33 29 33 32
45 29 41 33 40 32 44 28
37 17 36 17 36 20 37 20
23 38 35 38 35 33 23 33
19 25 20 25 20 22 19 22
22 21 22 19 20 19 20 21
45 28 44 28 44 29 45 29
29 19 34 24 35 23 30 18
37 35 32 40 31 39 36 34
25 20 27 22 30 19 28 17
