65
9 10 9 17 11 17 11 10
10 27 10 26 9 26 9 27
29 22 27 24 25 22 27 20
9 25 10 26 14 22 13 21
12 27 13 27 13 26 12 26
11 26 10 27 9 26 10 25
26 25 26 22 25 22 25 25
9 23 9 25 10 25 10 23
27 23 25 25 24 24 26 22
11 25 10 25 10 26 11 26
9 22 10 23 11 22 10 21
9 21 9 22 10 22 10 21
13 10 12 11 11 10 12 9
8 11 15 18 16 17 9 10
8 22 9 23 10 22 9 21
13 9 12 9 12 10 13 10
8 20 9 21 12 18 11 17
8 18 12 18 12 11 8 11
16 27 18 27 18 26 16 26
8 23 9 23 9 22 8 22
27 17 27 16 18 16 18 17
14 26 13 27 12 26 13 25
11 23 11 22 10 22 10 23
23 25 23 26 25 26 25 25
11 24 17 24 17 23 11 23
21 10 22 10 22 9 21 9
9 24 10 25 11 24 10 23
25 12 24 13 21 10 22 9
20 26 20 25 19 25 19 26
26 20 20 26 19 25 25 19
14 11 14 13 15 13 15 11
14 25 13 25 13 26 14 26
27 22 27 20 26 20 26 22
29 23 29 22 27 22 27 23
24 23 24 24 27 24 27 23
25 24 23 26 22 25 24 23
16 25 18 27 19 26 17 24
12 22 14 22 14 18 12 18
13 13 15 15 17 13 15 11
23 13 23 18 24 18 24 13
15 12 14 13 13 12 14 11
23 22 25 22 25 19 23 19
19 24 17 24 17 25 19 25
24 17 23 18 16 11 17 10
18 12 18 15 25 15 25 12
22 23 20 25 19 24 21 22
20 24 20 19 19 19 19 24
23 15 19 19 18 18 22 14
22 24 20 24 20 25 22 25
13 20 13 17 11 17 11 20
16 13 16 17 17 17 17 13
16 23 14 25 11 22 13 20
14 15 14 18 15 18 15 15
13 15 14 15 14 13 13 13
20 22 17 25 14 22 17 19
10 12 13 15 15 13 12 10
10 13 13 13 13 12 10 12
22 19 22 14 20 14 20 19
21 20 17 24 16 23 20 19
19 15 23 19 24 18 20 14
24 21 23 22 21 20 22 19
22 21 22 23 24 23 24 21
21 21 21 20 13 20 13 21
16 16 14 18 13 17 15 15
16 18 16 19 17 19 17 18
