43
30 21 26 25 18 17 22 13
27 10 27 9 23 9 23 10
9 11 12 14 14 12 11 9
29 15 26 18 20 12 23 9
26 26 26 25 24 25 24 26
29 16 26 19 20 13 23 10
7 19 13 25 15 23 9 17
9 12 9 15 14 15 14 12
27 23 27 19 26 19 26 23
8 16 9 17 10 16 9 15
8 19 10 19 10 16 8 16
10 24 10 26 15 26 15 24
11 25 11 17 9 17 9 25
35 17 26 26 18 18 27 9
29 22 29 16 21 16 21 22
8 13 13 18 14 17 9 12
9 18 10 19 14 15 13 14
22 26 22 13 20 13 20 26
10 21 12 23 15 20 13 18
10 23 12 23 12 21 10 21
8 21 10 23 12 21 10 19
7 21 8 21 8 19 7 19
21 11 10 11 10 16 21 16
6 22 9 25 10 24 7 21
16 25 15 26 14 25 15 24
24 22 20 26 11 17 15 13
13 23 15 23 15 20 13 20
12 25 13 25 13 23 12 23
21 24 21 23 15 23 15 24
24 21 21 24 15 18 18 15
8 25 10 27 12 25 10 23
28 21 26 23 24 21 26 19
14 13 13 14 10 11 11 10
20 24 22 26 23 25 21 23
12 18 13 18 13 14 12 14
23 15 18 15 18 17 23 17
23 21 16 21 16 25 23 25
24 17 23 17 23 21 24 21
16 23 15 24 12 21 13 20
17 13 15 13 15 18 17 18
17 12 17 13 18 13 18 12
18 19 26 19 26 18 18 18
24 19 21 22 18 19 21 16
