29
2 12 7 17 12 12 7 7
2 13 7 13 7 12 2 12
23 21 23 19 21 19 21 21
24 12 23 13 21 11 22 10
23 10 22 10 22 13 23 13
24 16 21 19 19 17 22 14
24 15 23 16 22 15 23 14
17 7 13 7 13 18 17 18
23 15 23 16 24 16 24 15
9 10 9 7 7 7 7 10
21 20 19 22 14 17 16 15
22 18 22 17 21 17 21 18
16 8 12 8 12 12 16 12
10 19 10 22 19 22 19 19
8 17 10 19 11 18 9 16
13 21 13 18 11 18 11 21
8 13 7 13 7 17 8 17
15 9 15 23 18 23 18 9
19 11 19 17 21 17 21 11
10 20 11 21 20 12 19 11
20 10 19 11 16 8 17 7
20 13 20 14 22 14 22 13
10 16 9 16 9 19 10 19
8 20 9 21 10 20 9 19
19 18 19 19 21 19 21 18
15 11 10 16 7 13 12 8
13 14 17 18 22 13 18 9
16 13 20 13 20 12 16 12
14 14 19 19 21 17 16 12
