93
37 16 26 27 22 23 33 12
12 34 13 34 13 32 12 32
37 29 34 32 28 26 31 23
35 14 32 14 32 19 35 19
35 32 34 32 34 33 35 33
13 12 13 14 14 14 14 12
37 27 34 27 34 29 37 29
31 11 31 13 35 13 35 11
16 11 14 11 14 12 16 12
30 35 30 31 21 31 21 35
12 31 14 31 14 30 12 30
11 17 16 17 16 16 11 16
10 23 16 29 22 23 16 17
13 31 12 32 11 31 12 30
11 19 11 30 12 30 12 19
17 12 18 13 19 12 18 11
33 16 30 16 30 17 33 17
15 14 14 14 14 15 15 15
37 12 33 12 33 16 37 16
40 24 37 27 32 22 35 19
12 12 13 12 13 11 12 11
11 32 12 32 12 31 11 31
10 18 11 19 12 18 11 17
36 19 23 32 20 29 33 16
14 13 15 14 17 12 16 11
10 20 14 24 15 23 11 19
10 22 10 23 15 23 15 22
33 29 33 32 34 32 34 29
10 12 10 18 12 18 12 12
9 15 11 17 14 14 12 12
36 32 36 19 35 19 35 32
10 31 11 32 12 31 11 30
12 13 13 14 14 13 13 12
10 30 10 31 11 31 11 30
9 24 14 24 14 15 9 15
16 32 17 33 20 30 19 29
32 30 32 28 26 28 26 30
15 31 14 32 13 31 14 30
2 20 12 30 20 22 10 12
2 22 10 22 10 20 2 20
15 32 15 31 14 31 14 32
33 28 33 26 32 26 32 28
35 28 34 29 33 28 34 27
17 14 17 12 16 12 16 14
20 13 20 11 18 11 18 13
20 33 26 33 26 30 20 30
13 21 13 25 21 25 21 21
20 35 20 33 17 33 17 35
21 12 20 13 19 12 20 11
25 13 20 13 20 15 25 15
13 22 17 26 24 19 20 15
16 30 21 35 26 30 21 25
14 29 14 30 16 30 16 29
22 33 20 35 14 29 16 27
17 16 20 19 23 16 20 13
17 30 15 32 14 31 16 29
25 32 26 33 33 26 32 25
31 32 25 32 25 34 31 34
17 32 17 30 16 30 16 32
16 15 16 16 17 16 17 15
23 14 23 16 30 16 30 14
32 23 31 23 31 25 32 25
15 16 16 17 17 16 16 15
31 19 27 19 27 20 31 20
16 28 26 28 26 27 16 27
28 16 31 19 33 17 30 14
15 20 15 22 20 22 20 20
11 18 12 19 15 16 14 15
11 27 14 30 16 28 13 25
19 30 20 30 20 29 19 29
28 17 28 26 30 26 30 17
29 18 31 20 32 19 30 17
30 21 22 29 15 22 23 14
22 30 21 31 20 30 21 29
27 18 24 18 24 19 27 19
17 21 20 24 28 16 25 13
24 29 28 33 30 31 26 27
29 24 29 23 22 23 22 24
23 17 23 32 25 32 25 17
29 12 27 12 27 18 29 18
17 17 23 17 23 16 17 16
20 18 12 18 12 19 20 19
18 21 31 34 33 32 20 19
18 16 17 17 16 16 17 15
28 24 30 26 31 25 29 23
21 20 21 19 20 19 20 20
22 20 21 21 20 20 21 19
26 20 24 22 22 20 24 18
22 21 22 20 21 20 21 21
22 25 21 25 21 29 22 29
23 23 22 24 20 22 21 21
30 22 29 23 26 20 27 19
27 27 27 20 26 20 26 27
