81
9 11 10 12 11 11 10 10
30 10 27 10 27 11 30 11
7 16 19 28 22 25 10 13
11 30 11 26 10 26 10 30
30 29 29 30 25 26 26 25
33 18 26 25 22 21 29 14
12 10 10 10 10 12 12 12
30 13 29 14 26 11 27 10
32 21 30 23 21 14 23 12
26 30 26 25 23 25 23 30
9 23 10 24 14 20 13 19
27 29 26 30 22 26 23 25
9 22 11 22 11 11 9 11
27 12 23 12 23 14 27 14
10 17 16 17 16 13 10 13
10 23 14 27 15 26 11 22
23 10 22 10 22 11 23 11
32 26 32 21 25 21 25 26
9 16 10 17 15 12 14 11
9 24 10 24 10 23 9 23
29 15 25 19 24 18 28 14
10 19 10 23 13 23 13 19
8 23 9 24 10 23 9 22
8 22 8 23 9 23 9 22
5 19 8 22 15 15 12 12
27 13 24 16 22 14 25 11
27 27 27 22 14 22 14 27
24 11 24 16 25 16 25 11
29 24 30 24 30 23 29 23
17 11 17 13 18 13 18 11
5 17 5 19 10 19 10 17
31 11 28 14 27 13 30 10
31 13 31 11 30 11 30 13
30 27 27 27 27 29 30 29
14 10 14 11 17 11 17 10
28 15 29 15 29 14 28 14
19 29 19 28 17 28 17 29
21 11 22 12 23 11 22 10
28 24 28 30 29 30 29 24
17 12 18 13 19 12 18 11
18 12 17 13 16 12 17 11
22 28 25 28 25 26 22 26
21 12 21 14 22 14 22 12
27 16 25 16 25 19 27 19
20 12 21 12 21 11 20 11
20 28 19 29 13 23 14 22
14 15 16 17 18 15 16 13
15 14 15 12 12 12 12 14
26 15 26 13 18 13 18 15
13 15 14 15 14 11 13 11
26 24 28 24 28 15 26 15
15 25 15 26 19 26 19 25
17 14 15 14 15 15 17 15
23 26 25 28 29 24 27 22
26 22 23 25 22 24 25 21
20 14 20 12 19 12 19 14
20 26 19 26 19 28 20 28
16 28 17 29 20 26 19 25
15 21 19 25 21 23 17 19
19 15 23 19 24 18 20 14
15 24 22 24 22 21 15 21
15 20 15 15 14 15 14 20
20 25 20 26 22 26 22 25
23 24 22 24 22 25 23 25
10 25 15 25 15 24 10 24
24 29 23 30 19 26 20 25
16 19 16 28 17 28 17 19
16 21 11 26 10 25 15 20
21 17 21 23 29 23 29 17
23 21 25 21 25 19 23 19
20 17 21 17 21 14 20 14
18 19 18 15 17 15 17 19
19 18 19 17 16 17 16 18
28 22 26 24 23 21 25 19
21 16 20 17 18 15 19 14
22 23 20 25 16 21 18 19
22 19 23 19 23 14 22 14
20 18 19 18 19 25 20 25
33 24 30 27 22 19 25 16
31 21 29 23 28 22 30 20
33 27 33 24 30 24 30 27
