121
13 38 14 39 17 36 16 35
38 13 38 15 39 15 39 13
39 14 38 15 37 14 38 13
37 13 34 13 34 14 37 14
11 18 15 22 17 20 13 16
13 36 17 36 17 33 13 33
16 13 16 14 25 14 25 13
37 38 29 38 29 39 37 39
38 37 37 38 35 36 36 35
41 32 39 34 33 28 35 26
11 31 13 33 18 28 16 26
39 35 39 34 38 34 38 35
14 16 16 16 16 14 14 14
41 29 38 32 35 29 38 26
18 39 27 39 27 35 18 35
11 27 18 27 18 18 11 18
11 26 21 36 25 32 15 22
36 37 37 37 37 35 36 35
14 34 14 38 24 38 24 34
38 18 38 15 36 15 36 18
17 15 15 15 15 17 17 17
36 36 37 37 38 36 37 35
13 31 14 31 14 16 13 16
30 13 30 21 32 21 32 13
37 34 36 35 34 33 35 32
13 39 14 39 14 38 13 38
13 15 14 16 15 15 14 14
38 38 38 37 37 37 37 38
11 32 13 32 13 31 11 31
40 34 39 35 38 34 39 33
40 33 39 33 39 34 40 34
36 38 37 39 38 38 37 37
39 19 37 21 36 20 38 18
13 23 16 26 19 23 16 20
39 28 34 28 34 33 39 33
15 19 16 20 18 18 17 17
33 15 26 15 26 18 33 18
45 22 39 28 32 21 38 15
37 17 36 18 33 15 34 14
18 16 17 17 16 16 17 15
36 34 31 34 31 35 36 35
40 16 38 18 37 17 39 15
37 32 37 34 38 34 38 32
38 29 38 32 41 32 41 29
28 38 28 36 26 36 26 38
31 37 31 35 30 35 30 37
14 27 16 29 18 27 16 25
17 34 16 35 13 32 14 31
34 17 34 21 37 21 37 17
38 25 35 25 35 26 38 26
26 14 25 14 25 15 26 15
30 15 33 18 34 17 31 14
16 32 17 33 19 31 18 30
24 14 25 15 26 14 25 13
23 15 23 22 25 22 25 15
35 33 31 37 29 35 33 31
37 29 35 29 35 32 37 32
20 17 17 17 17 20 20 20
16 23 17 23 17 20 16 20
23 16 24 17 26 15 25 14
31 17 34 17 34 14 31 14
18 32 16 32 16 35 18 35
38 24 34 28 27 21 31 17
35 22 33 24 32 23 34 21
19 32 20 32 20 31 19 31
20 33 18 35 17 34 19 32
28 35 28 32 27 32 27 35
33 20 36 20 36 18 33 18
33 34 30 37 28 35 31 32
29 36 29 35 28 35 28 36
30 34 31 34 31 32 30 32
29 34 29 35 30 35 30 34
24 18 24 19 26 19 26 18
34 24 33 24 33 28 34 28
25 34 25 32 24 32 24 34
27 18 30 21 31 20 28 17
33 22 34 22 34 21 33 21
38 22 35 25 34 24 37 21
35 24 38 24 38 22 35 22
22 18 24 18 24 17 22 17
21 20 23 22 26 19 24 17
32 31 32 30 29 30 29 31
23 33 23 36 26 36 26 33
33 23 32 23 32 24 33 24
33 29 33 28 32 28 32 29
19 28 18 28 18 30 19 30
45 18 38 18 38 22 45 22
21 35 22 36 24 34 23 33
32 33 33 33 33 31 32 31
35 28 32 31 27 26 30 23
34 30 33 31 32 30 33 29
22 33 23 33 23 28 22 28
32 22 31 22 31 23 32 23
19 27 23 27 23 23 19 23
29 32 29 31 28 31 28 32
21 30 24 30 24 25 21 25
30 31 29 32 28 31 29 30
20 24 21 25 23 23 22 22
24 20 24 19 21 19 21 20
28 20 31 20 31 17 28 17
20 22 15 22 15 24 20 24
23 32 22 33 20 31 21 30
21 22 21 20 20 20 20 22
20 26 22 28 23 27 21 25
23 21 22 22 20 20 21 19
30 22 30 21 27 21 27 22
24 31 27 31 27 30 24 30
31 28 29 30 24 25 26 23
16 24 19 27 20 26 17 23
16 27 19 30 24 25 21 22
19 20 21 22 24 19 22 17
20 25 16 25 16 26 20 26
21 24 20 24 20 25 21 25
31 24 31 28 32 28 32 24
21 26 19 28 18 27 20 25
26 21 27 21 27 19 26 19
26 31 27 32 28 31 27 30
29 22 30 23 31 22 30 21
22 24 22 22 21 22 21 24
30 24 31 24 31 23 30 23
23 29 20 32 19 31 22 28
