120
5 20 9 24 14 19 10 15
29 10 27 10 27 11 29 11
7 24 9 26 11 24 9 22
32 19 28 23 24 19 28 15
29 27 25 27 25 28 29 28
10 28 10 26 9 26 9 28
30 25 29 26 27 24 28 23
7 22 7 24 9 24 9 22
26 29 28 29 28 26 26 26
7 17 13 23 15 21 9 15
7 21 9 21 9 17 7 17
30 14 29 14 29 25 30 25
10 11 11 11 11 10 10 10
9 25 10 26 11 25 10 24
29 13 27 13 27 14 29 14
8 22 10 24 11 23 9 21
10 12 9 12 9 15 10 15
12 10 12 13 18 13 18 10
12 28 15 28 15 27 12 27
26 10 25 11 24 10 25 9
11 27 12 27 12 25 11 25
8 20 9 21 19 11 18 10
10 25 11 25 11 24 10 24
28 25 28 26 29 26 29 25
11 12 15 12 15 11 11 11
11 26 12 27 13 26 12 25
12 11 11 12 10 11 11 10
28 24 26 26 24 24 26 22
9 18 11 20 17 14 15 12
29 20 28 21 24 17 25 16
19 9 18 9 18 10 19 10
27 25 28 25 28 24 27 24
32 16 26 22 24 20 30 14
30 12 29 13 28 12 29 11
30 26 29 27 28 26 29 25
32 18 24 18 24 19 32 19
9 11 10 12 11 11 10 10
9 27 10 28 11 27 10 26
11 9 11 10 12 10 12 9
12 29 12 28 10 28 10 29
9 13 14 18 15 17 10 12
9 14 10 15 12 13 11 12
26 12 27 13 28 12 27 11
23 28 23 26 21 26 21 28
10 22 15 22 15 21 10 21
30 9 28 9 28 12 30 12
30 27 30 26 29 26 29 27
28 27 29 28 30 27 29 26
21 10 21 14 23 14 23 10
20 28 20 26 17 26 17 28
27 23 24 23 24 24 27 24
24 12 26 12 26 10 24 10
22 11 25 11 25 9 22 9
22 27 23 28 24 27 23 26
25 13 27 13 27 11 25 11
27 17 28 17 28 15 27 15
27 21 27 23 28 23 28 21
12 23 12 20 11 20 11 23
18 11 21 14 22 13 19 10
18 27 17 28 16 27 17 26
20 27 21 28 22 27 21 26
11 19 14 19 14 18 11 18
19 27 18 27 18 29 19 29
13 24 15 24 15 23 13 23
8 19 8 20 11 20 11 19
18 28 19 29 20 28 19 27
13 25 13 24 12 24 12 25
14 25 13 25 13 26 14 26
16 26 15 27 14 26 15 25
7 20 9 22 10 21 8 19
15 26 15 27 16 27 16 26
23 13 24 14 25 13 24 12
14 24 13 25 12 24 13 23
14 27 15 28 16 27 15 26
26 20 24 20 24 22 26 22
13 22 12 23 10 21 11 20
16 25 15 26 14 25 15 24
29 17 26 20 24 18 27 15
24 15 27 15 27 14 24 14
17 25 16 25 16 26 17 26
28 11 24 15 23 14 27 10
16 24 15 24 15 25 16 25
22 24 22 27 24 27 24 24
15 15 15 17 19 17 19 15
23 23 22 24 19 21 20 20
14 17 14 18 15 18 15 17
21 25 24 28 25 27 22 24
20 25 20 26 21 26 21 25
19 25 20 26 21 25 20 24
18 14 19 15 20 14 19 13
19 14 19 13 18 13 18 14
19 24 19 25 20 25 20 24
22 23 20 25 19 24 21 22
23 16 20 16 20 18 23 18
23 22 23 23 24 23 24 22
21 15 21 17 24 17 24 15
29 18 24 23 23 22 28 17
16 22 16 24 19 24 19 22
22 16 21 17 20 16 21 15
20 15 21 15 21 14 20 14
20 23 20 24 22 24 22 23
23 20 24 20 24 19 23 19
17 23 16 24 15 23 16 22
22 22 23 22 23 20 22 20
18 23 17 23 17 25 18 25
17 22 15 24 13 22 15 20
22 17 23 18 24 17 23 16
18 16 19 17 20 16 19 15
17 24 18 25 19 24 18 23
17 16 18 16 18 14 17 14
22 18 21 19 20 18 21 17
16 19 15 20 14 19 15 18
22 19 23 20 24 19 23 18
17 21 19 21 19 19 17 19
21 21 19 21 19 22 21 22
16 16 16 19 17 19 17 16
21 20 22 20 22 19 21 19
18 20 18 23 20 23 20 20
16 20 17 21 18 20 17 19
15 19 15 20 16 20 16 19
