137
5 18 15 28 21 22 11 12
40 23 35 28 30 23 35 18
34 11 29 11 29 13 34 13
37 31 35 33 31 29 33 27
7 23 13 29 17 25 11 19
35 13 34 13 34 18 35 18
12 13 12 12 11 12 11 13
13 12 22 21 23 20 14 11
33 34 33 30 28 30 28 34
36 16 34 18 30 14 32 12
14 12 14 11 13 11 13 12
14 34 15 34 15 33 14 33
37 25 35 27 33 25 35 23
36 28 32 32 31 31 35 27
12 31 12 33 14 33 14 31
15 12 15 19 19 19 19 12
34 31 34 29 31 29 31 31
36 27 35 27 35 28 36 28
10 24 11 25 13 23 12 22
12 30 14 30 14 26 12 26
30 12 29 13 28 12 29 11
36 22 35 23 34 22 35 21
28 35 28 34 26 34 26 35
13 15 13 17 17 17 17 15
14 14 13 15 11 13 12 12
12 17 12 19 13 19 13 17
29 34 28 35 24 31 25 30
34 17 33 18 27 12 28 11
33 16 27 16 27 18 33 18
11 21 12 22 14 20 13 19
25 11 25 12 27 12 27 11
35 25 35 23 33 23 33 25
12 18 13 19 14 18 13 17
22 35 22 29 17 29 17 35
31 14 32 14 32 12 31 12
35 22 35 21 34 21 34 22
7 29 13 29 13 23 7 23
11 15 13 17 16 14 14 12
11 31 14 34 15 33 12 30
35 31 34 31 34 33 35 33
11 30 11 31 12 31 12 30
35 30 34 31 33 30 34 29
36 21 35 22 34 21 35 20
36 23 36 22 35 22 35 23
17 13 21 13 21 11 17 11
29 33 28 34 24 30 25 29
12 20 12 19 11 19 11 20
40 27 40 23 36 23 36 27
37 30 35 30 35 31 37 31
8 27 11 30 16 25 13 22
36 20 35 20 35 21 36 21
30 32 32 32 32 24 30 24
34 20 23 20 23 21 34 21
12 21 11 21 11 22 12 22
10 21 11 22 12 21 11 20
18 33 18 31 15 31 15 33
33 28 33 30 35 30 35 28
22 12 21 13 20 12 21 11
34 24 34 22 32 22 32 24
10 20 10 21 11 21 11 20
12 27 18 33 20 31 14 25
13 27 15 29 16 28 14 26
27 13 26 13 26 14 27 14
27 33 27 23 23 23 23 33
15 30 14 30 14 31 15 31
26 12 27 13 28 12 27 11
28 13 28 12 27 12 27 13
28 14 29 15 30 14 29 13
29 14 29 13 28 13 28 14
30 15 30 14 29 14 29 15
21 33 21 34 23 34 23 33
25 13 25 12 23 12 23 13
24 13 25 14 26 13 25 12
32 15 30 15 30 22 32 22
24 12 25 13 26 12 25 11
29 31 29 33 31 33 31 31
16 30 15 31 14 30 15 29
30 30 29 31 28 30 29 29
20 14 18 14 18 31 20 31
31 28 29 28 29 29 31 29
14 21 16 21 16 20 14 20
16 29 16 28 15 28 15 29
22 14 22 15 25 15 25 14
24 14 25 15 26 14 25 13
19 31 21 33 24 30 22 28
22 13 21 13 21 14 22 14
23 14 22 15 21 14 22 13
31 27 31 28 33 28 33 27
16 18 16 14 14 14 14 18
30 28 29 29 23 23 24 22
15 26 15 25 14 25 14 26
25 31 25 30 24 30 24 31
15 22 15 19 13 19 13 22
16 27 17 27 17 25 16 25
13 24 14 25 16 23 15 22
15 23 15 25 16 25 16 23
31 23 32 24 33 23 32 22
17 18 16 18 16 20 17 20
30 26 31 27 33 25 32 24
17 19 16 20 15 19 16 18
27 17 32 22 34 20 29 15
18 28 17 29 16 28 17 27
23 30 21 32 20 31 22 29
25 17 24 17 24 18 25 18
22 17 17 17 17 18 22 18
29 22 29 23 30 23 30 22
30 21 29 22 26 19 27 18
24 16 25 17 26 16 25 15
26 28 26 27 22 27 22 28
18 21 17 22 16 21 17 20
22 16 22 17 24 17 24 16
29 25 26 28 24 26 27 23
17 24 17 25 29 25 29 24
18 22 15 25 13 23 16 20
18 23 17 24 16 23 17 22
23 18 24 19 25 18 24 17
27 26 29 28 31 26 29 24
28 23 29 24 30 23 29 22
23 15 22 16 21 15 22 14
21 16 22 16 22 15 21 15
23 16 22 17 21 16 22 15
19 22 21 22 21 19 19 19
23 19 24 19 24 18 23 18
26 15 24 17 23 16 25 14
25 16 26 16 26 15 25 15
28 22 27 23 23 19 24 18
27 22 27 23 28 23 28 22
21 26 24 26 24 22 21 22
26 22 26 19 24 19 24 22
28 15 27 16 26 15 27 14
17 30 18 31 22 27 21 26
27 15 28 15 28 14 27 14
28 17 28 22 29 22 29 17
26 17 27 18 28 17 27 16
22 25 21 26 18 23 19 22
22 23 23 23 23 21 22 21
23 22 22 23 21 22 22 21
