101
9 9 9 10 10 10 10 9
10 26 10 27 11 27 11 26
27 12 25 14 24 13 26 11
28 22 27 23 25 21 26 20
10 11 10 17 11 17 11 11
10 25 12 25 12 22 10 22
11 10 11 11 14 11 14 10
25 26 25 21 24 21 24 26
26 25 26 24 23 24 23 25
9 13 12 16 14 14 11 11
13 27 15 27 15 26 13 26
8 19 9 20 11 18 10 17
28 19 23 24 20 21 25 16
26 12 26 14 27 14 27 12
28 18 26 18 26 19 28 19
11 25 13 27 16 24 14 22
9 22 10 22 10 20 9 20
22 27 23 27 23 25 22 25
27 15 26 16 25 15 26 14
23 10 23 13 24 13 24 10
23 26 22 27 21 26 22 25
9 26 10 27 11 26 10 25
9 25 9 26 10 26 10 25
8 23 10 25 11 24 9 22
9 12 9 13 15 13 15 12
27 24 26 25 23 22 24 21
8 16 8 19 9 19 9 16
26 23 26 24 27 24 27 23
25 12 26 12 26 11 25 11
8 26 9 27 10 26 9 25
8 11 9 12 10 11 9 10
7 23 9 25 12 22 10 20
7 19 7 23 8 23 8 19
19 27 21 27 21 26 19 26
8 27 9 27 9 26 8 26
22 10 20 12 19 11 21 9
22 26 23 27 24 26 23 25
13 11 15 13 16 12 14 10
13 25 14 25 14 22 13 22
12 26 13 26 13 25 12 25
22 9 22 10 23 10 23 9
15 10 15 12 16 12 16 10
21 10 22 11 23 10 22 9
26 15 26 16 27 16 27 15
26 21 26 20 25 20 25 21
24 24 23 25 21 23 22 22
28 15 27 16 26 15 27 14
20 10 20 12 21 12 21 10
28 14 27 14 27 15 28 15
18 9 18 10 20 10 20 9
17 26 17 24 16 24 16 26
29 13 28 14 26 12 27 11
16 11 15 12 14 11 15 10
20 11 18 13 16 11 18 9
20 25 19 26 17 24 18 23
22 12 23 13 25 11 24 10
22 24 23 24 23 22 22 22
17 11 18 12 19 11 18 10
21 25 22 25 22 24 21 24
25 17 23 17 23 20 25 20
12 15 12 16 18 16 18 15
24 15 25 16 26 15 25 14
20 26 21 27 22 26 21 25
26 17 26 16 25 16 25 17
24 14 24 15 25 15 25 14
14 23 12 25 11 24 13 22
22 13 20 15 19 14 21 12
12 20 12 22 13 22 13 20
11 20 12 20 12 18 11 18
12 17 12 18 16 18 16 17
19 12 18 12 18 13 19 13
24 19 21 19 21 21 24 21
18 24 21 24 21 23 18 23
14 24 16 26 18 24 16 22
24 18 22 20 21 19 23 17
21 13 22 13 22 12 21 12
23 21 22 22 21 21 22 20
22 14 22 15 23 15 23 14
23 16 21 18 20 17 22 15
13 17 12 18 11 17 12 16
24 16 24 15 23 15 23 16
14 21 14 22 16 22 16 21
21 14 21 13 19 13 19 14
12 21 13 22 14 21 13 20
22 16 23 17 24 16 23 15
14 19 17 19 17 14 14 14
13 19 16 22 22 16 19 13
14 20 14 19 13 19 13 20
19 22 22 22 22 20 19 20
22 17 23 17 23 16 22 16
15 16 16 17 18 15 17 14
11 19 12 20 13 19 12 18
17 22 18 23 19 22 18 21
15 19 16 20 17 19 16 18
15 18 18 21 19 20 16 17
20 16 22 16 22 15 20 15
19 15 20 16 22 14 21 13
18 20 16 20 16 21 18 21
18 17 20 17 20 16 18 16
18 14 18 15 19 15 19 14
17 13 17 14 18 14 18 13
