54
30 24 27 27 24 24 27 21
29 24 27 26 24 23 26 21
30 15 26 19 21 14 25 10
29 15 29 24 30 24 30 15
10 26 19 26 19 25 10 25
27 23 24 23 24 24 27 24
28 20 27 21 26 20 27 19
24 10 25 10 25 9 24 9
26 12 20 18 19 17 25 11
22 27 27 27 27 26 22 26
10 13 9 13 9 15 10 15
26 23 22 27 14 19 18 15
9 20 12 23 20 15 17 12
29 26 29 24 27 24 27 26
30 16 27 19 26 18 29 15
26 10 25 11 24 10 25 9
26 11 26 10 25 10 25 11
9 23 12 23 12 20 9 20
12 11 12 13 15 13 15 11
27 20 27 19 26 19 26 20
28 21 28 20 27 20 27 21
29 22 27 24 26 23 28 21
24 12 24 16 26 16 26 12
10 20 11 21 12 20 11 19
10 17 15 17 15 15 10 15
19 10 19 12 24 12 24 10
15 25 13 27 9 23 11 21
21 25 22 26 24 24 23 23
11 16 10 17 9 16 10 15
20 11 18 11 18 15 20 15
25 20 26 21 27 20 26 19
9 19 11 19 11 16 9 16
25 21 26 21 26 20 25 20
25 25 25 21 21 21 21 25
25 18 25 19 26 19 26 18
25 15 20 15 20 18 25 18
14 23 15 23 15 19 14 19
23 22 23 23 24 23 24 22
12 16 12 13 11 13 11 16
6 16 9 19 12 16 9 13
28 14 26 16 25 15 27 13
24 20 25 21 26 20 25 19
24 19 24 20 25 20 25 19
18 24 18 15 17 15 17 24
6 15 6 16 9 16 9 15
24 18 21 21 20 20 23 17
13 15 15 17 17 15 15 13
17 13 15 13 15 15 17 15
19 13 19 12 17 12 17 13
13 13 15 15 17 13 15 11
23 13 19 13 19 17 23 17
22 21 23 22 25 20 24 19
14 16 12 16 12 19 14 19
19 19 19 17 15 17 15 19
