45
33 12 28 17 26 15 31 10
31 11 31 10 27 10 27 11
31 30 25 30 25 32 31 32
34 23 25 32 21 28 30 19
11 13 12 14 14 12 13 11
9 20 10 21 15 16 14 15
13 13 13 20 16 20 16 13
29 29 29 23 20 23 20 29
23 10 21 10 21 15 23 15
20 32 20 29 11 29 11 32
32 22 29 22 29 23 32 23
34 27 31 30 26 25 29 22
11 11 11 13 13 13 13 11
32 27 34 27 34 23 32 23
9 23 13 23 13 20 9 20
17 31 17 21 10 21 10 31
31 20 31 17 28 17 28 20
29 15 26 15 26 22 29 22
14 28 21 28 21 26 14 26
26 13 18 21 15 18 23 10
14 17 21 17 21 15 14 15
14 25 13 25 13 26 14 26
17 28 19 30 20 29 18 27
12 25 13 26 14 25 13 24
12 24 12 25 13 25 13 24
25 28 21 28 21 30 25 30
10 26 11 27 13 25 12 24
28 28 28 20 25 20 25 28
14 22 14 25 26 25 26 22
18 16 15 16 15 18 18 18
26 18 28 20 31 17 29 15
19 17 27 25 29 23 21 15
17 17 18 18 19 17 18 16
18 23 20 23 20 21 18 21
19 24 11 32 10 31 18 23
18 24 18 23 13 23 13 24
22 25 21 26 19 24 20 23
18 20 25 20 25 18 18 18
18 22 14 26 13 25 17 21
19 19 19 24 30 24 30 19
19 27 19 24 18 24 18 27
21 27 17 31 14 28 18 24
17 19 18 20 19 19 18 18
17 20 17 21 18 21 18 20
11 15 16 20 17 19 12 14
