83
48 27 37 38 28 29 39 18
13 14 13 19 15 19 15 14
39 13 38 13 38 15 39 15
42 17 37 22 33 18 38 13
17 13 14 13 14 16 17 16
37 41 37 38 35 38 35 41
10 25 19 34 23 30 14 21
43 33 41 35 38 32 40 30
42 19 42 17 35 17 35 19
43 32 40 32 40 33 43 33
40 17 39 18 37 16 38 15
13 35 14 36 20 30 19 29
13 20 14 21 18 17 17 16
20 41 21 41 21 40 20 40
14 35 25 35 25 32 14 32
19 40 19 37 13 37 13 40
40 35 33 35 33 36 40 36
12 26 16 30 22 24 18 20
16 37 19 40 22 37 19 34
32 13 32 16 37 16 37 13
32 41 34 41 34 31 32 31
14 20 14 21 18 21 18 20
18 16 18 17 20 17 20 16
48 37 48 27 37 27 37 37
8 19 17 28 22 23 13 14
8 20 13 20 13 19 8 19
11 38 13 40 16 37 14 35
13 36 14 36 14 35 13 35
23 14 22 14 22 15 23 15
23 40 26 40 26 36 23 36
38 35 35 38 33 36 36 33
24 13 23 13 23 14 24 14
36 17 29 24 25 20 32 13
39 21 39 18 33 18 33 21
43 17 39 21 35 17 39 13
26 14 25 15 24 14 25 13
22 39 25 39 25 38 22 38
35 14 26 14 26 17 35 17
15 34 21 40 22 39 16 33
35 37 31 41 29 39 33 35
18 18 20 20 22 18 20 16
23 39 21 41 20 40 22 38
33 38 33 36 29 36 29 38
15 29 15 34 19 34 19 29
19 36 23 36 23 34 19 34
28 15 25 15 25 20 28 20
28 39 29 39 29 38 28 38
39 27 38 28 37 27 38 26
23 16 23 21 30 21 30 16
33 17 35 19 39 15 37 13
24 15 23 16 22 15 23 14
37 21 35 23 33 21 35 19
20 18 20 20 22 20 22 18
38 30 38 32 40 32 40 30
25 14 24 14 24 15 25 15
28 16 32 20 35 17 31 13
27 16 26 17 24 15 25 14
27 38 28 38 28 34 27 34
17 23 25 31 28 28 20 20
26 13 25 13 25 14 26 14
15 23 17 23 17 19 15 19
31 17 28 20 27 19 30 16
37 23 35 23 35 27 37 27
17 30 20 30 20 28 17 28
14 24 15 24 15 23 14 23
17 33 17 30 16 30 16 33
25 17 22 20 20 18 23 15
19 21 18 21 18 23 19 23
35 33 36 33 36 28 35 28
20 34 18 36 14 32 16 30
26 38 25 39 20 34 21 33
30 37 35 37 35 33 30 33
28 37 29 38 30 37 29 36
30 36 28 38 26 36 28 34
36 24 32 28 31 27 35 23
39 25 38 26 36 24 37 23
36 26 36 28 38 28 38 26
19 24 22 24 22 23 19 23
28 19 30 21 33 18 31 16
31 20 31 27 32 27 32 20
33 31 35 33 38 30 36 28
34 27 34 28 35 28 35 27
33 25 33 21 30 21 30 25
