63
40 18 33 25 27 19 34 12
40 19 40 18 27 18 27 19
6 20 12 26 18 20 12 14
10 34 11 35 12 34 11 33
10 32 10 34 12 34 12 32
38 22 32 28 27 23 33 17
11 14 11 26 12 26 12 14
14 12 12 12 12 14 14 14
10 18 13 21 17 17 14 14
11 29 12 30 13 29 12 28
28 11 28 12 34 12 34 11
32 32 34 32 34 28 32 28
12 17 16 21 19 18 15 14
20 35 20 33 11 33 11 35
19 12 19 18 23 18 23 12
14 11 14 12 19 12 19 11
32 16 33 17 34 16 33 15
32 13 32 16 34 16 34 13
21 34 20 35 19 34 20 33
25 12 25 15 27 15 27 12
33 28 30 31 28 29 31 26
22 34 22 30 21 30 21 34
17 32 17 30 12 30 12 32
13 27 16 27 16 21 13 21
11 27 11 29 13 29 13 27
33 26 33 25 31 25 31 26
13 22 17 26 21 22 17 18
33 22 32 23 31 22 32 21
33 24 31 26 30 25 32 23
38 17 33 17 33 22 38 22
31 29 34 32 35 31 32 28
20 32 20 33 23 33 23 32
32 26 34 28 35 27 33 25
31 28 31 26 19 26 19 28
16 28 18 30 26 22 24 20
29 17 33 17 33 15 29 15
16 31 19 31 19 28 16 28
18 31 17 32 16 31 17 30
21 15 17 15 17 17 21 17
16 19 16 21 19 21 19 19
30 27 30 31 35 31 35 27
31 24 33 24 33 22 31 22
26 30 27 30 27 23 26 23
30 24 30 25 31 25 31 24
23 30 23 24 22 24 22 30
26 17 21 17 21 22 26 22
35 21 31 25 30 24 34 20
35 23 35 21 32 21 32 23
25 30 23 30 23 32 25 32
18 26 17 26 17 30 18 30
28 21 32 21 32 16 28 16
17 14 26 23 28 21 19 12
18 23 25 30 30 25 23 18
28 23 28 21 27 21 27 23
6 23 18 23 18 20 6 20
15 15 17 15 17 14 15 14
20 20 19 21 18 20 19 19
19 23 18 23 18 26 19 26
16 20 19 23 24 18 21 15
16 26 23 33 26 30 19 23
25 26 21 30 19 28 23 24
23 20 24 20 24 18 23 18
20 23 23 23 23 20 20 20
