108
41 15 37 19 34 16 38 12
7 29 13 35 20 28 14 22
7 25 7 29 14 29 14 25
11 36 12 37 15 34 14 33
38 37 37 38 35 36 36 35
12 36 14 36 14 33 12 33
14 38 17 38 17 36 14 36
13 37 14 38 15 37 14 36
35 38 35 36 33 36 33 38
41 22 41 15 36 15 36 22
16 12 16 15 18 15 18 12
39 32 36 35 34 33 37 30
13 15 13 18 16 18 16 15
15 13 14 13 14 22 15 22
12 17 19 17 19 16 12 16
38 33 34 33 34 37 38 37
35 14 38 14 38 12 35 12
38 19 37 19 37 20 38 20
15 35 13 35 13 37 15 37
35 35 35 36 36 36 36 35
39 26 34 31 33 30 38 25
20 12 20 26 21 26 21 12
32 37 33 38 34 37 33 36
14 17 22 25 24 23 16 15
36 33 33 36 31 34 34 31
31 37 31 38 32 38 32 37
26 12 25 12 25 15 26 15
36 32 39 32 39 26 36 26
11 37 12 37 12 36 11 36
12 38 13 38 13 37 12 37
12 14 13 15 15 13 14 12
12 15 13 15 13 14 12 14
30 37 31 38 32 37 31 36
17 35 17 36 18 36 18 35
13 21 14 22 17 19 16 18
13 22 20 29 26 23 19 16
28 37 27 38 25 36 26 35
30 14 29 14 29 15 30 15
30 36 30 37 31 37 31 36
36 20 30 26 25 21 31 15
16 33 16 30 14 30 14 33
17 34 15 34 15 35 17 35
33 34 31 34 31 36 33 36
16 35 17 36 18 35 17 34
14 31 16 33 18 31 16 29
32 16 33 16 33 15 32 15
34 32 34 31 32 31 32 32
20 15 19 16 18 15 19 14
20 35 21 36 23 34 22 33
23 36 25 36 25 34 23 34
26 38 26 35 20 35 20 38
35 33 31 37 30 36 34 32
35 30 35 31 37 31 37 30
31 16 32 17 33 16 32 15
34 19 34 16 33 16 33 19
18 33 22 33 22 31 18 31
28 15 29 16 30 15 29 14
30 16 31 16 31 15 30 15
15 23 15 31 18 31 18 23
27 35 27 34 26 34 26 35
35 26 33 26 33 27 35 27
27 36 30 36 30 35 27 35
31 17 32 17 32 16 31 16
31 33 27 33 27 34 31 34
33 31 32 32 23 23 24 22
35 25 35 26 36 26 36 25
16 21 23 21 23 18 16 18
16 28 16 29 20 29 20 28
28 16 29 16 29 15 28 15
28 34 27 35 26 34 27 33
12 19 15 22 16 21 13 18
12 24 17 24 17 19 12 19
25 13 28 16 29 15 26 12
22 14 23 15 25 13 24 12
20 33 23 36 25 34 22 31
33 20 24 20 24 22 33 22
31 18 33 20 34 19 32 17
31 32 33 34 34 33 32 31
17 15 19 17 22 14 20 12
32 33 32 32 31 32 31 33
34 26 35 27 36 26 35 25
34 25 35 26 36 25 35 24
33 29 26 29 26 30 33 30
37 29 35 31 33 29 35 27
34 24 34 25 35 25 35 24
19 31 26 38 31 33 24 26
31 31 32 31 32 27 31 27
23 17 23 18 31 18 31 17
27 17 25 19 23 17 25 15
13 17 18 22 23 17 18 12
37 23 35 25 34 24 36 22
26 17 32 23 33 22 27 16
26 33 25 33 25 34 26 34
29 32 27 34 26 33 28 31
32 28 27 33 26 32 31 27
27 32 29 32 29 28 27 28
20 30 24 30 24 29 20 29
24 32 26 32 26 30 24 30
29 30 28 31 26 29 27 28
19 37 20 38 25 33 24 32
31 23 30 23 30 26 31 26
31 24 33 26 34 25 32 23
32 18 31 18 31 23 32 23
30 24 33 27 34 26 31 23
29 23 30 23 30 16 29 16
28 22 29 23 33 19 32 18
23 22 23 23 24 23 24 22
24 28 25 29 30 24 29 23
