26
7 23 8 23 8 18 7 18
23 7 22 7 22 8 23 8
5 11 8 14 10 12 7 9
7 22 8 23 12 19 11 18
22 22 22 19 15 19 15 22
9 22 11 22 11 18 9 18
24 15 16 23 15 22 23 14
11 23 15 23 15 22 11 22
24 8 23 9 22 8 23 7
24 9 24 8 23 8 23 9
12 8 12 9 13 9 13 8
8 17 8 18 9 18 9 17
10 10 9 10 9 12 10 12
6 14 9 17 13 13 10 10
20 10 18 10 18 13 20 13
6 13 6 14 8 14 8 13
5 14 8 17 9 16 6 13
19 10 11 18 9 16 17 8
13 10 10 13 9 12 12 9
15 10 15 9 13 9 13 10
19 12 20 13 24 9 23 8
19 23 19 12 16 12 16 23
22 20 19 23 15 19 18 16
13 12 10 12 10 13 13 13
18 17 18 16 9 16 9 17
16 14 18 16 22 12 20 10
