181
38 38 38 37 35 37 35 38
39 36 38 37 35 34 36 33
12 13 12 14 14 14 14 13
12 37 13 37 13 32 12 32
40 17 38 19 36 17 38 15
14 37 15 37 15 36 14 36
11 33 14 36 15 35 12 32
38 16 38 15 33 15 33 16
11 18 12 19 15 16 14 15
33 12 30 12 30 15 33 15
38 17 36 17 36 18 38 18
36 35 37 35 37 33 36 33
39 20 38 21 37 20 38 19
38 32 37 33 34 30 35 29
11 28 12 29 13 28 12 27
19 12 19 14 22 14 22 12
39 23 38 24 35 21 36 20
39 27 38 28 36 26 37 25
39 24 38 24 38 27 39 27
12 20 16 20 16 19 12 19
12 30 14 30 14 29 12 29
30 38 30 37 26 37 26 38
38 30 38 28 34 28 34 30
38 29 32 35 25 28 31 22
15 34 16 34 16 32 15 32
16 15 16 16 21 16 21 15
16 35 15 35 15 36 16 36
34 35 34 31 33 31 33 35
12 28 13 28 13 27 12 27
22 38 24 38 24 37 22 37
12 23 13 24 17 20 16 19
23 12 23 17 29 17 29 12
18 36 18 37 22 37 22 36
32 36 33 36 33 35 32 35
36 32 37 32 37 29 36 29
13 30 15 32 16 31 14 29
39 12 37 12 37 20 39 20
39 37 39 36 38 36 38 37
10 35 12 37 15 34 13 32
10 34 10 35 15 35 15 34
40 16 38 16 38 17 40 17
37 37 38 38 39 37 38 36
36 37 35 38 33 36 34 35
10 28 12 30 16 26 14 24
38 33 38 32 37 32 37 33
11 31 12 32 13 31 12 30
40 25 38 27 37 26 39 24
11 29 12 29 12 28 11 28
39 29 38 30 37 29 38 28
16 14 14 14 14 15 16 15
34 36 36 36 36 35 34 35
17 36 16 37 15 36 16 35
35 33 33 35 31 33 33 31
34 16 33 17 32 16 33 15
14 31 16 31 16 30 14 30
10 18 10 28 11 28 11 18
40 26 40 25 37 25 37 26
17 37 17 36 16 36 16 37
14 32 14 31 13 31 13 32
15 17 12 20 10 18 13 15
31 14 30 15 28 13 29 12
31 36 31 37 32 37 32 36
36 19 36 18 34 18 34 19
18 35 17 35 17 36 18 36
35 32 35 33 36 33 36 32
13 23 14 24 17 21 16 20
35 14 33 16 31 14 33 12
18 38 18 37 17 37 17 38
19 37 18 38 17 37 18 36
12 24 13 24 13 23 12 23
19 36 18 37 17 36 18 35
37 23 37 20 36 20 36 23
30 36 31 36 31 35 30 35
13 26 14 26 14 24 13 24
16 17 16 16 15 16 15 17
17 16 16 17 15 16 16 15
17 34 16 34 16 35 17 35
40 15 38 17 35 14 37 12
11 23 12 24 13 23 12 22
11 25 13 27 14 26 12 24
29 37 30 38 31 37 30 36
36 21 34 23 32 21 34 19
15 31 16 32 17 31 16 30
19 35 18 36 17 35 18 34
14 23 14 15 13 15 13 23
14 27 16 27 16 26 14 26
27 14 26 14 26 23 27 23
28 14 28 13 27 13 27 14
24 36 27 36 27 34 24 34
26 36 25 37 24 36 25 35
25 36 26 37 27 36 26 35
19 34 18 34 18 35 19 35
31 34 35 34 35 33 31 33
23 36 22 37 19 34 20 33
15 29 14 30 12 28 13 27
29 35 30 36 31 35 30 34
18 17 18 19 22 19 22 17
32 17 33 17 33 16 32 16
15 28 14 29 13 28 14 27
22 35 25 35 25 32 22 32
35 22 35 21 34 21 34 22
35 18 34 19 32 17 33 16
14 28 14 29 15 29 15 28
20 15 18 17 17 16 19 14
20 34 22 36 24 34 22 32
34 20 32 22 29 19 31 17
23 15 22 16 21 15 22 14
24 15 31 22 32 21 25 14
35 26 35 29 36 29 36 26
17 19 17 20 18 20 18 19
24 13 21 16 20 15 23 12
17 17 16 17 16 19 17 19
19 33 19 34 20 34 20 33
18 32 17 32 17 34 18 34
16 21 17 21 17 20 16 20
16 29 17 29 17 27 16 27
29 34 29 35 30 35 30 34
16 22 16 21 12 21 12 22
17 33 18 34 19 33 18 32
28 35 29 36 30 35 29 34
16 23 16 26 22 26 22 23
18 31 18 29 17 29 17 31
19 32 19 31 18 31 18 32
31 18 26 23 25 22 30 17
31 32 29 34 25 30 27 28
9 22 13 26 16 23 12 19
15 33 16 34 17 33 16 32
28 36 29 36 29 35 28 35
32 18 32 17 31 17 31 18
32 32 32 22 31 22 31 32
34 26 34 23 28 23 28 26
25 16 25 14 22 14 22 16
30 18 30 22 31 22 31 18
32 20 32 21 34 21 34 20
32 30 33 31 34 30 33 29
17 28 16 29 15 28 16 27
22 33 23 34 25 32 24 31
28 33 31 33 31 32 28 32
27 17 22 22 17 17 22 12
17 26 20 29 22 27 19 24
26 33 26 35 28 35 28 33
29 18 30 18 30 17 29 17
33 24 30 24 30 25 33 25
20 31 24 31 24 30 20 30
25 34 26 35 27 34 26 33
21 32 20 33 19 32 20 31
18 23 19 24 23 20 22 19
18 27 18 29 20 29 20 27
23 18 23 20 25 20 25 18
19 21 18 22 17 21 18 20
19 29 20 30 23 27 22 26
17 24 19 24 19 21 17 21
21 18 22 19 23 18 22 17
30 30 28 32 23 27 25 25
30 29 26 33 25 32 29 28
23 31 28 36 29 35 24 30
26 19 25 20 24 19 25 18
31 25 29 27 28 26 30 24
22 20 18 20 18 22 22 22
28 30 25 30 25 32 28 32
22 29 20 31 18 29 20 27
28 29 28 30 30 30 30 29
23 29 23 27 22 27 22 29
21 24 24 27 25 26 22 23
24 21 24 22 25 22 25 21
20 18 20 24 21 24 21 18
21 29 21 32 22 32 22 29
28 27 27 28 25 26 26 25
24 28 24 30 25 30 25 28
31 26 29 28 28 27 30 25
28 28 29 28 29 27 28 27
23 24 23 27 24 27 24 24
24 23 24 22 22 22 22 23
27 24 26 25 25 24 26 23
27 26 25 26 25 28 27 28
25 23 25 24 26 24 26 23
25 27 28 30 33 25 30 22
27 25 27 24 26 24 26 25
27 29 28 29 28 28 27 28
23 22 24 23 25 22 24 21
26 22 25 23 24 22 25 21
