115
4 25 19 40 28 31 13 16
4 27 16 27 16 25 4 25
41 13 38 13 38 14 41 14
14 13 14 22 16 22 16 13
14 41 15 41 15 39 14 39
41 39 41 37 40 37 40 39
14 40 15 41 16 40 15 39
43 35 41 37 37 33 39 31
13 38 14 39 18 35 17 34
12 36 15 39 16 38 13 35
11 20 16 25 23 18 18 13
43 33 37 33 37 35 43 35
42 19 39 22 37 20 40 17
39 15 37 17 36 16 38 14
36 41 36 35 35 35 35 41
14 37 17 37 17 34 14 34
37 14 37 17 38 17 38 14
43 24 41 26 35 20 37 18
41 35 37 39 32 34 36 30
43 25 43 24 41 24 41 25
43 29 37 35 32 30 38 24
13 20 13 30 18 30 18 20
39 17 39 22 40 22 40 17
16 16 18 18 19 17 17 15
12 23 16 27 23 20 19 16
42 23 42 19 34 19 34 23
12 28 16 32 18 30 14 26
36 15 29 15 29 16 36 16
17 16 19 16 19 15 17 15
41 22 40 22 40 24 41 24
20 40 21 41 23 39 22 38
39 19 34 24 32 22 37 17
30 13 21 13 21 27 30 27
41 30 36 35 32 31 37 26
38 36 34 40 33 39 37 35
17 17 17 19 19 19 19 17
28 41 34 41 34 40 28 40
10 17 13 20 17 16 14 13
11 38 14 41 20 35 17 32
11 17 11 20 13 20 13 17
11 35 11 38 13 38 13 35
41 16 40 17 37 14 38 13
19 38 16 38 16 40 19 40
35 16 37 18 38 17 36 15
6 30 11 35 19 27 14 22
10 18 14 22 15 21 11 17
18 37 20 37 20 35 18 35
37 36 37 39 38 39 38 36
24 40 24 37 20 37 20 40
25 40 28 40 28 38 25 38
40 29 36 29 36 30 40 30
17 41 18 41 18 37 17 37
22 15 23 15 23 14 22 14
22 39 23 39 23 38 22 38
21 38 22 38 22 33 21 33
38 21 32 21 32 22 38 22
30 39 28 41 25 38 27 36
39 24 39 22 38 22 38 24
29 39 30 39 30 37 29 37
18 19 23 24 27 20 22 15
28 15 29 15 29 14 28 14
35 18 35 20 37 20 37 18
27 15 23 15 23 18 27 18
27 39 28 40 29 39 28 38
30 15 29 16 28 15 29 14
26 39 27 39 27 36 26 36
20 36 22 38 26 34 24 32
19 35 17 37 14 34 16 32
38 25 38 24 34 24 34 25
26 16 25 17 23 15 24 14
38 26 41 26 41 25 38 25
33 18 34 19 35 18 34 17
17 31 27 31 27 23 17 23
16 31 16 32 17 32 17 31
31 17 31 19 34 19 34 17
37 31 36 31 36 33 37 33
19 34 19 32 17 32 17 34
34 35 38 39 40 37 36 33
17 30 19 32 25 26 23 24
32 18 29 18 29 21 32 21
32 36 28 36 28 38 32 38
38 31 38 26 37 26 37 31
34 36 34 35 32 35 32 36
26 17 26 16 25 16 25 17
37 28 36 29 33 26 34 25
27 37 28 38 29 37 28 36
20 20 19 21 18 20 19 19
39 36 39 31 38 31 38 36
20 18 20 20 23 20 23 18
34 34 32 36 27 31 29 29
23 36 23 38 25 38 25 36
31 36 30 37 16 23 17 22
36 23 34 25 27 18 29 16
30 18 31 19 32 18 31 17
36 24 38 26 40 24 38 22
35 32 32 35 28 31 31 28
20 13 18 13 18 18 20 18
37 32 36 33 35 32 36 31
35 34 34 34 34 35 35 35
30 19 28 21 27 20 29 18
19 25 28 25 28 21 19 21
29 35 28 36 26 34 27 33
34 31 32 31 32 34 34 34
21 32 21 27 19 27 19 32
24 20 27 20 27 19 24 19
34 30 34 31 36 31 36 30
25 34 25 36 26 36 26 34
29 34 29 35 32 35 32 34
21 23 19 25 17 23 19 21
36 28 34 30 27 23 29 21
34 27 32 27 32 30 34 30
23 32 24 32 24 24 23 24
28 33 28 31 27 31 27 33
33 28 33 26 31 26 31 28
31 31 32 31 32 30 31 30
