52
13 11 12 11 12 15 13 15
36 15 35 16 34 15 35 14
10 17 14 21 16 19 12 15
36 17 33 20 32 19 35 16
37 24 31 30 29 28 35 22
9 23 11 25 16 20 14 18
11 16 11 23 18 23 18 16
29 11 26 11 26 17 29 17
10 25 11 26 15 22 14 21
10 23 10 25 11 25 11 23
12 29 16 33 17 32 13 28
34 17 36 17 36 15 34 15
13 30 14 30 14 28 13 28
15 32 17 32 17 31 15 31
31 32 28 32 28 34 31 34
6 18 11 23 18 16 13 11
6 21 14 21 14 18 6 18
9 17 9 23 10 23 10 17
11 28 11 29 12 29 12 28
35 23 35 22 29 22 29 23
41 17 35 23 29 17 35 11
37 25 28 34 26 32 35 23
37 26 37 25 20 25 20 26
32 17 29 17 29 19 32 19
30 15 32 17 34 15 32 13
14 27 14 28 17 28 17 27
28 15 26 17 23 14 25 12
17 30 21 34 24 31 20 27
29 30 29 28 17 28 17 30
16 18 16 19 17 19 17 18
17 29 23 35 26 32 20 26
14 11 14 18 16 18 16 11
15 21 15 22 16 22 16 21
18 17 17 18 11 12 12 11
28 29 26 29 26 32 28 32
16 26 19 26 19 22 16 22
30 20 33 20 33 15 30 15
34 16 30 20 29 19 33 15
18 19 17 20 16 19 17 18
19 18 19 11 17 11 17 18
17 21 17 20 16 20 16 21
17 24 19 26 20 25 18 23
29 24 29 23 22 23 22 24
18 20 17 21 16 20 17 19
19 27 20 27 20 26 19 26
25 19 23 19 23 35 25 35
24 20 17 27 16 26 23 19
21 25 20 26 16 22 17 21
30 31 30 20 24 20 24 31
29 31 28 32 21 25 22 24
23 22 22 23 18 19 19 18
32 31 31 32 30 31 31 30
