167
15 45 18 45 18 43 15 43
14 42 15 43 16 42 15 41
48 22 42 28 35 21 41 15
46 19 43 22 42 21 45 18
47 39 45 41 43 39 45 37
43 16 43 18 45 18 45 16
14 20 15 21 17 19 16 18
47 38 43 38 43 39 47 39
42 44 42 42 38 42 38 44
48 26 48 22 43 22 43 26
14 21 15 21 15 20 14 20
13 36 17 40 21 36 17 32
15 40 15 41 17 41 17 40
45 40 43 42 41 40 43 38
48 29 45 32 32 19 35 16
16 19 17 19 17 18 16 18
16 41 18 43 19 42 17 40
44 19 41 19 41 20 44 20
13 35 17 39 20 36 16 32
17 42 19 42 19 41 17 41
39 15 38 15 38 16 39 16
45 39 42 42 38 38 41 35
47 32 44 35 40 31 43 28
43 41 43 42 45 42 45 41
15 38 15 39 17 39 17 38
38 45 38 44 36 44 36 45
15 23 18 23 18 21 15 21
23 45 25 45 25 40 23 40
45 23 40 23 40 24 45 24
17 20 20 20 20 19 17 19
40 17 37 20 36 19 39 16
18 19 17 20 16 19 17 18
41 18 41 17 40 17 40 18
14 28 16 30 18 28 16 26
14 32 16 34 18 32 16 30
14 29 17 32 18 31 15 28
14 30 14 32 16 32 16 30
21 43 22 43 22 41 21 41
43 21 43 18 42 18 42 21
37 16 35 16 35 17 37 17
44 23 38 29 37 28 43 22
42 40 42 37 41 37 41 40
34 15 34 16 35 16 35 15
15 27 15 28 18 28 18 27
48 33 48 29 43 29 43 33
47 24 45 24 45 32 47 32
14 22 15 23 16 22 15 21
46 22 45 23 43 21 44 20
14 26 16 26 16 22 14 22
33 15 32 15 32 19 33 19
38 17 37 17 37 20 38 20
36 16 35 17 34 16 35 15
44 36 45 36 45 35 44 35
32 45 34 45 34 35 32 35
15 29 15 28 14 28 14 29
31 15 28 15 28 21 31 21
31 45 31 42 29 42 29 45
45 31 43 33 41 31 43 29
50 35 47 38 45 36 48 33
46 36 45 37 44 36 45 35
15 33 19 33 19 29 15 29
16 25 18 27 19 26 17 24
19 40 22 43 25 40 22 37
20 41 20 40 19 40 19 41
25 16 25 20 29 20 29 16
37 43 38 44 39 43 38 42
20 15 20 16 25 16 25 15
19 16 24 21 25 20 20 15
46 37 46 36 45 36 45 37
18 18 19 18 19 16 18 16
22 18 20 20 18 18 20 16
17 36 17 35 13 35 13 36
36 43 34 45 31 42 33 40
44 27 43 28 42 27 43 26
19 39 17 39 17 40 19 40
39 44 38 45 36 43 37 42
18 40 19 41 20 40 19 39
24 44 36 44 36 43 24 43
40 20 42 22 43 21 41 19
25 43 27 45 33 39 31 37
43 35 43 33 41 33 41 35
16 40 17 41 18 40 17 39
23 43 24 44 25 43 24 42
44 34 43 35 42 34 43 33
17 26 19 26 19 24 17 24
17 34 17 32 16 32 16 34
38 41 43 41 43 39 38 39
20 39 21 39 21 36 20 36
21 20 20 20 20 21 21 21
18 36 20 36 20 32 18 32
24 18 22 18 22 20 24 20
36 18 38 20 39 19 37 17
36 42 36 43 37 43 37 42
14 40 15 41 16 40 15 39
14 39 14 40 15 40 15 39
16 36 17 37 18 36 17 35
39 18 36 18 36 19 39 19
19 20 20 21 21 20 20 19
26 16 24 18 23 17 25 15
35 43 36 44 37 43 36 42
18 37 18 36 17 36 17 37
26 17 24 17 24 18 26 18
33 43 31 45 24 38 26 36
43 27 42 27 42 28 43 28
17 31 17 32 18 32 18 31
19 23 19 24 20 24 20 23
23 19 23 22 27 22 27 19
37 41 37 42 38 42 38 41
17 30 17 26 16 26 16 30
25 18 28 21 29 20 26 17
25 42 24 43 22 41 23 40
20 17 20 19 23 19 23 17
16 37 17 38 18 37 17 36
18 22 19 23 21 21 20 20
27 16 26 17 25 16 26 15
41 39 38 42 37 41 40 38
40 22 39 22 39 23 40 23
34 18 35 19 36 18 35 17
42 26 36 26 36 27 42 27
44 24 42 26 40 24 42 22
30 16 33 19 34 18 31 15
41 22 41 20 40 20 40 22
40 37 41 37 41 35 40 35
28 42 27 42 27 45 28 45
25 19 24 20 23 19 24 18
35 41 36 42 37 41 36 40
29 18 33 22 36 19 32 15
50 37 45 42 40 37 45 32
30 18 34 18 34 16 30 16
37 21 35 21 35 25 37 25
28 41 29 42 31 40 30 39
41 32 41 31 40 31 40 32
29 41 28 41 28 42 29 42
41 29 40 30 36 26 37 25
30 19 30 20 32 20 32 19
26 41 28 41 28 36 26 36
36 39 33 39 33 40 36 40
26 20 32 26 33 25 27 19
40 34 39 34 39 35 40 35
38 23 39 24 40 23 39 22
21 25 21 24 20 24 20 25
21 35 21 34 17 34 17 35
25 21 25 20 24 20 24 21
40 39 38 41 36 39 38 37
40 29 38 29 38 30 40 30
22 24 21 25 20 24 21 23
22 36 22 35 21 35 21 36
36 38 36 39 38 39 38 38
38 24 39 24 39 23 38 23
38 36 40 38 41 37 39 35
23 37 22 37 22 40 23 40
26 21 25 21 25 23 26 23
20 38 21 39 23 37 22 36
25 41 29 45 36 38 32 34
22 23 21 23 21 24 22 24
33 21 35 21 35 19 33 19
22 25 22 27 23 27 23 25
25 22 26 23 27 22 26 21
25 38 25 40 31 40 31 38
38 35 38 34 37 34 37 35
21 28 23 30 24 29 22 27
21 32 24 32 24 29 21 29
23 24 22 25 21 24 22 23
23 36 25 38 29 34 27 32
32 39 33 40 38 35 37 34
36 37 38 37 38 36 36 36
39 32 37 34 32 29 34 27
