146
6 19 12 25 18 19 12 13
10 12 13 15 14 14 11 11
8 27 11 30 15 26 12 23
11 32 12 33 13 32 12 31
10 14 14 14 14 12 10 12
8 25 8 27 11 27 11 25
11 31 11 32 12 32 12 31
31 33 31 32 30 32 30 33
14 33 15 33 15 32 14 32
33 30 33 25 32 25 32 30
32 31 31 32 26 27 27 26
10 28 11 29 12 28 11 27
34 16 33 17 29 13 30 12
34 17 34 16 33 16 33 17
31 31 31 32 32 32 32 31
11 16 11 17 12 17 12 16
16 33 17 33 17 32 16 32
12 15 12 16 13 16 13 15
12 29 12 28 11 28 11 29
29 32 28 32 28 33 29 33
34 20 32 22 30 20 32 18
33 27 31 29 29 27 31 25
10 21 12 23 13 22 11 20
16 12 16 15 18 15 18 12
15 31 15 32 16 32 16 31
19 11 19 13 20 13 20 11
25 33 26 33 26 32 25 32
29 31 30 32 31 31 30 30
9 15 11 17 12 16 10 14
33 31 32 32 31 31 32 30
34 29 33 30 30 27 31 26
13 31 14 32 15 31 14 30
10 20 10 21 11 21 11 20
14 31 14 30 13 30 13 31
30 31 29 31 29 32 30 32
31 30 30 30 30 31 31 31
30 14 29 14 29 18 30 18
27 32 28 33 29 32 28 31
32 17 31 17 31 18 32 18
9 13 9 15 12 15 12 13
33 14 33 12 30 12 30 14
11 23 11 25 12 25 12 23
23 33 23 32 22 32 22 33
33 23 32 23 32 24 33 24
33 22 32 23 30 21 31 20
16 13 13 16 12 15 15 12
34 24 33 25 32 24 33 23
10 22 11 23 12 22 11 21
33 18 32 18 32 22 33 22
14 15 14 20 16 20 16 15
15 14 15 18 19 18 19 14
29 30 30 30 30 27 29 27
30 15 27 18 26 17 29 14
34 25 34 24 33 24 33 25
13 17 16 20 20 16 17 13
27 31 27 32 28 32 28 31
12 20 12 22 13 22 13 20
20 12 19 13 18 12 19 11
20 32 22 32 22 30 20 30
24 32 25 32 25 30 24 30
23 12 21 14 20 13 22 11
28 30 28 31 29 31 29 30
25 12 23 12 23 16 25 16
15 29 14 30 12 28 13 27
26 13 26 17 27 17 27 13
27 14 25 16 24 15 26 13
28 29 28 24 22 24 22 29
31 24 31 25 32 25 32 24
21 31 20 32 19 31 20 30
23 31 22 32 21 31 22 30
31 21 31 20 30 20 30 21
31 23 28 23 28 24 31 24
31 22 31 23 32 23 32 22
18 30 20 30 20 27 18 27
26 14 30 18 31 17 27 13
25 31 24 32 23 31 24 30
30 26 30 27 31 27 31 26
15 27 18 27 18 26 15 26
30 19 29 19 29 20 30 20
30 25 31 26 32 25 31 24
7 27 11 31 15 27 11 23
13 29 15 29 15 27 13 27
32 19 31 20 30 19 31 18
31 19 31 18 30 18 30 19
20 14 20 16 21 16 21 14
30 24 31 25 32 24 31 23
12 30 13 30 13 29 12 29
13 19 14 20 20 14 19 13
30 22 28 24 27 23 29 21
17 28 22 33 23 32 18 27
10 18 12 20 13 19 11 17
12 19 13 19 13 17 12 17
24 29 23 30 22 29 23 28
26 28 26 27 23 27 23 28
28 18 28 19 29 19 29 18
11 19 11 20 12 20 12 19
28 17 27 17 27 18 28 18
25 29 27 31 28 30 26 28
27 27 27 26 26 26 26 27
15 22 15 23 17 23 17 22
22 15 24 15 24 11 22 11
29 22 30 22 30 21 29 21
6 17 6 19 11 19 11 17
29 25 27 27 26 26 28 24
20 15 21 16 22 15 21 14
28 20 27 20 27 23 28 23
29 26 30 26 30 25 29 25
21 28 17 32 16 31 20 27
28 21 29 22 30 21 29 20
22 28 24 30 25 29 23 27
17 25 12 25 12 28 17 28
27 19 28 20 29 19 28 18
15 25 20 30 22 28 17 23
19 28 19 31 21 31 21 28
27 25 27 23 25 23 25 25
20 17 20 16 13 16 13 17
27 24 29 26 30 25 28 23
17 16 19 18 20 17 18 15
18 25 18 23 17 23 17 25
26 19 26 20 27 20 27 19
14 17 15 18 17 16 16 15
17 26 18 27 19 26 18 25
19 25 18 25 18 26 19 26
21 18 21 20 22 20 22 18
21 26 23 28 27 24 25 22
18 22 17 23 15 21 16 20
20 19 19 20 18 19 19 18
17 19 17 22 18 22 18 19
22 17 21 18 20 17 21 16
24 18 24 17 22 17 22 18
25 19 23 21 22 20 24 18
25 20 23 20 23 21 25 21
19 21 21 21 21 20 19 20
22 19 21 20 20 19 21 18
20 24 23 27 25 25 22 22
25 17 25 19 26 19 26 17
25 18 23 20 22 19 24 17
20 26 21 26 21 24 20 24
20 21 18 23 17 22 19 20
21 22 21 24 22 24 22 22
23 22 23 21 22 21 22 22
24 21 23 22 22 21 23 20
23 23 25 23 25 22 23 22
26 21 25 22 24 21 25 20
26 22 26 21 25 21 25 22
24 22 25 23 26 22 25 21
