22
12 23 21 32 26 27 17 18
44 20 40 20 40 24 44 24
44 40 44 43 45 43 45 40
41 42 41 41 38 41 38 42
36 15 36 16 37 16 37 15
16 38 18 38 18 31 16 31
44 38 41 41 39 39 42 36
21 43 22 43 22 32 21 32
41 19 40 20 36 16 37 15
12 40 24 40 24 23 12 23
46 22 44 24 42 22 44 20
41 16 37 16 37 19 41 19
46 23 46 22 42 22 42 23
45 27 40 32 32 24 37 19
45 33 45 27 36 27 36 33
15 31 24 40 40 24 31 15
31 45 35 45 35 15 31 15
16 34 17 35 36 16 35 15
18 22 38 42 45 35 25 15
27 16 27 27 36 27 36 16
17 29 20 29 20 18 17 18
38 38 18 38 18 41 38 41
