86
5 13 10 18 14 14 9 9
5 16 10 16 10 13 5 13
5 22 9 26 15 20 11 16
7 25 9 27 11 25 9 23
31 24 28 27 25 24 28 21
11 9 11 13 14 13 14 9
29 11 26 11 26 12 29 12
29 27 29 25 28 25 28 27
7 22 7 25 11 25 11 22
31 21 28 21 28 24 31 24
10 26 9 26 9 27 10 27
26 28 26 22 23 22 23 28
30 16 28 18 27 17 29 15
24 9 24 13 28 13 28 9
29 14 28 15 27 14 28 13
9 15 14 15 14 14 9 14
11 26 11 28 14 28 14 26
12 27 11 28 10 27 11 26
29 22 29 20 26 20 26 22
28 14 28 15 29 15 29 14
9 20 11 22 13 20 11 18
29 18 24 23 23 22 28 17
25 27 26 28 29 25 28 24
3 18 7 22 9 20 5 16
9 11 11 13 13 11 11 9
30 14 29 15 28 14 29 13
27 28 26 28 26 29 27 29
27 27 27 28 28 28 28 27
29 17 28 17 28 18 29 18
27 25 25 25 25 27 27 27
30 13 29 13 29 14 30 14
22 10 21 11 20 10 21 9
27 24 27 25 28 25 28 24
23 10 23 9 22 9 22 10
27 23 25 23 25 24 27 24
12 14 10 16 9 15 11 13
26 14 26 15 27 15 27 14
30 20 27 23 26 22 29 19
30 19 29 19 29 20 30 20
22 27 22 29 25 29 25 27
27 16 23 16 23 17 27 17
17 27 17 18 12 18 12 27
29 16 28 17 27 16 28 15
28 16 28 15 27 15 27 16
21 28 22 29 23 28 22 27
20 28 21 28 21 27 20 27
12 15 11 16 9 14 10 13
18 11 21 11 21 9 18 9
30 15 29 15 29 16 30 16
19 27 20 28 21 27 20 26
13 24 14 24 14 20 13 20
12 16 11 16 11 18 12 18
31 14 30 15 29 14 30 13
31 15 31 14 30 14 30 15
9 24 11 26 13 24 11 22
16 26 20 26 20 24 16 24
21 12 17 16 14 13 18 9
12 26 14 28 16 26 14 24
24 11 22 13 21 12 23 10
24 14 24 13 22 13 22 14
26 18 22 18 22 20 26 20
16 13 14 13 14 14 16 14
25 14 24 14 24 23 25 23
13 21 15 23 16 22 14 20
21 13 21 12 16 12 16 13
27 12 25 14 24 13 26 11
25 12 25 14 26 14 26 12
13 19 9 19 9 20 13 20
19 25 20 26 21 25 20 24
8 22 9 23 13 19 12 18
15 11 13 11 13 19 15 19
22 24 22 25 25 25 25 24
24 16 23 17 21 15 22 14
15 15 20 20 21 19 16 14
23 15 21 15 21 16 23 16
21 24 22 24 22 20 21 20
19 26 20 27 22 25 21 24
16 23 16 22 15 22 15 23
15 18 16 19 17 18 16 17
23 18 21 20 20 19 22 17
23 19 22 20 21 19 22 18
16 20 20 20 20 19 16 19
20 16 20 19 21 19 21 16
17 10 17 16 20 16 20 10
17 17 17 18 22 18 22 17
16 16 16 17 17 17 17 16
