133
13 15 13 17 21 17 21 15
13 39 15 39 15 38 13 38
43 18 36 25 31 20 38 13
15 40 15 41 17 41 17 40
42 18 40 20 37 17 39 15
11 34 14 37 18 33 15 30
44 24 40 28 36 24 40 20
44 25 44 24 36 24 36 25
38 14 38 20 40 20 40 14
42 34 41 35 36 30 37 29
17 14 19 14 19 13 17 13
37 14 38 14 38 13 37 13
15 16 14 16 14 19 15 19
39 38 39 37 34 37 34 38
11 25 14 28 16 26 13 23
40 18 38 20 37 19 39 17
40 36 39 37 36 34 37 33
15 37 19 41 21 39 17 35
17 39 17 40 21 40 21 39
37 15 37 17 39 17 39 15
37 39 38 39 38 33 37 33
16 16 18 18 21 15 19 13
12 30 14 32 15 31 13 29
42 30 36 30 36 34 42 34
40 35 40 36 41 36 41 35
21 13 21 14 22 14 22 13
21 41 23 41 23 40 21 40
33 13 30 13 30 16 33 16
38 17 36 19 33 16 35 14
38 37 39 38 41 36 40 35
14 20 14 21 17 21 17 20
14 34 21 41 24 38 17 31
34 14 35 14 35 13 34 13
15 35 17 35 17 31 15 31
19 15 16 18 14 16 17 13
35 15 37 15 37 14 35 14
18 16 16 16 16 18 18 18
46 34 40 40 36 36 42 30
12 39 14 41 15 40 13 38
11 37 14 37 14 34 11 34
12 16 13 17 14 16 13 15
12 18 14 20 15 19 13 17
43 30 43 18 42 18 42 30
13 19 13 20 14 20 14 19
36 14 37 15 38 14 37 13
12 31 15 31 15 30 12 30
12 24 16 24 16 18 12 18
15 20 14 21 13 20 14 19
34 15 34 14 31 14 31 15
19 38 24 38 24 27 19 27
36 17 36 19 37 19 37 17
39 20 37 22 34 19 36 17
14 26 17 29 19 27 16 24
16 34 17 35 21 31 20 30
22 15 24 17 25 16 23 14
22 39 27 39 27 35 22 35
27 14 27 17 29 17 29 14
27 40 37 40 37 39 27 39
16 19 17 20 22 15 21 14
23 15 23 14 22 14 22 15
16 21 17 22 18 21 17 20
16 32 14 32 14 34 16 34
15 26 15 30 16 30 16 26
12 23 15 26 17 24 14 21
19 18 18 18 18 21 19 21
28 15 26 17 25 16 27 14
36 35 32 35 32 36 36 36
33 17 32 18 30 16 31 15
36 16 33 16 33 17 36 17
18 20 17 21 15 19 16 18
36 20 36 19 34 19 34 20
38 29 41 32 43 30 40 27
26 16 25 16 25 17 26 17
38 28 40 28 40 27 38 27
36 21 33 21 33 24 36 24
38 21 38 20 36 20 36 21
31 17 29 17 29 19 31 19
31 37 29 37 29 38 31 38
17 30 17 31 20 31 20 30
18 22 18 21 17 21 17 22
22 18 19 21 18 20 21 17
9 22 17 30 23 24 15 16
14 33 19 38 22 35 17 30
15 23 16 24 18 22 17 21
22 17 21 17 21 18 22 18
25 37 27 39 29 37 27 35
17 28 20 31 24 27 21 24
26 37 23 40 22 39 25 36
37 28 37 29 38 29 38 28
33 19 34 20 37 17 36 16
37 27 37 26 36 26 36 27
15 36 15 37 25 37 25 36
18 15 21 18 22 17 19 14
13 28 15 30 17 28 15 26
14 23 14 26 15 26 15 23
14 29 17 29 17 28 14 28
25 40 26 40 26 37 25 37
22 16 22 17 24 17 24 16
23 18 28 18 28 15 23 15
18 30 17 31 16 30 17 29
30 18 29 19 28 18 29 17
13 21 13 23 14 23 14 21
13 32 14 32 14 29 13 29
13 26 13 28 14 28 14 26
21 20 21 24 23 24 23 20
33 20 33 19 31 19 31 20
36 28 36 27 34 27 34 28
35 34 31 38 17 24 21 20
35 31 29 31 29 33 35 33
34 22 25 22 25 25 34 25
19 29 20 30 24 26 23 25
35 29 30 34 29 33 34 28
37 31 37 29 35 29 35 31
35 21 34 22 33 21 34 20
26 19 25 20 23 18 24 17
28 19 26 19 26 23 28 23
31 34 32 35 38 29 37 28
35 26 36 26 36 25 35 25
35 27 36 28 37 27 36 26
24 20 25 20 25 17 24 17
22 37 25 40 31 34 28 31
34 34 31 34 31 37 34 37
29 20 29 21 30 21 30 20
34 29 34 28 32 28 32 29
33 23 35 25 36 24 34 22
28 20 29 21 30 20 29 19
21 21 24 24 28 20 25 17
24 21 21 24 20 23 23 20
25 33 27 33 27 27 25 27
21 26 21 24 17 24 17 26
26 21 25 22 24 21 25 20
33 26 33 27 34 27 34 26
31 23 27 27 25 25 29 21
