97
10 32 12 32 12 31 10 31
32 32 32 30 30 30 30 32
32 11 31 11 31 12 32 12
31 31 30 32 29 31 30 30
34 16 32 18 30 16 32 14
30 11 30 10 28 10 28 11
9 15 12 18 13 17 10 14
34 19 34 16 31 16 31 19
33 16 32 17 31 16 32 15
31 13 30 14 27 11 28 10
31 29 29 29 29 31 31 31
9 24 11 26 20 17 18 15
31 14 30 14 30 16 31 16
31 28 31 29 32 29 32 28
16 32 16 24 15 24 15 32
9 20 9 24 15 24 15 20
12 29 17 29 17 28 12 28
15 11 21 17 22 16 16 10
15 31 16 32 18 30 17 29
27 31 25 31 25 32 27 32
10 18 12 18 12 15 10 15
14 30 18 30 18 26 14 26
30 28 31 29 32 28 31 27
32 24 32 18 25 18 25 24
29 13 31 13 31 12 29 12
22 32 22 31 20 31 20 32
15 12 25 12 25 11 15 11
33 31 32 32 31 31 32 30
33 13 32 14 31 13 32 12
10 12 10 14 15 14 15 12
9 14 9 15 10 15 10 14
32 13 31 13 31 14 32 14
8 19 9 20 13 16 12 15
13 31 14 32 15 31 14 30
12 30 12 29 10 29 10 30
11 14 12 15 15 12 14 11
13 30 13 31 14 31 14 30
30 13 31 14 32 13 31 12
30 27 30 28 31 28 31 27
33 12 32 12 32 13 33 13
11 31 12 32 13 31 12 30
11 30 12 31 13 30 12 29
27 30 28 31 31 28 30 27
9 31 10 32 11 31 10 30
9 30 9 31 10 31 10 30
28 30 27 30 27 31 28 31
11 22 11 26 14 26 14 22
15 29 14 30 12 28 13 27
27 13 27 17 29 17 29 13
28 28 28 30 30 30 30 28
26 11 26 13 27 13 27 11
27 12 26 13 25 12 26 11
27 29 28 30 29 29 28 28
12 24 14 26 16 24 14 22
24 30 27 30 27 29 24 29
30 23 24 23 24 25 30 25
31 22 30 23 27 20 28 19
26 14 29 17 30 16 27 13
18 29 15 32 14 31 17 28
21 30 20 31 18 29 19 28
20 13 20 17 21 17 21 13
19 30 21 30 21 28 19 28
29 20 27 20 27 29 29 29
16 15 16 18 18 18 18 15
16 27 17 28 22 23 21 22
12 10 12 15 16 15 16 10
11 20 15 24 20 19 16 15
14 18 14 22 16 22 16 18
18 14 18 15 26 15 26 14
28 18 24 22 23 21 27 17
28 22 31 22 31 19 28 19
25 16 22 16 22 18 25 18
29 18 28 19 25 16 26 15
26 25 25 26 24 25 25 24
20 27 21 28 24 25 23 24
18 16 16 18 10 12 12 10
17 17 17 19 20 19 20 17
17 25 17 28 19 28 19 25
8 25 17 25 17 19 8 19
17 16 13 16 13 17 17 17
23 26 25 26 25 24 23 24
20 26 20 27 23 27 23 26
18 28 22 32 24 30 20 26
23 17 23 20 27 20 27 17
18 23 22 23 22 18 18 18
9 26 12 29 18 23 15 20
21 24 21 22 16 22 16 24
19 19 20 20 22 18 21 17
23 22 23 21 21 21 21 22
29 16 23 22 20 19 26 13
23 23 24 23 24 22 23 22
29 27 28 28 23 23 24 22
22 24 23 24 23 23 22 23
20 22 22 24 23 23 21 21
22 28 22 24 21 24 21 28
25 28 22 28 22 31 25 31
26 26 25 26 25 28 26 28
