146
9 11 12 14 13 13 10 10
6 20 12 26 16 22 10 16
11 32 12 32 12 29 11 29
34 14 31 17 28 14 31 11
34 15 34 14 32 14 32 15
32 30 32 28 30 28 30 30
13 10 10 10 10 13 13 13
32 13 31 13 31 14 32 14
30 11 30 13 31 13 31 11
9 27 11 29 14 26 12 24
33 27 32 28 31 27 32 26
10 14 10 16 12 16 12 14
10 27 11 28 14 25 13 24
15 32 16 32 16 30 15 30
32 27 32 26 31 26 31 27
33 18 32 19 28 15 29 14
32 16 32 15 28 15 28 16
13 12 17 16 19 14 15 10
29 30 29 26 22 26 22 30
9 21 9 27 10 27 10 21
11 15 12 16 13 15 12 14
11 27 13 29 14 28 12 26
12 28 14 28 14 26 12 26
32 18 29 21 28 20 31 17
32 24 30 24 30 25 32 25
26 11 25 11 25 12 26 12
33 14 32 15 31 14 32 13
33 28 33 27 32 27 32 28
30 31 30 30 29 30 29 31
9 15 10 16 11 15 10 14
10 28 11 28 11 27 10 27
33 16 32 16 32 18 33 18
33 26 32 27 31 26 32 25
33 25 32 25 32 26 33 26
27 30 28 31 29 30 28 29
30 27 28 27 28 28 30 28
17 11 17 14 18 14 18 11
25 31 24 32 22 30 23 29
31 25 32 26 33 25 32 24
11 11 9 11 9 15 11 15
11 24 12 24 12 23 11 23
31 18 29 18 29 20 31 20
30 26 30 25 29 25 29 26
9 22 11 24 12 23 10 21
10 25 15 30 16 29 11 24
11 20 13 20 13 15 11 15
22 31 23 32 26 29 25 28
6 23 11 23 11 20 6 20
9 20 10 21 11 20 10 19
20 31 22 31 22 30 20 30
15 13 13 13 13 15 15 15
15 29 16 29 16 25 15 25
27 29 29 31 30 30 28 28
29 27 30 28 31 27 30 26
12 17 12 22 15 22 15 17
13 30 15 30 15 29 13 29
19 10 15 10 15 13 19 13
19 31 19 32 20 32 20 31
21 31 20 32 19 31 20 30
10 31 11 32 13 30 12 29
19 30 20 30 20 27 19 27
27 14 27 15 28 15 28 14
27 28 27 29 28 29 28 28
30 19 29 20 28 19 29 18
28 13 27 14 25 12 26 11
29 28 28 29 27 28 28 27
18 31 19 32 20 31 19 30
18 30 18 31 19 31 19 30
20 12 24 16 25 15 21 11
22 12 22 11 21 11 21 12
25 13 27 15 28 14 26 12
25 29 25 28 23 28 23 29
29 17 31 17 31 14 29 14
35 17 32 20 29 17 32 14
29 13 28 13 28 14 29 14
26 31 26 29 25 29 25 31
27 13 25 13 25 14 27 14
24 12 22 12 22 16 24 16
18 29 16 29 16 30 18 30
29 24 30 24 30 21 29 21
17 28 18 29 20 27 19 26
28 17 28 18 29 18 29 17
21 13 21 12 20 12 20 13
21 29 20 30 18 28 19 27
16 15 15 15 15 17 16 17
26 15 26 19 27 19 27 15
27 26 28 27 29 26 28 25
28 24 28 25 29 25 29 24
14 23 16 25 17 24 15 22
14 24 14 23 13 23 13 24
24 28 25 29 29 25 28 24
17 15 17 16 20 16 20 15
27 17 28 18 29 17 28 16
27 25 27 22 24 22 24 25
20 14 20 15 25 15 25 14
16 14 16 15 17 15 17 14
21 14 20 15 19 14 20 13
21 28 18 28 18 29 21 29
28 21 29 21 29 20 28 20
15 24 14 24 14 25 15 25
18 27 19 27 19 26 18 26
24 15 25 16 26 15 25 14
14 14 16 14 16 12 14 12
30 23 29 24 27 22 28 21
17 13 16 14 15 13 16 12
17 27 17 28 18 28 18 27
16 26 17 27 18 26 17 25
27 20 28 20 28 19 27 19
21 15 22 16 25 13 24 12
19 15 20 16 21 15 20 14
21 27 26 27 26 23 21 23
16 24 16 25 17 25 17 24
16 19 18 21 19 20 17 18
14 22 16 24 18 22 16 20
16 18 10 18 10 19 16 19
18 16 16 18 15 17 17 15
17 17 16 17 16 18 17 18
23 26 25 28 26 27 24 25
16 21 16 22 18 22 18 21
18 17 17 18 16 17 17 16
13 21 16 21 16 20 13 20
15 19 13 21 10 18 12 16
26 21 26 19 25 19 25 21
17 19 16 20 15 19 16 18
19 17 20 18 21 17 20 16
19 25 20 26 22 24 21 23
23 25 23 20 19 20 19 25
25 23 23 25 22 24 24 22
18 18 18 21 20 21 20 18
24 18 23 19 21 17 22 16
17 20 17 19 16 19 16 20
28 23 28 21 26 21 26 23
25 18 25 16 24 16 24 18
25 20 26 21 27 20 26 19
25 22 26 23 27 22 26 21
23 18 23 19 24 19 24 18
19 16 22 19 23 18 20 15
20 24 20 26 22 26 22 24
22 18 22 16 20 16 20 18
19 22 20 23 21 22 20 21
17 23 17 24 20 24 20 23
20 22 20 23 21 23 21 22
22 20 24 22 25 21 23 19
21 20 22 21 23 20 22 19
21 21 20 22 17 19 18 18
22 22 22 21 21 21 21 22
