188
14 42 16 42 16 40 14 40
46 35 42 39 35 32 39 28
44 38 41 41 39 39 42 36
14 16 17 19 18 18 15 15
42 16 40 16 40 20 42 20
46 25 42 25 42 35 46 35
40 41 41 41 41 36 40 36
18 42 19 42 19 37 18 37
38 14 38 16 39 16 39 14
38 42 40 42 40 41 38 41
11 30 15 34 18 31 14 27
11 27 11 30 14 30 14 27
17 15 20 15 20 14 17 14
39 15 40 16 41 15 40 14
39 41 38 42 37 41 38 40
44 23 42 25 40 23 42 21
42 19 39 22 36 19 39 16
38 15 39 16 40 15 39 14
16 39 16 40 21 40 21 39
39 40 39 39 38 39 38 40
12 28 14 30 17 27 15 25
15 19 17 19 17 15 15 15
37 15 38 16 39 15 38 14
41 19 39 19 39 21 41 21
35 14 35 15 36 15 36 14
18 40 16 42 14 40 16 38
13 31 17 35 18 34 14 30
15 36 17 38 18 37 16 35
22 14 22 16 23 16 23 14
42 34 40 36 39 35 41 33
16 37 16 38 17 38 17 37
37 40 37 41 38 41 38 40
14 23 14 27 16 27 16 23
17 18 18 19 21 16 20 15
18 17 18 16 14 16 14 17
23 42 24 42 24 41 23 41
15 21 18 21 18 20 15 20
15 35 17 37 21 33 19 31
35 41 36 42 37 41 36 40
41 35 41 36 42 36 42 35
16 36 16 35 15 35 15 36
20 16 21 16 21 15 20 15
15 22 15 21 14 21 14 22
12 40 14 42 16 40 14 38
12 38 12 40 14 40 14 38
14 18 15 19 18 16 17 15
44 22 40 22 40 23 44 23
42 37 39 40 38 39 41 36
12 24 12 28 20 28 20 24
13 22 14 23 15 22 14 21
13 23 14 23 14 22 13 22
19 15 20 16 21 15 20 14
14 34 14 35 15 35 15 34
37 17 37 15 36 15 36 17
39 37 39 39 42 39 42 37
42 26 41 27 37 23 38 22
14 29 16 31 18 29 16 27
11 37 12 38 15 35 14 34
11 36 11 37 15 37 15 36
40 18 39 19 37 17 38 16
39 17 37 17 37 19 39 19
42 27 41 28 40 27 41 26
42 29 38 33 37 32 41 28
42 28 40 30 39 29 41 27
15 23 18 26 19 25 16 22
23 15 22 16 21 15 22 14
33 41 32 42 31 41 32 40
35 40 34 41 30 37 31 36
40 35 41 35 41 33 40 33
15 24 18 27 19 26 16 23
43 17 41 19 40 18 42 16
36 41 36 40 35 40 35 41
36 39 36 40 37 40 37 39
39 36 40 36 40 35 39 35
19 38 21 40 22 39 20 37
22 40 21 40 21 41 22 41
25 15 24 16 23 15 24 14
41 25 42 25 42 21 41 21
41 31 40 32 39 31 40 30
37 42 37 41 36 41 36 42
20 40 21 41 22 40 21 39
30 41 31 41 31 39 30 39
21 17 22 17 22 16 21 16
27 15 27 17 35 17 35 15
41 29 41 28 39 28 39 29
28 41 26 41 26 42 28 42
33 40 35 40 35 37 33 37
26 14 26 15 27 15 27 14
29 42 30 42 30 41 29 41
32 41 33 41 33 40 32 40
36 18 36 17 35 17 35 18
38 36 38 37 39 37 39 36
24 40 24 41 26 41 26 40
17 34 18 34 18 31 17 31
31 42 32 42 32 41 31 41
16 34 16 35 17 35 17 34
25 41 24 42 23 41 24 40
27 41 26 42 25 41 26 40
16 32 15 32 15 34 16 34
40 25 40 23 37 23 37 25
18 35 17 35 17 37 18 37
21 18 21 17 18 17 18 18
21 38 21 39 22 39 22 38
38 21 38 22 39 22 39 21
38 35 39 35 39 33 38 33
26 16 27 17 28 16 27 15
40 26 40 27 41 27 41 26
33 17 31 19 28 16 30 14
33 39 32 40 31 39 32 38
16 29 16 31 17 31 17 29
25 16 26 16 26 15 25 15
29 40 28 41 22 35 23 34
37 20 37 19 36 19 36 20
28 40 28 41 29 41 29 40
24 17 24 16 23 16 23 17
39 32 39 33 40 33 40 32
22 18 22 21 23 21 23 18
34 38 34 35 32 35 32 38
31 40 30 41 29 40 30 39
19 21 19 25 22 25 22 21
35 19 36 20 37 19 36 18
37 21 38 21 38 20 37 20
17 26 17 27 18 27 18 26
18 33 17 34 15 32 16 31
39 30 39 29 35 29 35 30
27 39 27 33 24 33 24 39
29 39 30 39 30 37 29 37
40 31 40 30 39 30 39 31
30 40 29 41 28 40 29 39
38 32 37 32 37 33 38 33
35 20 35 22 36 22 36 20
18 25 18 26 19 26 19 25
31 18 31 19 35 19 35 18
38 25 35 28 32 25 35 22
38 31 38 32 39 32 39 31
19 33 21 33 21 31 19 31
18 30 18 31 19 31 19 30
26 38 26 40 28 40 28 38
30 38 29 39 28 38 29 37
41 32 41 31 40 31 40 32
16 30 17 31 18 30 17 29
25 39 26 40 27 39 26 38
34 19 35 20 36 19 35 18
38 27 39 28 40 27 39 26
28 18 28 16 26 16 26 18
36 34 38 36 39 35 37 33
21 35 21 36 22 36 22 35
35 21 36 22 37 21 36 20
43 34 42 35 40 33 41 32
31 37 31 36 30 36 30 37
23 36 26 36 26 35 23 35
36 23 37 23 37 22 36 22
36 33 36 32 35 32 35 33
21 34 18 34 18 35 21 35
37 26 37 25 35 25 35 26
23 38 23 36 22 36 22 38
37 34 37 33 36 33 36 34
20 35 21 36 22 35 21 34
37 27 37 31 38 31 38 27
28 19 28 21 29 21 29 19
28 37 30 39 34 35 32 33
32 36 33 37 36 34 35 33
31 20 31 22 32 22 32 20
29 18 28 19 25 16 26 15
36 31 36 32 37 32 37 31
22 34 22 35 23 35 23 34
26 20 27 21 29 19 28 18
21 32 23 34 24 33 22 31
24 21 27 21 27 17 24 17
27 36 24 39 23 38 26 35
29 20 31 22 33 20 31 18
26 19 18 19 18 20 26 20
27 20 28 21 29 20 28 19
36 28 35 29 32 26 33 25
22 33 21 33 21 34 22 34
33 22 32 22 32 25 33 25
34 33 34 32 32 32 32 33
35 31 35 30 34 30 34 31
21 30 21 31 22 31 22 30
24 22 24 24 28 24 28 22
35 35 35 33 34 33 34 35
36 30 35 31 34 30 35 29
23 22 24 22 24 21 23 21
34 24 35 25 36 24 35 23
23 23 23 22 16 22 16 23
23 33 23 31 22 31 22 33
34 25 35 25 35 24 34 24
32 23 34 25 35 24 33 22
