39
4 18 7 21 10 18 7 15
5 13 7 15 10 12 8 10
25 15 21 19 18 16 22 12
7 10 7 12 8 12 8 10
7 20 11 20 11 15 7 15
10 7 10 8 13 8 13 7
10 22 11 23 18 16 17 15
20 8 20 10 21 10 21 8
20 22 19 23 16 20 17 19
7 17 8 18 11 15 10 14
13 23 13 20 11 20 11 23
19 22 17 22 17 23 19 23
8 22 10 22 10 18 8 18
21 20 21 19 17 19 17 20
11 9 11 12 15 12 15 9
19 21 19 22 20 22 20 21
21 11 22 12 23 11 22 10
8 14 10 14 10 12 8 12
14 8 13 8 13 15 14 15
16 8 16 12 17 12 17 8
4 14 4 18 8 18 8 14
22 11 22 10 21 10 21 11
22 14 20 16 18 14 20 12
23 12 23 11 22 11 22 12
24 13 17 20 16 19 23 12
17 21 17 20 16 20 16 21
9 14 12 17 14 15 11 12
21 14 21 19 22 19 22 14
10 16 18 16 18 14 10 14
20 15 20 12 17 12 17 15
25 16 25 15 20 15 20 16
13 11 10 14 8 12 11 9
13 19 13 20 16 20 16 19
19 14 21 14 21 11 19 11
19 16 18 16 18 21 19 21
18 13 19 14 22 11 21 10
15 13 17 15 18 14 16 12
16 13 16 12 15 12 15 13
15 16 20 21 21 20 16 15
