106
50 26 37 39 26 28 39 15
50 27 50 26 33 26 33 27
49 23 41 31 33 23 41 15
48 27 41 34 33 26 40 19
11 19 13 21 17 17 15 15
17 41 24 41 24 36 17 36
13 36 13 38 14 38 14 36
41 18 40 19 37 16 38 15
14 37 15 38 17 36 16 35
41 35 41 34 40 34 40 35
41 20 35 20 35 31 41 31
16 38 16 35 15 35 15 38
12 26 13 27 14 26 13 25
12 27 13 27 13 26 12 26
15 18 17 18 17 17 15 17
39 18 41 18 41 15 39 15
17 16 17 15 15 15 15 16
22 13 22 17 24 17 24 13
32 41 34 41 34 37 32 37
14 34 14 28 13 28 13 34
39 35 38 35 38 41 39 41
17 37 16 38 14 36 15 35
12 37 13 38 14 37 13 36
20 15 17 18 15 16 18 13
16 19 19 22 20 21 17 18
19 38 21 38 21 35 19 35
11 14 11 19 16 19 16 14
18 37 19 38 28 29 27 28
15 21 13 21 13 25 15 25
14 24 14 26 17 26 17 24
29 14 25 18 24 17 28 13
9 16 13 20 15 18 11 14
9 17 15 17 15 16 9 16
18 40 30 40 30 37 18 37
30 13 29 13 29 14 30 14
16 34 16 35 18 35 18 34
20 16 17 16 17 17 20 17
34 16 37 16 37 14 34 14
27 40 28 41 31 38 30 37
32 15 20 15 20 16 32 16
17 19 17 22 19 22 19 19
15 39 17 41 18 40 16 38
13 19 15 21 17 19 15 17
33 15 34 16 35 15 34 14
39 23 34 28 33 27 38 22
16 21 17 22 20 19 19 18
16 33 18 35 20 33 18 31
24 15 22 17 20 15 22 13
14 39 15 39 15 38 14 38
32 14 32 15 33 15 33 14
15 34 16 34 16 33 15 33
31 15 32 16 33 15 32 14
14 35 15 35 15 34 14 34
36 19 40 19 40 13 36 13
31 16 35 20 36 19 32 15
38 23 38 22 33 22 33 23
17 21 20 24 22 22 19 19
21 17 20 17 20 18 21 18
12 35 13 36 14 35 13 34
19 17 20 18 21 17 20 16
37 32 35 32 35 39 37 39
16 28 16 33 20 33 20 28
26 38 31 38 31 36 26 36
16 27 14 27 14 28 16 28
17 31 18 31 18 26 17 26
12 30 15 33 17 31 14 28
38 33 34 37 33 36 37 32
12 32 26 32 26 30 12 30
39 33 39 23 38 23 38 33
38 34 39 35 40 34 39 33
25 17 24 17 24 18 25 18
17 27 19 29 20 28 18 26
21 19 24 19 24 18 21 18
33 35 31 35 31 36 33 36
20 34 21 35 22 34 21 33
25 13 25 17 28 17 28 13
22 39 22 34 20 34 20 39
36 30 35 31 33 29 34 28
32 19 32 25 36 25 36 19
36 35 36 30 33 30 33 35
31 18 32 19 37 14 36 13
25 36 25 19 24 19 24 36
33 20 35 20 35 15 33 15
26 18 25 19 24 18 25 17
27 18 27 21 31 21 31 18
23 35 23 33 21 33 21 35
35 23 31 27 21 17 25 13
27 38 24 41 22 39 25 36
22 20 22 22 33 22 33 20
32 34 38 34 38 33 32 33
34 32 35 32 35 31 34 31
21 21 21 19 20 19 20 21
19 25 19 29 21 29 21 25
29 19 31 21 34 18 32 16
29 35 26 38 24 36 27 33
14 22 18 26 19 25 15 21
26 19 26 18 25 18 25 19
26 35 25 36 16 27 17 26
27 35 29 35 29 33 27 33
31 39 30 40 26 36 27 35
24 34 23 35 22 34 23 33
30 34 30 37 32 37 32 34
25 20 31 26 32 25 26 19
33 39 33 38 31 38 31 39
31 32 32 33 34 31 33 30
32 31 34 31 34 28 32 28
