74
50 27 44 33 37 26 43 20
50 28 50 27 44 27 44 28
46 17 43 20 41 18 44 15
16 44 16 42 15 42 15 44
42 14 42 20 43 20 43 14
44 41 44 40 37 40 37 41
16 15 16 16 26 16 26 15
46 24 46 17 36 17 36 24
16 41 18 41 18 37 16 37
20 44 22 44 22 30 20 30
44 38 44 37 40 37 40 38
13 23 20 30 25 25 18 18
17 18 17 22 18 22 18 18
17 40 18 41 31 28 30 27
43 21 41 21 41 25 43 25
44 24 43 25 40 22 41 21
44 34 40 38 36 34 40 30
36 15 29 15 29 17 36 17
40 18 34 18 34 22 40 22
43 35 39 35 39 36 43 36
44 30 39 35 38 34 43 29
44 29 44 28 43 28 43 29
48 37 44 41 40 37 44 33
48 34 44 34 44 37 48 37
40 14 40 18 41 18 41 14
42 16 40 18 38 16 40 14
44 23 38 29 30 21 36 15
45 28 44 29 43 28 44 27
43 34 43 29 42 29 42 34
42 23 42 20 38 20 38 23
39 19 41 21 42 20 40 18
29 43 44 43 44 42 29 42
24 42 24 39 19 39 19 42
38 19 39 19 39 16 38 16
38 39 38 37 34 37 34 39
16 29 21 34 23 32 18 27
16 27 16 29 18 29 18 27
17 25 17 40 25 40 25 25
16 25 17 25 17 22 16 22
22 19 24 19 24 18 22 18
31 41 33 41 33 37 31 37
18 24 24 30 30 24 24 18
40 34 38 34 38 37 40 37
11 20 16 25 21 20 16 15
11 26 19 26 19 20 11 20
15 23 17 25 18 24 16 22
28 17 26 17 26 24 28 24
28 41 28 36 27 36 27 41
30 41 29 42 28 41 29 40
29 41 28 41 28 42 29 42
40 33 44 33 44 30 40 30
47 32 43 36 40 33 44 29
13 30 15 30 15 23 13 23
30 42 29 43 28 42 29 41
38 22 37 23 33 19 34 18
40 26 43 29 44 28 41 25
30 40 29 40 29 41 30 41
20 23 26 29 30 25 24 19
12 23 16 27 20 23 16 19
26 39 26 30 24 30 24 39
24 20 28 24 33 19 29 15
34 38 31 41 30 40 33 37
29 39 26 39 26 40 29 40
33 20 38 20 38 19 33 19
38 26 38 23 37 23 37 26
28 40 29 41 30 40 29 39
40 28 31 37 29 35 38 26
39 25 38 26 36 24 37 23
37 24 42 29 43 28 38 23
23 36 23 32 14 32 14 36
35 22 30 27 28 25 33 20
20 28 22 30 24 28 22 26
28 20 32 24 34 22 30 18
38 28 40 28 40 26 38 26
