24
24 22 23 23 19 19 20 18
24 19 23 20 17 14 18 13
21 9 14 16 13 15 20 8
23 17 18 17 18 20 23 20
14 23 18 23 18 20 14 20
20 9 21 9 21 8 20 8
22 12 20 12 20 18 22 18
21 19 21 22 24 22 24 19
15 9 15 12 20 12 20 9
15 7 7 7 7 9 15 9
10 13 10 17 18 17 18 13
14 10 22 18 23 17 15 9
19 14 19 19 21 19 21 14
13 18 13 20 14 20 14 18
18 19 16 21 13 18 15 16
14 12 14 16 15 16 15 12
16 18 14 20 12 18 14 16
20 21 20 18 16 18 16 21
12 15 12 18 13 18 13 15
15 18 13 20 10 17 12 15
13 14 15 16 17 14 15 12
17 15 17 14 13 14 13 15
16 16 15 16 15 18 16 18
13 13 16 16 17 15 14 12
