43
11 13 11 17 14 17 14 13
8 22 12 26 16 22 12 18
35 17 33 19 31 17 33 15
11 29 14 29 14 22 11 22
35 21 28 28 26 26 33 19
10 17 16 23 20 19 14 13
31 13 25 13 25 17 31 17
15 32 21 32 21 30 15 30
14 31 26 31 26 29 14 29
10 22 11 22 11 17 10 17
29 13 30 14 31 13 30 12
31 29 31 28 28 28 28 29
13 30 14 31 15 30 14 29
31 30 33 30 33 29 31 29
32 17 30 19 24 13 26 11
32 27 31 28 22 19 23 18
35 26 31 30 28 27 32 23
35 24 26 24 26 26 35 26
33 22 32 23 29 20 30 19
30 15 30 19 33 19 33 15
12 19 14 19 14 18 12 18
12 20 14 22 16 20 14 18
32 21 35 21 35 17 32 17
32 22 16 22 16 23 32 23
18 13 18 20 24 20 24 13
25 30 26 31 27 30 26 29
28 16 25 19 22 16 25 13
14 20 14 22 16 22 16 20
20 14 20 15 30 15 30 14
29 18 29 16 28 16 28 18
22 30 22 25 21 25 21 30
24 33 24 30 22 30 22 33
16 30 19 33 22 30 19 27
24 29 21 32 11 22 14 19
16 18 22 18 22 16 16 16
15 23 13 23 13 30 15 30
25 27 24 28 21 25 22 24
27 27 25 27 25 30 27 30
28 21 27 21 27 27 28 27
18 26 19 27 21 25 20 24
18 22 20 24 24 20 22 18
25 24 25 19 22 19 22 24
23 26 26 29 28 27 25 24
