51
7 25 14 32 22 24 15 17
7 27 25 27 25 25 7 25
9 29 19 39 25 33 15 23
43 41 43 37 42 37 42 41
41 42 42 42 42 41 41 41
45 22 44 23 37 16 38 15
46 25 44 27 42 25 44 23
39 43 39 27 33 27 33 43
17 39 21 43 29 35 25 31
44 33 44 27 41 27 41 33
15 35 18 35 18 34 15 34
43 23 44 23 44 17 43 17
9 20 9 29 20 29 20 20
44 41 43 41 43 42 44 42
45 19 33 19 33 22 45 22
21 17 21 16 15 16 15 17
20 18 20 19 21 19 21 18
19 19 20 20 21 19 20 18
34 16 34 31 37 31 37 16
19 20 41 42 42 41 20 19
20 39 20 34 19 34 19 39
17 23 23 29 24 28 18 22
23 17 21 17 21 18 23 18
35 17 33 19 32 18 34 16
43 14 35 14 35 17 43 17
16 31 19 34 24 29 21 26
40 36 40 34 34 34 34 36
42 28 38 32 37 31 41 27
24 17 23 18 21 16 22 15
46 28 46 25 42 25 42 28
14 31 14 32 16 32 16 31
42 29 42 28 24 28 24 29
17 33 18 34 20 32 19 31
15 33 17 33 17 23 15 23
26 41 25 42 18 35 19 34
32 41 31 42 28 39 29 38
37 41 37 39 32 39 32 41
28 41 29 42 32 39 31 38
29 17 24 17 24 26 29 26
32 40 34 42 37 39 35 37
18 31 18 34 19 34 19 31
16 22 16 31 18 31 18 22
28 18 28 39 32 39 32 18
28 40 28 39 20 39 20 40
38 23 38 15 36 15 36 23
39 33 35 37 34 36 38 32
43 26 43 23 38 23 38 26
24 38 25 38 25 33 24 33
34 38 34 36 31 36 31 38
19 30 19 31 25 31 25 30
8 21 18 31 19 30 9 20
