48
30 28 29 29 28 28 29 27
9 10 12 10 12 9 9 9
29 28 29 27 28 27 28 28
11 28 16 28 16 23 11 23
9 23 10 23 10 20 9 20
26 11 22 11 22 13 26 13
27 12 26 13 25 12 26 11
9 16 17 16 17 11 9 11
22 9 17 9 17 11 22 11
29 20 27 20 27 21 29 21
4 21 11 28 16 23 9 16
30 29 30 28 29 28 29 29
29 9 26 9 26 11 29 11
7 12 14 19 16 17 9 10
7 25 13 25 13 12 7 12
8 22 9 23 11 21 10 20
28 12 27 12 27 17 28 17
23 28 23 27 20 27 20 28
27 14 26 15 25 14 26 13
27 23 25 23 25 27 27 27
12 14 21 23 26 18 17 9
14 26 16 28 20 24 18 22
24 26 23 27 20 24 21 23
11 22 12 22 12 21 11 21
10 29 14 29 14 26 10 26
8 21 10 23 11 22 9 20
28 24 25 27 24 26 27 23
12 26 13 27 14 26 13 25
12 13 12 14 19 14 19 13
26 24 28 24 28 18 26 18
4 22 8 22 8 21 4 21
11 20 11 19 10 19 10 20
1 19 4 22 12 14 9 11
22 26 22 19 14 19 14 26
26 17 25 18 23 16 24 15
22 29 24 29 24 26 22 26
14 24 13 25 11 23 12 22
20 12 20 15 24 15 24 12
25 22 21 22 21 23 25 23
19 26 20 27 25 22 24 21
25 17 25 18 26 18 26 17
20 25 13 25 13 27 20 27
26 25 26 24 20 24 20 25
27 26 24 29 23 28 26 25
20 14 12 22 11 21 19 13
19 24 20 24 20 18 19 18
22 16 22 19 23 19 23 16
34 14 27 21 22 16 29 9
