67
9 15 16 22 18 20 11 13
7 24 11 28 20 19 16 15
9 16 15 22 20 17 14 11
33 11 24 11 24 14 33 14
9 19 16 19 16 16 9 16
12 14 14 14 14 11 12 11
34 15 27 22 26 21 33 14
33 32 30 32 30 34 33 34
36 25 32 29 28 25 32 21
33 15 34 15 34 14 33 14
35 20 35 12 31 12 31 20
33 16 29 16 29 19 33 19
7 18 7 24 17 24 17 18
9 14 9 15 12 15 12 14
36 15 34 15 34 25 36 25
35 30 33 32 30 29 32 27
23 35 26 35 26 26 23 26
37 16 32 21 31 20 36 15
16 14 16 15 20 15 20 14
32 30 32 29 30 29 30 30
32 33 35 33 35 30 32 30
12 22 15 22 15 15 12 15
34 33 33 34 32 33 33 32
33 27 30 30 26 26 29 23
15 30 15 26 14 26 14 30
11 34 12 35 16 31 15 30
33 29 33 27 32 27 32 29
20 13 20 14 22 14 22 13
36 32 35 33 32 30 33 29
36 29 33 29 33 32 36 32
13 24 15 26 17 24 15 22
24 33 26 35 27 34 25 32
17 15 16 16 15 15 16 14
17 31 27 31 27 24 17 24
17 32 17 33 24 33 24 32
13 27 17 31 18 30 14 26
16 30 18 30 18 22 16 22
16 32 17 32 17 31 16 31
15 31 16 31 16 30 15 30
18 32 17 33 16 32 17 31
30 17 22 17 22 18 30 18
32 23 32 21 29 21 29 23
37 22 34 25 32 23 35 20
31 19 30 20 29 19 30 18
28 16 27 16 27 22 28 22
22 15 20 15 20 17 22 17
24 15 24 14 22 14 22 15
26 13 24 15 22 13 24 11
21 16 18 16 18 20 21 20
25 30 25 32 30 32 30 30
30 22 29 23 28 22 29 21
23 16 22 17 21 16 22 15
29 20 26 20 26 21 29 21
31 22 31 20 30 20 30 22
30 25 30 22 28 22 28 25
17 23 20 26 21 25 18 22
37 35 37 22 31 22 31 35
13 25 14 26 17 23 16 22
21 18 25 22 26 21 22 17
20 27 22 29 27 24 25 22
25 27 20 27 20 30 25 30
23 19 20 19 20 26 23 26
25 20 21 20 21 22 25 22
26 24 21 29 13 21 18 16
20 23 23 26 24 25 21 22
25 13 25 20 26 20 26 13
22 25 21 25 21 29 22 29
