136
9 13 13 17 15 15 11 11
11 33 12 33 12 31 11 31
9 14 15 14 15 13 9 13
33 12 29 12 29 13 33 13
33 31 33 30 32 30 32 31
35 27 33 29 28 24 30 22
14 33 16 33 16 31 14 31
30 33 31 33 31 30 30 30
12 13 14 15 15 14 13 12
34 27 33 28 30 25 31 24
31 31 32 32 33 31 32 30
11 28 14 31 15 30 12 27
15 32 16 33 17 32 16 31
29 32 30 33 32 31 31 30
10 20 11 21 14 18 13 17
11 17 11 20 13 20 13 17
11 27 11 28 12 28 12 27
10 21 11 21 11 20 10 20
10 23 12 25 15 22 13 20
30 13 28 15 27 14 29 12
11 26 12 27 13 26 12 25
18 33 19 33 19 32 18 32
33 26 33 22 32 22 32 26
32 28 32 26 29 26 29 28
13 15 14 15 14 12 13 12
29 31 26 31 26 32 29 32
13 32 14 33 15 32 14 31
12 14 13 15 15 13 14 12
10 18 13 21 14 20 11 17
32 29 33 29 33 28 32 28
13 30 13 32 15 32 15 30
31 29 31 30 32 30 32 29
20 11 15 11 15 13 20 13
11 32 12 33 13 32 12 31
34 29 33 30 32 29 33 28
11 23 13 23 13 21 11 21
23 11 22 11 22 14 23 14
13 16 13 17 17 17 17 16
28 13 27 13 27 14 28 14
35 29 35 27 34 27 34 29
34 30 34 29 33 29 33 30
9 25 11 27 13 25 11 23
11 15 11 16 13 16 13 15
9 22 9 25 12 25 12 22
10 26 11 26 11 23 10 23
10 22 11 23 12 22 11 21
12 18 12 19 14 19 14 18
12 26 13 26 13 25 12 25
30 15 30 14 28 14 28 15
19 12 20 13 21 12 20 11
36 15 33 18 30 15 33 12
18 12 18 18 19 18 19 12
17 31 20 31 20 25 17 25
23 32 22 33 20 31 21 30
28 30 29 30 29 28 28 28
15 29 15 30 16 30 16 29
31 25 30 25 30 29 31 29
12 32 13 33 16 30 15 29
14 29 15 29 15 28 14 28
17 30 16 31 15 30 16 29
30 17 28 19 26 17 28 15
13 24 16 24 16 23 13 23
24 31 25 31 25 30 24 30
28 29 29 30 30 29 29 28
10 32 11 33 12 32 11 31
12 29 12 31 14 31 14 29
32 17 30 17 30 22 32 22
31 20 31 21 33 21 33 20
31 23 28 23 28 24 31 24
31 22 28 25 26 23 29 20
14 26 15 27 17 25 16 24
18 30 21 30 21 19 18 19
26 14 26 17 27 17 27 14
35 20 33 22 31 20 33 18
13 28 14 28 14 26 13 26
26 13 24 13 24 14 26 14
19 31 18 32 17 31 18 30
25 13 26 14 27 13 26 12
29 27 28 28 26 26 27 25
16 28 15 29 14 28 15 27
35 18 33 18 33 20 35 20
27 12 26 12 26 13 27 13
22 12 24 14 25 13 23 11
20 14 20 16 22 16 22 14
14 21 14 20 13 20 13 21
15 18 15 15 14 15 14 18
15 26 15 27 19 27 19 26
12 17 14 19 15 18 13 16
14 25 15 26 17 24 16 23
26 15 25 16 23 14 24 13
14 22 16 24 20 20 18 18
22 30 21 30 21 33 22 33
28 27 23 27 23 28 28 28
15 25 15 22 14 22 14 25
30 27 29 28 28 27 29 26
29 19 28 19 28 20 29 20
15 20 15 19 14 19 14 20
24 29 25 30 28 27 27 26
30 20 29 21 28 20 29 19
26 29 26 26 24 26 24 29
28 26 28 25 27 25 27 26
23 29 23 28 16 28 16 29
22 15 19 18 17 16 20 13
16 19 16 18 15 18 15 19
16 25 17 25 17 24 16 24
23 30 24 30 24 29 23 29
22 29 23 30 24 29 23 28
18 27 21 30 22 29 19 26
28 22 24 26 23 25 27 21
17 19 18 19 18 18 17 18
19 17 20 18 21 17 20 16
25 17 25 16 22 16 22 17
26 18 22 18 22 19 26 19
17 20 16 21 15 20 16 19
20 17 20 18 21 18 21 17
17 23 17 21 16 21 16 23
23 17 22 18 21 17 22 16
29 17 26 20 23 17 26 14
16 20 17 20 17 19 16 19
17 22 16 23 15 22 16 21
22 27 23 27 23 25 22 25
25 26 23 28 22 27 24 25
26 25 26 23 24 23 24 25
35 19 33 21 29 17 31 15
15 21 16 21 16 20 15 20
18 21 19 22 22 19 21 18
26 22 26 23 28 23 28 22
19 20 20 20 20 18 19 18
25 24 24 25 23 24 24 23
27 24 27 21 25 21 25 24
20 23 20 25 22 25 22 23
21 24 22 25 23 24 22 23
20 22 26 22 26 20 20 20
22 24 19 27 17 25 20 22
19 24 20 25 21 24 20 23
19 23 20 23 20 22 19 22
