108
37 17 30 24 23 17 30 10
31 11 31 10 30 10 30 11
33 28 31 30 30 29 32 27
29 32 29 27 27 27 27 32
32 13 31 14 30 13 31 12
32 29 31 29 31 30 32 30
10 28 18 28 18 27 10 27
33 16 28 21 26 19 31 14
33 26 32 27 28 23 29 22
11 13 11 22 12 22 12 13
15 10 15 11 19 11 19 10
28 31 28 30 26 30 26 31
31 28 30 28 30 29 31 29
33 19 33 16 31 16 31 19
10 25 11 26 12 25 11 24
31 27 31 22 29 22 29 27
14 12 15 12 15 11 14 11
14 30 15 31 16 30 15 29
32 24 32 21 30 21 30 24
29 13 29 21 30 21 30 13
29 29 30 30 31 29 30 28
10 23 11 23 11 22 10 22
16 11 15 12 14 11 15 10
19 32 19 30 16 30 16 32
32 12 32 11 31 11 31 12
11 30 14 30 14 26 11 26
9 15 13 19 15 17 11 13
32 28 32 27 31 27 31 28
12 30 13 31 14 30 13 29
9 17 14 17 14 15 9 15
27 12 27 11 24 11 24 12
30 27 28 29 23 24 25 22
13 14 14 15 16 13 15 12
14 13 14 15 16 15 16 13
33 29 33 28 32 28 32 29
13 12 13 13 14 13 14 12
21 31 21 29 15 29 15 31
28 28 26 28 26 29 28 29
12 17 15 20 17 18 14 15
27 29 28 30 29 29 28 28
12 24 12 23 11 23 11 24
23 12 23 13 24 13 24 12
27 14 27 15 31 15 31 14
32 19 30 21 25 16 27 14
28 13 27 14 26 13 27 12
25 12 24 13 23 12 24 11
20 30 20 23 19 23 19 30
22 30 23 30 23 28 22 28
13 25 14 26 18 22 17 21
25 13 27 15 29 13 27 11
25 29 26 30 27 29 26 28
9 27 10 28 13 25 12 24
9 25 9 27 10 27 10 25
12 29 13 29 13 25 12 25
22 32 22 30 20 30 20 32
13 28 12 29 10 27 11 26
19 31 20 32 21 31 20 30
23 31 22 32 21 31 22 30
25 30 26 30 26 29 25 29
24 30 23 30 23 31 24 31
8 24 9 25 11 23 10 22
27 30 26 31 25 30 26 29
23 29 22 30 21 29 22 28
13 20 15 20 15 19 13 19
13 22 12 22 12 23 13 23
8 26 11 26 11 24 8 24
29 30 28 31 27 30 28 29
25 14 23 16 22 15 24 13
25 28 25 27 23 27 23 28
28 17 23 17 23 20 28 20
32 23 26 29 25 28 31 22
26 14 26 13 25 13 25 14
18 14 18 13 17 13 17 14
14 23 13 23 13 25 14 25
19 14 18 15 17 14 18 13
23 14 23 16 25 16 25 14
30 26 29 27 17 15 18 14
20 12 18 14 17 13 19 11
27 25 25 25 25 27 27 27
16 16 17 16 17 15 16 15
16 26 16 25 14 25 14 26
22 14 22 11 19 11 19 14
28 22 29 22 29 21 28 21
33 25 31 27 30 26 32 24
30 25 30 26 33 26 33 25
27 17 26 18 22 14 23 13
15 18 18 21 20 19 17 16
27 24 27 25 30 25 30 24
12 19 13 20 15 18 14 17
14 18 15 18 15 17 14 17
19 15 19 14 18 14 18 15
21 27 21 28 22 28 22 27
18 16 18 19 19 19 19 16
17 25 16 26 13 23 14 22
16 24 16 25 17 25 17 24
22 16 22 17 23 17 23 16
16 21 14 23 13 22 15 20
18 25 25 25 25 22 18 22
16 18 16 21 17 21 17 18
18 26 18 25 17 25 17 26
17 17 16 18 15 17 16 16
19 26 18 27 17 26 18 25
19 25 21 27 28 20 26 18
17 22 18 22 18 21 17 21
20 17 20 19 22 19 22 17
17 23 17 22 14 22 14 23
18 20 18 21 21 21 21 20
22 20 22 24 23 24 23 20
