71
35 17 26 26 22 22 31 13
8 16 10 18 12 16 10 14
32 13 31 13 31 16 32 16
30 31 29 32 22 25 23 24
8 20 11 20 11 16 8 16
31 29 29 31 27 29 29 27
30 29 31 29 31 23 30 23
10 17 17 24 18 23 11 16
24 32 24 31 20 31 20 32
13 29 16 32 21 27 18 24
29 29 29 31 30 31 30 29
16 11 16 14 19 14 19 11
26 31 25 32 24 31 25 30
15 12 18 15 19 14 16 11
35 16 31 20 28 17 32 13
9 14 11 16 15 12 13 10
9 17 10 17 10 14 9 14
33 25 29 29 27 27 31 23
33 24 23 24 23 25 33 25
26 32 29 32 29 31 26 31
32 17 35 17 35 16 32 16
14 12 14 24 15 24 15 12
27 30 27 29 25 29 25 30
16 12 17 13 19 11 18 10
19 31 20 32 23 29 22 28
22 11 22 12 24 12 24 11
31 22 30 23 29 22 30 21
13 15 18 15 18 10 13 10
33 22 32 23 31 22 32 21
32 22 31 22 31 23 32 23
15 29 17 29 17 24 15 24
33 21 32 21 32 22 33 22
15 30 15 29 13 29 13 30
30 17 30 21 32 21 32 17
13 26 14 27 16 25 15 24
30 13 28 13 28 17 30 17
19 30 20 31 29 22 28 21
27 14 30 17 31 16 28 13
12 20 31 20 31 16 12 16
12 22 14 24 19 19 17 17
10 27 13 30 30 13 27 10
15 31 19 31 19 30 15 30
10 24 10 27 14 27 14 24
27 12 24 12 24 14 27 14
11 22 12 22 12 20 11 20
21 12 27 18 28 17 22 11
7 27 12 32 15 29 10 24
16 28 22 28 22 25 16 25
12 28 12 32 16 32 16 28
13 19 13 25 16 25 16 19
7 23 12 28 21 19 16 14
24 28 25 29 27 27 26 26
28 23 30 23 30 21 28 21
26 28 24 28 24 31 26 31
17 27 16 28 13 25 14 24
21 14 19 14 19 19 21 19
22 14 22 12 21 12 21 14
23 15 31 23 32 22 24 14
27 19 21 19 21 27 27 27
24 26 22 28 21 27 23 25
25 17 25 21 28 21 28 17
25 13 17 13 17 17 25 17
23 13 24 14 25 13 24 12
21 13 22 14 23 13 22 12
26 22 23 25 22 24 25 21
17 18 17 17 10 17 10 18
29 26 29 22 26 22 26 26
24 17 20 21 17 18 21 14
17 23 17 24 18 24 18 23
20 24 22 24 22 22 20 22
23 23 23 15 18 15 18 23
