25
2 29 14 41 27 28 15 16
51 26 41 36 30 25 40 15
48 28 39 37 27 25 36 16
14 15 14 41 17 41 17 15
42 17 40 17 40 41 42 41
43 20 36 27 33 24 40 17
13 30 20 37 27 30 20 23
37 16 36 16 36 27 37 27
33 42 33 34 32 34 32 42
39 38 39 37 38 37 38 38
48 30 48 28 27 28 27 30
44 39 42 41 39 38 41 36
21 16 15 16 15 18 21 18
20 39 28 39 28 37 20 37
22 40 23 41 32 32 31 31
26 15 26 17 40 17 40 15
20 38 17 41 15 39 18 36
19 36 19 32 18 32 18 36
19 22 19 27 22 27 22 22
24 18 26 18 26 17 24 17
25 18 20 23 19 22 24 17
38 29 33 34 31 32 36 27
35 35 35 37 38 37 38 35
40 30 35 35 32 32 37 27
30 19 27 19 27 25 30 25
