153
6 30 16 40 24 32 14 22
6 28 6 30 17 30 17 28
48 22 41 29 34 22 41 15
42 14 41 14 41 15 42 15
12 38 14 40 16 38 14 36
42 40 42 38 37 38 37 40
43 38 39 42 37 40 41 36
45 22 39 28 34 23 40 17
44 20 39 25 37 23 42 18
15 40 15 42 16 42 16 40
40 15 41 16 42 15 41 14
15 17 17 19 18 18 16 16
40 16 40 17 41 17 41 16
44 23 44 20 39 20 39 23
12 32 12 38 16 38 16 32
38 41 41 41 41 37 38 37
17 40 17 38 16 38 16 40
43 34 42 34 42 38 43 38
14 20 14 22 16 22 16 20
44 28 41 31 39 29 42 26
38 40 37 41 35 39 36 38
13 25 14 26 15 25 14 24
36 15 35 15 35 17 36 17
36 41 36 39 35 39 35 41
22 42 22 39 21 39 21 42
13 26 17 30 23 24 19 20
19 16 17 18 16 17 18 15
19 40 19 41 20 41 20 40
40 19 40 17 36 17 36 19
43 28 39 32 35 28 39 24
41 35 41 31 36 31 36 35
42 32 39 32 39 34 42 34
14 25 13 25 13 26 14 26
46 36 42 40 38 36 42 32
46 35 41 35 41 36 46 36
43 17 41 17 41 28 43 28
13 38 15 40 17 38 15 36
15 16 15 17 16 17 16 16
12 22 14 24 16 22 14 20
44 34 44 28 43 28 43 34
44 33 43 34 38 29 39 28
12 24 14 24 14 22 12 22
34 41 34 40 33 40 33 41
42 25 42 24 39 24 39 25
19 17 16 17 16 20 19 20
26 42 26 40 25 40 25 42
20 16 19 16 19 17 20 17
29 14 28 14 28 15 29 15
15 33 14 33 14 36 15 36
23 41 22 42 20 40 21 39
33 15 31 15 31 16 33 16
35 40 36 41 37 40 36 39
15 24 14 24 14 25 15 25
24 41 24 39 23 39 23 41
18 19 18 18 17 18 17 19
19 38 19 30 17 30 17 38
34 16 31 19 30 18 33 15
25 15 25 16 28 16 28 15
31 41 29 41 29 42 31 42
12 35 17 40 19 38 14 33
36 16 35 17 34 16 35 15
32 41 32 40 31 40 31 41
26 41 25 42 24 41 25 40
30 15 29 15 29 18 30 18
30 41 31 42 32 41 31 40
27 15 28 16 29 15 28 14
23 40 21 42 20 41 22 39
33 42 33 41 32 41 32 42
31 14 30 14 30 15 31 15
32 15 31 16 30 15 31 14
36 18 34 20 33 19 35 17
37 37 38 37 38 36 37 36
40 32 34 38 32 36 38 30
17 34 18 35 23 30 22 29
34 17 34 20 35 20 35 17
34 39 35 39 35 38 34 38
38 17 36 19 34 17 36 15
16 31 18 31 18 27 16 27
23 17 27 21 29 19 25 15
33 17 34 17 34 16 33 16
33 39 34 40 35 39 34 38
36 37 36 38 37 38 37 37
17 32 22 37 23 36 18 31
32 39 32 40 33 40 33 39
38 22 38 21 34 21 34 22
38 34 38 36 39 36 39 34
21 19 20 19 20 20 21 20
21 37 23 39 26 36 24 34
31 39 29 41 26 38 28 36
23 18 23 21 27 21 27 18
23 38 26 38 26 36 23 36
26 39 28 39 28 38 26 38
33 18 31 18 31 19 33 19
21 16 23 18 25 16 23 14
20 18 23 18 23 17 20 17
19 19 20 20 21 19 20 18
21 38 22 39 23 38 22 37
28 40 31 40 31 39 28 39
32 17 33 18 34 17 33 16
22 38 22 39 23 39 23 38
30 17 31 18 32 17 31 16
39 30 39 29 38 29 38 30
29 17 24 22 23 21 28 16
39 27 37 27 37 28 39 28
34 37 35 38 36 37 35 36
37 34 35 34 35 36 37 36
32 38 34 38 34 37 32 37
41 34 39 36 37 34 39 32
19 39 21 39 21 38 19 38
21 17 20 18 19 17 20 16
27 16 29 18 30 17 28 15
25 38 26 39 29 36 28 35
31 38 31 39 32 39 32 38
30 38 30 36 29 36 29 38
18 40 19 41 20 40 19 39
18 39 18 40 19 40 19 39
16 36 19 39 21 37 18 34
30 39 31 40 32 39 31 38
22 20 21 20 21 24 22 24
28 18 28 19 29 19 29 18
34 36 32 38 30 36 32 34
19 24 20 24 20 20 19 20
24 19 24 22 28 22 28 19
32 19 34 21 35 20 33 18
37 24 39 24 39 23 37 23
37 32 37 34 38 34 38 32
35 37 35 36 34 36 34 37
19 23 20 24 23 21 22 20
37 25 37 24 31 24 31 25
34 35 35 36 36 35 35 34
37 29 36 30 34 28 35 27
19 28 19 30 23 30 23 28
32 20 32 21 34 21 34 20
33 35 33 36 34 36 34 35
20 25 21 25 21 24 20 24
19 26 17 26 17 28 19 28
20 26 20 25 19 25 19 26
27 36 28 36 28 35 27 35
29 20 24 25 23 24 28 19
32 35 33 35 33 34 32 34
35 32 33 32 33 34 35 34
18 25 19 26 20 25 19 24
36 33 35 34 34 33 35 32
31 20 31 19 29 19 29 20
31 36 32 37 33 36 32 35
22 33 24 35 25 34 23 32
23 34 24 34 24 32 23 32
33 22 31 24 30 23 32 21
25 35 25 34 24 34 24 35
31 21 27 21 27 24 31 24
31 35 31 36 32 36 32 35
26 35 27 35 27 34 26 34
35 30 35 31 36 31 36 30
