54
31 15 26 20 20 14 25 9
26 25 26 24 24 24 24 25
28 20 26 22 23 19 25 17
27 22 24 25 18 19 21 16
9 24 14 24 14 20 9 20
27 20 26 20 26 22 27 22
7 16 13 22 17 18 11 12
7 18 8 18 8 16 7 16
7 17 8 18 9 17 8 16
25 11 25 10 20 10 20 11
8 21 15 21 15 19 8 19
13 8 13 10 16 10 16 8
10 11 11 12 13 10 12 9
11 24 10 25 9 24 10 23
15 26 23 26 23 21 15 21
10 9 10 11 11 11 11 9
7 20 8 21 9 20 8 19
25 13 25 12 24 12 24 13
10 12 10 14 11 14 11 12
26 12 25 13 24 12 25 11
26 11 25 11 25 12 26 12
24 11 25 12 26 11 25 10
19 9 19 10 20 10 20 9
18 9 19 10 20 9 19 8
18 8 18 9 19 9 19 8
10 20 14 24 24 14 20 10
24 15 24 14 20 14 20 15
24 19 24 16 23 16 23 19
31 16 31 15 24 15 24 16
28 19 27 20 23 16 24 15
27 19 27 20 28 20 28 19
18 10 18 13 19 13 19 10
17 9 18 10 19 9 18 8
17 10 18 10 18 9 17 9
12 13 8 13 8 16 12 16
15 9 16 10 17 9 16 8
11 15 12 16 17 11 16 10
16 11 17 11 17 10 16 10
18 23 10 23 10 25 18 25
11 17 11 15 9 15 9 17
14 12 14 11 11 11 11 12
20 12 19 13 17 11 18 10
12 15 14 17 18 13 16 11
14 13 14 17 18 17 18 13
17 12 20 12 20 11 17 11
21 14 20 15 19 14 20 13
14 18 15 19 20 14 19 13
16 20 15 21 14 20 15 19
11 18 14 18 14 17 11 17
17 24 15 26 9 20 11 18
16 18 14 18 14 20 16 20
19 24 18 25 17 24 18 23
16 12 16 18 17 18 17 12
19 18 17 18 17 24 19 24
