29
33 16 29 20 24 15 28 11
9 26 10 26 10 23 9 23
9 13 18 13 18 9 9 9
8 22 9 23 10 22 9 21
8 20 8 22 10 22 10 20
9 22 10 23 19 14 18 13
10 24 14 28 17 25 13 21
5 17 8 20 12 16 9 13
5 21 9 21 9 17 5 17
15 10 15 11 17 11 17 10
28 19 28 11 23 11 23 19
14 26 10 26 10 28 14 28
22 11 17 11 17 22 22 22
13 25 17 25 17 22 13 22
20 27 22 29 26 25 24 23
23 12 20 15 19 14 22 11
22 26 22 29 26 29 26 26
24 14 20 14 20 15 24 15
26 20 29 20 29 10 26 10
27 19 26 20 20 14 21 13
25 15 14 26 13 25 24 14
25 23 25 15 24 15 24 23
20 13 19 13 19 14 20 14
13 19 21 27 22 26 14 18
13 15 13 19 20 19 20 15
15 17 14 18 12 16 13 15
19 15 13 21 9 17 15 11
19 22 18 23 17 22 18 21
21 19 20 19 20 27 21 27
