175
12 13 13 14 14 13 13 12
13 13 13 14 14 14 14 13
35 38 35 37 33 37 33 38
38 15 37 16 36 15 37 14
14 37 15 37 15 33 14 33
11 17 12 18 13 17 12 16
11 33 15 37 16 36 12 32
9 26 16 33 19 30 12 23
9 25 9 26 13 26 13 25
34 12 34 15 36 15 36 12
11 32 11 33 12 33 12 32
15 13 15 15 19 15 19 13
37 15 36 15 36 16 37 16
36 36 35 37 33 35 34 34
10 21 12 23 14 21 12 19
10 28 13 31 16 28 13 25
17 38 17 36 16 36 16 38
11 19 12 20 13 19 12 18
10 23 10 28 12 28 12 23
11 20 12 20 12 19 11 19
15 36 17 38 19 36 17 34
36 35 36 34 34 34 34 35
33 13 36 16 37 15 34 12
19 12 19 13 21 13 21 12
19 38 24 38 24 36 19 36
31 12 31 16 32 16 32 12
16 14 15 15 14 14 15 13
39 26 38 27 37 26 38 25
11 25 13 27 17 23 15 21
39 25 35 29 32 26 36 22
13 18 12 18 12 19 13 19
13 32 14 33 16 31 15 30
33 36 33 35 29 35 29 36
16 35 17 35 17 34 16 34
31 37 28 37 28 38 31 38
37 31 36 32 34 30 35 29
14 18 14 21 15 21 15 18
38 26 39 26 39 25 38 25
12 12 12 13 13 13 13 12
11 15 11 17 13 17 13 15
12 14 13 15 14 14 13 13
38 14 37 14 37 15 38 15
11 34 14 37 15 36 12 33
15 12 14 12 14 13 15 13
36 37 35 38 33 36 34 35
38 33 36 35 34 33 36 31
35 36 35 37 36 37 36 36
12 31 12 32 13 32 13 31
37 32 37 31 36 31 36 32
14 17 13 17 13 18 14 18
20 13 15 18 14 17 19 12
37 30 37 26 34 26 34 30
33 15 33 18 34 18 34 15
35 17 34 18 32 16 33 15
16 16 14 18 13 17 15 15
14 31 16 31 16 28 14 28
38 31 38 30 37 30 37 31
14 16 16 16 16 14 14 14
35 16 35 17 36 17 36 16
36 19 35 20 34 19 35 18
37 22 37 21 36 21 36 22
13 23 13 25 17 25 17 23
39 24 38 25 36 23 37 22
37 19 37 17 36 17 36 19
13 20 12 20 12 23 13 23
27 13 24 13 24 14 27 14
30 36 28 38 27 37 29 35
26 37 27 37 27 34 26 34
34 17 35 18 36 17 35 16
27 12 27 13 29 13 29 12
19 35 17 35 17 36 19 36
35 19 35 18 34 18 34 19
39 19 37 21 35 19 37 17
39 21 39 19 37 19 37 21
36 20 36 19 35 19 35 20
22 36 24 38 28 34 26 32
33 33 34 33 34 31 33 31
20 35 22 37 26 33 24 31
27 36 28 37 29 36 28 35
43 25 38 30 34 26 39 21
36 26 33 29 28 24 31 21
36 25 36 23 34 23 34 25
19 16 16 16 16 19 19 19
43 24 39 24 39 25 43 25
29 15 33 15 33 13 29 13
22 35 19 38 17 36 20 33
35 28 33 28 33 29 35 29
16 20 16 19 13 19 13 20
44 23 43 24 36 17 37 16
44 25 38 31 37 30 43 24
36 29 34 31 33 30 35 28
35 31 36 31 36 29 35 29
20 34 19 35 13 29 14 28
30 34 33 37 36 34 33 31
35 27 35 28 38 28 38 27
19 17 21 19 23 17 21 15
32 34 32 29 30 29 30 34
17 33 17 34 20 34 20 33
17 31 16 31 16 33 17 33
33 19 31 21 30 20 32 18
18 32 19 32 19 30 18 30
21 16 21 15 19 15 19 16
29 34 28 34 28 35 29 35
34 21 35 22 36 21 35 20
22 34 20 34 20 35 22 35
33 20 33 22 35 22 35 20
16 27 16 26 13 26 13 27
23 34 26 37 27 36 24 33
31 18 31 21 32 21 32 18
32 19 33 20 34 19 33 18
34 27 35 28 37 26 36 25
33 16 31 18 27 14 29 12
24 34 26 34 26 33 24 33
17 21 17 23 18 23 18 21
30 32 32 34 33 33 31 31
32 30 33 31 34 30 33 29
17 28 22 28 22 27 17 27
22 17 22 22 23 22 23 17
28 33 28 32 26 32 26 33
27 17 22 22 19 19 24 14
17 26 19 26 19 25 17 25
28 14 27 14 27 17 28 17
25 14 22 17 21 16 24 13
32 31 29 34 28 33 31 30
21 32 22 32 22 30 21 30
33 24 33 22 28 22 28 24
19 20 18 21 16 19 17 18
30 14 29 15 28 14 29 13
30 15 28 17 25 14 27 12
18 27 21 30 22 29 19 26
23 32 22 32 22 34 23 34
27 18 21 18 21 19 27 19
32 23 34 23 34 21 32 21
19 29 18 30 16 28 17 27
18 26 17 27 16 26 17 25
20 30 22 32 24 30 22 28
34 13 31 16 30 15 33 12
31 20 30 21 27 18 28 17
24 32 26 32 26 31 24 31
32 25 32 26 34 26 34 25
22 31 21 32 20 31 21 30
31 22 32 23 33 22 32 21
20 29 20 26 19 26 19 29
21 20 21 19 19 19 19 20
29 30 31 30 31 26 29 26
20 32 22 34 24 32 22 30
23 31 24 31 24 30 23 30
31 24 32 25 33 24 32 23
21 33 21 32 20 32 20 33
28 30 26 32 24 30 26 28
21 29 20 29 20 30 21 30
29 29 31 31 32 30 30 28
20 23 17 26 15 24 18 21
30 27 32 29 33 28 31 26
26 20 26 21 30 21 30 20
33 27 30 27 30 28 33 28
29 32 29 30 28 30 28 32
29 21 28 22 26 20 27 19
25 30 26 31 30 27 29 26
30 25 27 25 27 27 30 27
23 29 22 29 22 30 23 30
30 23 30 25 32 25 32 23
26 30 26 28 25 28 25 30
29 22 30 23 31 22 30 21
29 24 30 25 31 24 30 23
22 24 26 28 27 27 23 23
24 22 27 25 28 24 25 21
22 25 25 28 29 24 26 21
15 22 15 24 22 24 22 22
23 26 23 23 20 23 20 26
24 23 24 22 23 22 23 23
24 27 24 25 22 25 22 27
26 23 24 25 19 20 21 18
25 23 26 23 26 21 25 21
24 24 24 25 27 25 27 24
