49
4 19 7 22 13 16 10 13
7 7 7 9 9 9 9 7
4 14 13 23 18 18 9 9
26 16 23 19 15 11 18 8
8 22 8 19 7 19 7 22
21 22 21 21 18 21 18 22
24 15 22 17 21 16 23 14
19 7 18 7 18 8 19 8
10 8 10 13 14 13 14 8
10 22 8 22 8 23 10 23
7 14 4 14 4 19 7 19
8 11 10 13 11 12 9 10
26 21 26 16 21 16 21 21
6 20 8 22 9 21 7 19
8 8 9 9 10 8 9 7
20 9 16 13 15 12 19 8
6 8 7 9 8 8 7 7
6 11 8 11 8 8 6 8
22 12 21 12 21 13 22 13
22 18 22 17 18 17 18 18
5 12 7 14 8 13 6 11
22 19 23 19 23 18 22 18
17 8 15 8 15 11 17 11
22 16 17 21 13 17 18 12
21 18 22 19 23 18 22 17
10 19 10 13 8 13 8 19
11 22 11 19 10 19 10 22
9 17 13 17 13 16 9 16
7 20 10 23 11 22 8 19
9 14 13 14 13 10 9 10
12 20 10 22 9 21 11 19
11 11 11 12 15 12 15 11
9 20 9 21 12 21 12 20
20 20 20 9 12 9 12 20
12 11 14 13 15 12 13 10
19 12 21 12 21 8 19 8
14 19 14 23 22 23 22 19
11 20 12 21 14 19 13 18
17 18 17 21 18 21 18 18
22 21 21 22 17 18 18 17
14 18 14 17 13 17 13 18
18 14 18 12 15 12 15 14
18 15 17 16 15 14 16 13
17 13 17 16 21 16 21 13
23 15 23 14 18 14 18 15
16 17 16 13 14 13 14 17
24 18 24 15 23 15 23 18
15 16 15 14 13 14 13 16
15 18 17 18 17 16 15 16
