61
10 20 19 29 24 24 15 15
15 39 19 39 19 37 15 37
40 35 36 39 34 37 38 33
41 19 37 23 35 21 39 17
42 24 39 27 35 23 38 20
13 35 15 37 21 31 19 29
13 34 22 34 22 32 13 32
39 18 39 17 31 17 31 18
11 28 20 37 26 31 17 22
40 31 38 33 34 29 36 27
13 19 16 19 16 13 13 13
33 13 33 14 34 14 34 13
17 37 18 38 19 37 18 36
36 16 33 16 33 27 36 27
40 25 39 26 34 21 35 20
39 31 39 35 40 35 40 31
15 18 21 18 21 15 15 15
36 35 31 35 31 39 36 39
10 16 10 20 18 20 18 16
44 24 34 34 26 26 36 16
23 39 24 39 24 32 23 32
13 25 22 34 24 32 15 23
15 33 15 36 18 36 18 33
38 21 38 20 35 20 35 21
36 34 31 39 26 34 31 29
14 30 15 31 22 24 21 23
30 38 27 38 27 39 30 39
17 35 17 30 14 30 14 35
21 37 21 31 20 31 20 37
15 22 15 23 17 23 17 22
11 18 15 22 20 17 16 13
11 22 15 22 15 18 11 18
19 17 31 29 33 27 21 15
19 35 31 35 31 29 19 29
9 24 18 33 20 31 11 22
36 31 39 31 39 27 36 27
37 25 37 23 35 23 35 25
26 37 34 37 34 34 26 34
9 14 9 24 22 24 22 14
30 16 31 17 34 14 33 13
30 14 30 16 33 16 33 14
27 36 18 36 18 38 27 38
28 37 27 38 26 37 27 36
34 32 34 29 33 29 33 32
36 26 34 28 33 27 35 25
18 21 18 33 25 33 25 21
18 31 14 35 13 34 17 30
15 20 17 22 18 21 16 19
35 34 30 39 28 37 33 32
35 32 34 32 34 34 35 34
34 23 35 23 35 21 34 21
38 27 33 32 29 28 34 23
24 18 24 20 31 20 31 18
24 34 21 37 19 35 22 32
34 24 29 24 29 28 34 28
30 33 30 38 38 38 38 33
28 18 34 24 35 23 29 17
19 23 20 23 20 17 19 17
17 29 19 29 19 23 17 23
20 29 23 32 34 21 31 18
23 20 20 23 18 21 21 18
