214
47 18 43 22 40 19 44 15
11 38 15 42 21 36 17 32
12 40 16 44 21 39 17 35
16 45 18 45 18 44 16 44
45 44 45 43 43 43 43 44
46 42 45 43 43 41 44 40
45 17 38 24 37 23 44 16
14 19 15 20 18 17 17 16
46 41 45 42 43 40 44 39
16 17 16 20 17 20 17 17
44 17 44 16 40 16 40 17
44 43 43 44 42 43 43 42
15 19 16 20 18 18 17 17
15 41 20 41 20 39 15 39
45 41 45 42 46 42 46 41
12 34 12 40 16 40 16 34
18 16 17 16 17 17 18 17
42 44 41 45 39 43 40 42
44 18 45 18 45 17 44 17
47 23 47 18 45 18 45 23
45 40 45 39 44 39 44 40
46 38 45 39 44 38 45 37
19 44 20 45 21 44 20 43
41 16 43 18 44 17 42 15
44 19 40 23 39 22 43 18
44 41 44 40 43 40 43 41
21 45 21 44 20 44 20 45
39 45 41 45 41 44 39 44
46 37 45 37 45 38 46 38
13 27 17 31 20 28 16 24
46 24 45 25 44 24 45 23
46 36 45 37 44 36 45 35
13 31 17 31 17 27 13 27
19 43 19 44 20 44 20 43
41 43 41 44 42 44 42 43
43 19 44 19 44 18 43 18
22 15 22 16 23 16 23 15
38 15 35 15 35 16 38 16
38 45 38 43 36 43 36 45
42 42 42 43 43 43 43 42
14 25 20 31 21 30 15 24
46 25 45 26 42 23 43 22
46 35 45 35 45 36 46 36
16 21 16 20 15 20 15 21
15 23 16 24 17 23 16 22
23 45 26 45 26 44 23 44
46 26 46 25 45 25 45 26
20 17 20 18 21 18 21 17
19 18 18 18 18 21 19 21
41 42 41 41 40 41 40 42
42 19 42 22 43 22 43 19
46 33 43 36 42 35 45 32
17 21 17 23 18 23 18 21
16 23 16 22 15 22 15 23
37 44 38 45 39 44 38 43
40 18 38 20 36 18 38 16
15 26 16 26 16 24 15 24
15 33 16 34 18 32 17 31
14 17 14 19 15 19 15 17
46 43 45 44 44 43 45 42
16 16 15 16 15 17 16 17
44 44 43 45 42 44 43 43
46 19 44 19 44 24 46 24
42 45 43 45 43 44 42 44
49 32 46 35 39 28 42 25
14 40 15 41 16 40 15 39
14 21 15 22 16 21 15 20
47 36 46 37 45 36 46 35
12 30 13 31 17 27 16 26
14 22 15 22 15 21 14 21
14 23 15 24 16 23 15 22
14 24 15 24 15 23 14 23
42 18 40 18 40 19 42 19
40 43 41 44 42 43 41 42
18 19 23 24 24 23 19 18
45 33 42 33 42 35 45 35
43 38 44 39 45 38 44 37
15 28 15 30 20 30 20 28
28 15 28 18 31 18 31 15
43 15 42 15 42 18 43 18
13 23 14 24 15 23 14 22
47 37 47 36 46 36 46 37
12 33 15 33 15 30 12 30
13 30 17 34 19 32 15 28
46 32 45 32 45 33 46 33
43 39 44 39 44 38 43 38
30 45 30 42 28 42 28 45
39 42 39 43 40 43 40 42
16 35 17 36 18 35 17 34
19 40 20 41 21 40 20 39
20 19 20 20 22 20 22 19
35 44 36 45 37 44 36 43
41 20 38 20 38 24 41 24
43 37 44 37 44 36 43 36
49 26 46 26 46 32 49 32
13 22 13 23 14 23 14 22
18 43 19 43 19 40 18 40
47 31 46 32 43 29 44 28
34 44 35 44 35 43 34 43
38 18 35 21 32 18 35 15
38 42 38 40 36 40 36 42
42 38 43 39 44 38 43 37
17 24 17 23 16 23 16 24
24 17 25 17 25 16 24 16
27 16 27 17 29 17 29 16
36 17 34 19 33 18 35 16
44 27 43 27 43 28 44 28
39 41 38 42 37 41 38 40
17 44 18 45 19 44 18 43
38 17 38 18 40 18 40 17
16 32 16 34 17 34 17 32
32 16 32 18 33 18 33 16
44 31 42 33 41 32 43 30
37 18 37 20 38 20 38 18
14 43 16 45 17 44 15 42
50 27 45 32 44 31 49 26
47 28 44 28 44 31 47 31
37 16 38 17 39 16 38 15
37 17 36 17 36 18 37 18
42 37 42 38 43 38 43 37
22 41 20 41 20 43 22 43
39 40 40 41 43 38 42 37
18 24 22 28 23 27 19 23
18 36 18 35 17 35 17 36
42 24 43 25 44 24 43 23
42 40 42 38 39 38 39 40
43 24 43 23 42 23 42 24
17 25 18 25 18 24 17 24
18 37 21 37 21 36 18 36
27 43 29 43 29 40 27 40
28 43 27 44 23 40 24 39
23 19 22 20 20 18 21 17
43 31 43 30 40 30 40 31
25 18 27 18 27 17 25 17
25 42 28 42 28 41 25 41
30 17 29 17 29 20 30 20
35 18 33 18 33 21 35 21
17 40 18 40 18 37 17 37
22 17 22 19 23 19 23 17
44 25 44 24 43 24 43 25
44 32 39 37 38 36 43 31
23 18 22 19 21 18 22 17
26 17 25 18 24 17 25 16
26 43 26 44 27 44 27 43
24 42 26 44 27 43 25 41
28 17 27 18 26 17 27 16
43 32 44 32 44 31 43 31
35 42 35 43 36 43 36 42
20 38 22 38 22 33 20 33
22 40 23 40 23 39 22 39
40 22 40 23 42 23 42 22
34 42 35 43 36 42 35 41
42 26 42 25 39 25 39 26
19 24 19 23 18 23 18 24
24 19 24 23 25 23 25 19
41 36 43 36 43 32 41 32
21 16 21 17 22 17 22 16
44 26 43 27 42 26 43 25
39 19 39 22 40 22 40 19
25 43 25 42 24 42 24 43
23 41 20 44 19 43 22 40
33 42 33 43 34 43 34 42
19 25 18 25 18 32 19 32
45 27 45 26 44 26 44 27
29 44 30 45 33 42 32 41
34 41 34 42 35 42 35 41
20 24 20 28 21 28 21 24
19 33 23 37 26 34 22 30
21 23 21 24 23 24 23 23
27 41 28 42 31 39 30 38
33 44 33 43 29 43 29 44
21 21 19 21 19 23 21 23
36 41 35 42 34 41 35 40
37 39 36 40 33 37 34 36
39 23 39 22 37 22 37 23
41 27 39 29 37 27 39 25
22 22 23 23 26 20 25 19
38 38 39 38 39 37 38 37
25 40 23 40 23 41 25 41
28 19 29 20 31 18 30 17
40 25 39 26 36 23 37 22
31 19 32 19 32 18 31 18
30 41 30 38 28 38 28 41
20 22 21 23 22 22 21 21
39 39 38 40 37 39 38 38
32 42 32 41 30 41 30 42
26 19 27 20 28 19 27 18
27 19 27 20 28 20 28 19
29 19 28 20 27 19 28 18
31 41 32 42 37 37 36 36
26 40 26 38 25 38 25 40
34 20 34 19 32 19 32 20
40 34 40 33 39 33 39 34
22 37 23 38 27 34 26 33
23 22 23 20 22 20 22 22
33 40 32 41 31 40 32 39
35 39 35 40 36 40 36 39
18 22 19 23 20 22 19 21
39 35 39 37 42 37 42 35
20 32 19 32 19 33 20 33
32 40 32 39 31 39 31 40
36 22 33 22 33 23 36 23
36 20 36 22 37 22 37 20
33 41 33 40 32 40 32 41
27 21 27 24 28 24 28 21
27 39 30 42 31 41 28 38
33 39 34 39 34 37 33 37
35 22 32 25 29 22 32 19
21 32 20 33 19 32 20 31
23 36 23 37 26 37 26 36
28 39 27 40 25 38 26 37
36 37 36 39 37 39 37 37
37 36 37 37 38 37 38 36
39 32 40 33 41 32 40 31
