99
35 22 30 27 25 22 30 17
6 24 11 29 18 22 13 17
6 23 6 24 11 24 11 23
10 10 10 12 12 12 12 10
32 27 30 29 27 26 29 24
29 29 30 29 30 27 29 27
8 16 13 21 16 18 11 13
32 23 30 23 30 27 32 27
30 13 29 13 29 14 30 14
31 25 29 27 27 25 29 23
8 21 11 21 11 16 8 16
14 30 16 30 16 29 14 29
27 11 25 13 24 12 26 10
31 17 29 19 28 18 30 16
30 15 29 16 28 15 29 14
31 22 30 23 28 21 29 20
31 21 29 23 27 21 29 19
10 24 14 28 15 27 11 23
12 27 14 29 16 27 14 25
27 12 25 12 25 13 27 13
28 13 27 13 27 14 28 14
10 17 13 20 14 19 11 16
11 25 11 28 14 28 14 25
15 29 16 30 17 29 16 28
35 25 35 22 31 22 31 25
7 22 10 25 11 24 8 21
9 26 11 28 12 27 10 25
31 26 31 25 27 25 27 26
9 25 9 26 10 26 10 25
28 11 27 11 27 12 28 12
29 12 28 12 28 13 29 13
31 16 30 16 30 17 31 17
13 29 14 30 15 29 14 28
31 18 28 18 28 21 31 21
29 15 29 16 30 16 30 15
10 22 11 23 12 22 11 21
18 10 18 12 24 12 24 10
22 30 24 30 24 26 22 26
7 17 7 22 10 22 10 17
31 15 30 16 29 15 30 14
12 29 12 30 13 30 13 29
14 12 13 12 13 17 14 17
30 20 29 20 29 23 30 23
31 14 30 14 30 15 31 15
16 11 16 13 20 13 20 11
32 15 31 16 30 15 31 14
32 16 32 15 31 15 31 16
15 12 15 15 18 15 18 12
15 28 16 28 16 27 15 27
11 22 12 22 12 21 11 21
22 11 21 11 21 16 22 16
26 13 27 14 28 13 27 12
19 29 19 28 17 28 17 29
12 24 14 24 14 22 12 22
27 15 27 16 28 16 28 15
17 12 16 13 15 12 16 11
28 23 25 23 25 29 28 29
26 14 26 15 27 15 27 14
18 28 19 29 22 26 21 25
21 12 24 15 25 14 22 11
24 13 23 13 23 15 24 15
19 12 20 13 21 12 20 11
27 24 27 21 24 21 24 24
12 20 12 21 13 21 13 20
13 23 14 24 15 23 14 22
17 27 16 28 15 27 16 26
18 27 19 28 20 27 19 26
26 16 22 16 22 18 26 18
15 25 15 24 14 24 14 25
25 15 24 15 24 20 25 20
24 14 25 15 26 14 25 13
25 25 24 26 23 25 24 24
27 19 27 17 14 17 14 19
27 20 29 20 29 19 27 19
14 23 15 24 16 23 15 22
17 26 16 26 16 27 17 27
23 26 21 28 20 27 22 25
24 25 24 24 23 24 23 25
22 14 23 15 24 14 23 13
21 14 19 16 18 15 20 13
21 26 22 26 22 25 21 25
25 17 26 18 27 17 26 16
16 16 16 18 19 18 19 16
16 24 16 23 15 23 15 24
19 25 21 25 21 24 19 24
19 13 16 16 15 15 18 12
18 23 19 24 27 16 26 15
22 23 23 24 25 22 24 21
23 22 23 23 25 23 25 22
17 21 24 21 24 20 17 20
16 22 16 23 18 23 18 22
22 24 23 24 23 23 22 23
20 24 21 25 22 24 21 23
20 17 24 21 25 20 21 16
15 18 15 22 16 22 16 18
18 17 19 18 20 17 19 16
21 18 21 23 22 23 22 18
20 18 25 23 27 21 22 16
19 21 21 23 24 20 22 18
