183
9 33 12 36 15 33 12 30
38 14 32 20 30 18 36 12
9 31 9 33 14 33 14 31
11 34 13 36 16 33 14 31
35 12 35 14 36 14 36 12
36 35 34 35 34 36 36 36
11 15 18 22 19 21 12 14
12 34 12 36 13 36 13 34
13 13 13 12 12 12 12 13
36 15 34 17 33 16 35 14
13 14 13 18 15 18 15 14
14 13 13 14 12 13 13 12
38 29 32 35 27 30 33 24
11 17 12 17 12 15 11 15
38 28 36 28 36 29 38 29
11 30 11 34 12 34 12 30
10 23 12 25 16 21 14 19
11 29 12 30 13 29 12 28
11 28 11 29 12 29 12 28
16 35 19 35 19 33 16 33
14 15 16 15 16 13 14 13
30 12 30 15 31 15 31 12
36 18 36 15 35 15 35 18
36 30 36 29 32 29 32 30
31 13 34 16 35 15 32 12
31 35 31 31 29 31 29 35
37 23 34 26 32 24 35 21
37 25 36 26 34 24 35 23
37 24 37 23 35 23 35 24
32 14 32 15 35 15 35 14
34 32 33 33 31 31 32 30
13 30 13 29 12 29 12 30
12 21 12 25 15 25 15 21
41 28 36 33 32 29 37 24
11 13 12 14 13 13 12 12
38 15 38 14 36 14 36 15
11 14 12 14 12 13 11 13
37 34 36 35 35 34 36 33
10 31 13 34 14 33 11 30
39 22 37 24 33 20 35 18
10 29 11 30 12 29 11 28
33 35 32 36 31 35 32 34
31 36 32 36 32 35 31 35
35 32 34 32 34 34 35 34
33 34 33 35 34 35 34 34
17 14 16 15 15 14 16 13
22 12 17 12 17 14 22 14
41 15 38 15 38 28 41 28
35 35 34 36 33 35 34 34
10 30 11 30 11 29 10 29
13 33 12 34 9 31 10 30
15 16 13 18 12 17 14 15
15 32 15 33 16 33 16 32
32 33 32 34 33 34 33 33
35 20 35 18 33 18 33 20
30 34 30 22 28 22 28 34
21 13 22 14 23 13 22 12
36 21 33 24 32 23 35 20
19 13 19 15 21 15 21 13
33 17 34 17 34 16 33 16
16 16 18 16 18 15 16 15
29 14 30 15 32 13 31 12
35 26 35 24 34 24 34 26
36 20 35 20 35 21 36 21
35 28 36 28 36 26 35 26
14 20 15 21 19 17 18 16
20 34 23 34 23 29 20 29
18 34 19 35 20 34 19 33
23 35 22 36 20 34 21 33
25 35 25 34 23 34 23 35
34 28 36 30 38 28 36 26
16 17 19 20 21 18 18 15
17 32 17 34 18 34 18 32
31 32 32 33 36 29 35 28
27 14 26 14 26 15 27 15
15 29 17 31 18 30 16 28
15 30 17 32 20 29 18 27
18 33 17 34 16 33 17 32
16 31 16 32 17 32 17 31
16 18 15 18 15 21 16 21
16 30 18 30 18 28 16 28
13 32 15 32 15 30 13 30
22 35 21 36 18 33 19 32
24 14 22 14 22 15 24 15
24 34 25 35 27 33 26 32
30 32 28 34 27 33 29 31
32 18 35 21 36 20 33 17
17 17 17 22 18 22 18 17
31 17 27 17 27 21 31 21
15 27 16 28 18 26 17 25
23 36 23 35 22 35 22 36
13 27 13 29 15 29 15 27
13 26 12 26 12 27 13 27
26 13 24 13 24 14 26 14
24 35 23 36 22 35 23 34
32 17 32 18 33 18 33 17
25 14 26 15 27 14 26 13
33 21 33 20 32 20 32 21
19 16 18 16 18 17 19 17
15 26 17 26 17 25 15 25
38 20 35 23 33 21 36 18
11 27 12 28 13 27 12 26
11 26 12 27 13 26 12 25
11 25 11 26 12 26 12 25
31 16 32 17 33 16 32 15
34 21 33 21 33 24 34 24
14 25 15 26 17 24 16 23
23 14 24 15 25 14 24 13
31 18 32 19 33 18 32 17
33 26 33 24 32 24 32 26
23 15 22 16 21 15 22 14
25 15 26 16 27 15 26 14
37 26 35 28 33 26 35 24
36 25 36 26 37 26 37 25
32 16 32 15 31 15 31 16
34 27 34 26 33 26 33 27
16 27 13 30 12 29 15 26
21 16 21 18 22 18 22 16
21 32 19 32 19 33 21 33
27 16 26 16 26 17 27 17
16 22 16 23 17 23 17 22
13 23 14 24 16 22 15 21
28 16 28 15 27 15 27 16
25 16 26 16 26 15 25 15
31 20 32 21 33 20 32 19
16 24 17 25 18 24 17 23
10 18 10 23 13 23 13 18
14 23 14 24 16 24 16 23
19 18 24 23 26 21 21 16
19 30 18 30 18 32 19 32
17 27 18 27 18 26 17 26
31 27 31 29 32 29 32 27
19 19 14 19 14 20 19 20
23 31 21 33 18 30 20 28
31 23 32 23 32 21 31 21
32 22 31 23 30 22 31 21
19 28 19 27 18 27 18 28
26 18 28 20 29 19 27 17
26 30 21 30 21 32 26 32
30 26 31 27 32 26 31 25
29 18 26 18 26 19 29 19
30 19 27 22 26 21 29 18
19 29 20 29 20 28 19 28
30 24 31 25 32 24 31 23
21 19 21 18 19 18 19 19
27 29 26 29 26 30 27 30
29 21 28 22 27 21 28 20
29 27 31 27 31 25 29 25
29 15 29 18 30 18 30 15
30 17 29 18 27 16 28 15
19 26 18 27 17 26 18 25
22 19 23 20 26 17 25 16
19 23 23 23 23 21 19 21
19 25 18 25 18 26 19 26
19 24 19 23 18 23 18 24
20 21 18 23 17 22 19 20
20 27 20 28 22 28 22 27
24 19 24 21 26 21 26 19
28 14 28 15 29 15 29 14
24 18 22 18 22 19 24 19
29 24 21 24 21 25 29 25
20 26 21 26 21 25 20 25
28 26 29 27 30 26 29 25
21 27 20 28 19 27 20 26
23 28 21 30 20 29 22 27
24 17 24 18 26 18 26 17
26 28 23 28 23 29 26 29
20 24 19 24 19 25 20 25
24 20 23 21 21 19 22 18
28 24 29 25 30 24 29 23
25 27 23 29 22 28 24 26
29 28 29 27 26 27 26 28
25 29 26 30 27 29 26 28
20 22 20 24 21 24 21 22
21 23 20 24 19 23 20 22
22 22 22 19 21 19 21 22
26 22 27 22 27 21 26 21
26 26 26 23 24 23 24 26
22 25 21 26 20 25 21 24
24 22 23 23 22 22 23 21
24 24 26 26 28 24 26 22
28 27 26 29 22 25 24 23
27 27 26 28 25 27 26 26
