182
6 19 12 25 18 19 12 13
6 20 13 20 13 19 6 19
42 31 38 35 34 31 38 27
39 14 37 16 36 15 38 13
42 21 36 27 32 23 38 17
11 35 14 38 15 37 12 34
12 14 12 16 19 16 19 14
10 32 12 34 16 30 14 28
15 12 15 13 16 13 16 12
38 15 37 15 37 16 38 16
36 37 35 37 35 38 36 38
37 14 36 14 36 15 37 15
11 33 11 35 14 35 14 33
39 33 35 37 32 34 36 30
16 38 16 35 14 35 14 38
14 14 18 18 19 17 15 13
12 17 15 20 19 16 16 13
12 33 14 35 17 32 15 30
40 25 38 27 36 25 38 23
39 21 38 22 35 19 36 18
33 37 32 37 32 38 33 38
37 17 37 16 36 16 36 17
12 19 13 20 19 14 18 13
12 31 14 33 15 32 13 30
31 38 31 34 28 34 28 38
39 22 38 23 36 21 37 20
35 15 36 16 37 15 36 14
39 23 39 22 38 22 38 23
39 25 36 28 35 27 38 24
13 32 15 32 15 30 13 30
37 18 38 18 38 17 37 17
12 29 13 30 15 28 14 27
17 36 15 36 15 37 17 37
35 16 36 16 36 15 35 15
19 13 19 12 18 12 18 13
31 13 28 16 27 15 30 12
38 28 38 27 36 27 36 28
12 27 14 27 14 26 12 26
23 12 23 17 25 17 25 12
23 38 25 38 25 34 23 34
26 12 26 15 27 15 27 12
32 36 30 36 30 37 32 37
36 32 36 30 33 30 33 32
30 13 27 16 26 15 29 12
42 14 39 14 39 21 42 21
40 33 40 25 39 25 39 33
39 17 38 18 37 17 38 16
37 35 32 35 32 36 37 36
34 13 31 13 31 15 34 15
34 37 34 34 33 34 33 37
35 14 34 15 33 14 34 13
35 36 34 37 32 35 33 34
31 12 30 12 30 13 31 13
35 35 33 37 32 36 34 34
15 17 13 17 13 19 15 19
35 17 36 18 37 17 36 16
13 21 14 21 14 20 13 20
37 21 36 21 36 23 37 23
37 29 36 30 35 29 36 28
10 16 13 19 15 17 12 14
10 17 12 17 12 16 10 16
12 20 13 21 14 20 13 19
38 29 37 29 37 35 38 35
19 36 19 37 26 37 26 36
13 22 16 25 17 24 14 21
28 13 28 16 30 16 30 13
18 35 19 36 20 35 19 34
35 18 36 18 36 17 35 17
13 23 14 24 18 20 17 19
13 27 14 28 15 27 14 26
23 13 22 14 21 13 22 12
18 36 18 35 17 35 17 36
14 30 16 32 19 29 17 27
20 14 22 14 22 12 20 12
36 20 37 20 37 18 36 18
16 33 16 35 17 35 17 33
34 17 35 18 36 17 35 16
16 36 17 37 18 36 17 35
15 33 16 33 16 32 15 32
34 16 34 17 35 17 35 16
37 24 38 24 38 23 37 23
13 25 14 26 15 25 14 24
29 36 30 37 32 35 31 34
16 18 18 18 18 13 16 13
12 23 12 25 13 25 13 23
14 23 20 23 20 21 14 21
20 15 23 18 26 15 23 12
16 19 16 24 17 24 17 19
15 29 19 29 19 28 15 28
21 15 21 19 26 19 26 15
15 22 18 22 18 20 15 20
22 35 25 38 26 37 23 34
20 16 20 21 24 21 24 16
20 34 23 34 23 30 20 30
35 23 35 25 36 25 36 23
15 24 15 25 16 25 16 24
26 35 27 35 27 31 26 31
22 37 23 38 26 35 25 34
19 15 20 16 21 15 20 14
19 35 20 35 20 34 19 34
36 22 35 23 29 17 30 16
35 21 32 21 32 23 35 23
19 33 19 32 17 32 17 33
33 19 35 19 35 18 33 18
33 31 32 32 31 31 32 30
20 36 19 37 18 36 19 35
18 34 19 35 20 34 19 33
35 20 35 21 36 21 36 20
30 17 29 17 29 20 30 20
16 27 16 30 17 30 17 27
32 31 31 31 31 32 32 32
16 34 17 35 18 34 17 33
32 16 30 16 30 17 32 17
15 26 15 27 16 27 16 26
24 34 26 36 27 35 25 33
33 29 32 29 32 30 33 30
14 25 14 26 15 26 15 25
28 17 28 16 27 16 27 17
28 33 25 33 25 34 28 34
19 19 19 18 18 18 18 19
33 27 33 29 35 29 35 27
17 26 16 27 15 26 16 25
18 29 17 30 15 28 16 27
10 25 12 27 14 25 12 23
30 33 30 32 28 32 28 33
34 26 33 27 29 23 30 22
29 32 28 33 26 31 27 30
33 24 33 19 26 19 26 24
17 25 17 26 18 26 18 25
19 30 20 30 20 29 19 29
31 30 32 31 33 30 32 29
10 26 12 26 12 25 10 25
32 33 31 34 30 33 31 32
31 33 31 34 32 34 32 33
21 32 19 34 17 32 19 30
24 33 24 32 21 32 21 33
30 31 31 31 31 30 30 30
22 18 21 19 19 17 20 16
32 28 33 29 34 28 33 27
18 27 19 27 19 26 18 26
32 27 32 23 30 23 30 27
29 31 30 32 31 31 30 30
31 29 32 29 32 28 31 28
34 33 33 34 32 33 33 32
33 33 33 32 32 32 32 33
29 35 30 36 32 34 31 33
22 17 22 18 23 18 23 17
33 28 32 29 31 28 32 27
26 32 25 33 24 32 25 31
25 18 26 19 28 17 27 16
28 31 28 30 27 30 27 31
21 20 26 25 28 23 23 18
36 33 34 33 34 34 36 34
27 36 29 36 29 35 27 35
32 18 25 18 25 21 32 21
29 34 27 36 26 35 28 33
19 20 21 20 21 19 19 19
20 19 19 20 18 19 19 18
19 24 18 24 18 25 19 25
20 28 20 27 19 27 19 28
33 17 32 17 32 18 33 18
28 20 28 23 29 23 29 20
21 29 20 30 19 29 20 28
20 26 19 27 18 26 19 25
26 20 25 21 22 18 23 17
20 25 19 25 19 26 20 26
21 28 23 28 23 24 21 24
25 30 25 31 26 31 26 30
23 21 26 24 30 20 27 17
28 28 27 29 18 20 19 19
21 26 20 27 19 26 20 25
23 32 24 33 26 31 25 30
30 28 28 28 28 30 30 30
26 29 26 30 27 30 27 29
29 26 29 25 27 25 27 26
22 27 22 29 24 29 24 27
25 28 23 28 23 30 25 30
26 23 29 26 32 23 29 20
26 27 30 31 31 30 27 26
25 27 25 21 24 21 24 27
24 25 22 27 21 26 23 24
26 28 26 27 25 27 25 28
