89
38 14 31 21 28 18 35 11
7 22 11 26 16 21 12 17
38 19 38 14 31 14 31 19
11 32 11 34 12 34 12 32
12 13 12 14 15 14 15 13
10 29 11 30 13 28 12 27
35 16 35 11 33 11 33 16
12 15 11 15 11 17 12 17
31 34 30 34 30 35 31 35
14 33 16 33 16 32 14 32
33 32 33 28 23 28 23 32
35 29 35 27 30 27 30 29
10 25 10 29 14 29 14 25
10 24 12 26 16 22 14 20
15 33 13 35 12 34 14 32
31 13 21 13 21 14 31 14
11 27 12 27 12 26 11 26
27 35 27 31 25 31 25 35
29 34 29 31 28 31 28 34
18 12 18 13 21 13 21 12
18 34 18 33 16 33 16 34
15 32 16 33 17 32 16 31
41 23 35 29 25 19 31 13
39 20 33 26 32 25 38 19
7 21 7 22 16 22 16 21
9 16 12 19 15 16 12 13
36 30 31 35 30 34 35 29
36 29 33 32 30 29 33 26
35 30 36 30 36 29 35 29
17 33 16 34 15 33 16 32
14 16 12 18 11 17 13 15
20 34 23 34 23 33 20 33
34 20 27 20 27 22 34 22
13 18 12 18 12 19 13 19
39 17 34 17 34 20 39 20
9 20 14 20 14 16 9 16
27 33 25 35 23 33 25 31
16 15 19 18 21 16 18 13
30 32 28 34 27 33 29 31
31 30 29 30 29 31 31 31
13 26 13 23 12 23 12 26
11 24 13 26 14 25 12 23
15 29 20 34 27 27 22 22
17 31 16 31 16 32 17 32
10 17 10 24 11 24 11 17
33 23 30 23 30 26 33 26
30 16 27 16 27 19 30 19
30 17 27 20 21 14 24 11
19 15 25 21 27 19 21 13
17 15 18 16 19 15 18 14
16 28 13 28 13 31 16 31
31 20 28 23 27 22 30 19
21 15 17 19 14 16 18 12
16 19 17 19 17 15 16 15
16 27 18 27 18 23 16 23
19 16 21 16 21 15 19 15
11 22 12 23 16 19 15 18
18 29 16 31 14 29 16 27
16 25 18 27 20 25 18 23
25 16 21 16 21 19 25 19
25 30 27 30 27 27 25 27
30 25 25 30 23 28 28 23
18 18 19 18 19 16 18 16
24 30 24 31 25 31 25 30
20 29 20 27 18 27 18 29
18 19 24 25 25 24 19 18
21 30 18 33 17 32 20 29
17 22 18 23 23 18 22 17
29 24 28 24 28 30 29 30
18 25 16 27 14 25 16 23
18 22 18 19 17 19 17 22
24 18 23 18 23 21 24 21
24 28 27 31 28 30 25 27
27 26 27 27 30 27 30 26
28 11 24 11 24 18 28 18
27 12 30 15 31 14 28 11
25 12 25 16 27 16 27 12
15 19 18 22 21 19 18 16
15 23 15 19 13 19 13 23
26 27 29 30 30 29 27 26
24 27 24 25 20 25 20 27
27 24 27 22 25 22 25 24
25 20 27 20 27 19 25 19
26 21 25 22 24 21 25 20
22 20 23 21 25 19 24 18
27 18 25 20 23 18 25 16
22 23 22 22 18 22 18 23
38 23 35 26 27 18 30 15
41 19 38 19 38 23 41 23
