36
30 15 25 20 20 15 25 10
30 18 30 15 25 15 25 18
6 14 10 18 12 16 8 12
10 26 15 26 15 20 10 20
6 16 12 16 12 14 6 14
23 26 26 26 26 25 23 25
26 11 26 9 22 9 22 11
11 9 10 9 10 18 11 18
8 14 9 15 14 10 13 9
12 9 12 14 13 14 13 9
32 20 26 26 24 24 30 18
32 22 32 20 25 20 25 22
20 9 18 9 18 14 20 14
25 14 20 14 20 15 25 15
11 23 11 25 18 25 18 23
26 12 25 12 25 14 26 14
10 24 11 25 12 24 11 23
26 13 25 14 24 13 25 12
15 9 20 14 21 13 16 8
21 24 21 25 23 25 23 24
24 21 25 22 26 21 25 20
26 24 26 21 24 21 24 24
9 12 21 24 24 21 12 9
9 13 9 12 8 12 8 13
12 23 15 26 18 23 15 20
30 20 26 24 21 19 25 15
24 19 24 13 21 13 21 19
12 13 13 14 18 9 17 8
14 12 12 14 9 11 11 9
14 11 9 11 9 12 14 12
19 12 25 12 25 10 19 10
15 10 14 10 14 11 15 11
21 17 18 20 15 17 18 14
15 14 15 17 18 17 18 14
6 13 11 18 15 14 10 9
18 18 18 20 25 20 25 18
