103
9 9 9 13 12 13 12 9
27 9 26 9 26 10 27 10
28 11 27 12 26 11 27 10
6 16 9 19 12 16 9 13
30 20 26 24 23 21 27 17
30 17 27 17 27 20 30 20
26 26 25 26 25 27 26 27
28 13 28 11 26 11 26 13
27 24 26 24 26 26 27 26
28 14 27 15 24 12 25 11
11 10 11 12 14 12 14 10
26 25 25 26 21 22 22 21
28 21 23 26 22 25 27 20
23 9 21 9 21 10 23 10
28 20 26 22 23 19 25 17
8 19 11 22 14 19 11 16
28 17 25 20 23 18 26 15
10 24 11 25 12 24 11 23
14 9 14 10 15 10 15 9
27 14 26 15 25 14 26 13
10 23 10 24 11 24 11 23
13 26 13 27 14 27 14 26
6 12 6 16 11 16 11 12
31 16 30 17 27 14 28 13
8 10 13 15 14 14 9 9
28 25 27 26 26 25 27 24
8 15 8 19 9 19 9 15
28 15 28 14 27 14 27 15
12 11 11 12 10 11 11 10
12 25 16 25 16 24 12 24
25 12 25 14 27 14 27 12
11 26 12 26 12 25 11 25
24 11 24 12 25 12 25 11
10 25 11 26 12 25 11 24
22 26 22 25 20 25 20 26
10 20 11 21 14 18 13 17
11 14 13 16 14 15 12 13
19 10 18 10 18 11 19 11
26 17 27 17 27 15 26 15
26 20 26 17 25 17 25 20
12 23 11 24 10 23 11 22
13 12 16 15 18 13 15 10
24 23 21 23 21 27 24 27
15 25 14 26 12 24 13 23
21 11 19 11 19 12 21 12
25 15 25 14 24 14 24 15
27 22 27 20 26 20 26 22
25 21 23 21 23 26 25 26
20 11 19 12 18 11 19 10
12 22 11 22 11 23 12 23
10 22 11 23 12 22 11 21
10 21 10 22 11 22 11 21
22 11 21 12 20 11 21 10
22 12 22 14 24 14 24 12
17 11 18 12 19 11 18 10
19 25 20 25 20 24 19 24
23 23 22 24 21 23 22 22
24 10 22 12 21 11 23 9
23 11 24 11 24 10 23 10
21 25 20 26 19 25 20 24
12 15 12 16 13 16 13 15
12 21 12 16 11 16 11 21
15 12 15 13 18 13 18 12
15 24 13 26 12 25 14 23
25 9 24 9 24 10 25 10
23 25 22 26 21 25 22 24
13 14 13 15 14 15 14 14
13 22 13 23 14 23 14 22
13 21 12 21 12 22 13 22
13 20 15 20 15 17 13 17
16 23 18 25 19 24 17 22
20 23 21 23 21 22 20 22
23 20 22 21 19 18 20 17
19 23 19 21 16 21 16 23
30 21 27 24 23 20 26 17
21 24 20 25 19 24 20 23
22 15 20 15 20 16 22 16
30 25 30 21 28 21 28 25
23 14 22 15 20 13 21 12
14 16 15 17 19 13 18 12
20 14 22 16 24 14 22 12
22 20 22 21 23 21 23 20
15 15 14 15 14 16 15 16
21 21 21 22 22 22 22 21
14 17 20 23 21 22 15 16
19 14 19 15 20 15 20 14
22 17 20 17 20 20 22 20
18 14 19 14 19 13 18 13
18 22 19 23 20 22 19 21
17 25 18 25 18 22 17 22
23 16 22 16 22 17 23 17
21 16 22 17 23 16 22 15
18 15 19 16 20 15 19 14
21 18 19 18 19 21 21 21
16 14 16 15 18 15 18 14
18 16 19 16 19 15 18 15
18 20 18 22 20 22 20 20
17 19 14 19 14 22 17 22
19 17 20 17 20 16 19 16
19 19 20 20 23 17 22 16
18 17 18 16 15 16 15 17
18 18 19 18 19 17 18 17
17 17 18 18 19 17 18 16
