67
30 10 29 10 29 12 30 12
34 22 28 28 24 24 30 18
6 19 12 25 17 20 11 14
34 19 28 19 28 22 34 22
6 20 16 30 26 20 16 10
11 30 12 30 12 28 11 28
30 29 30 28 28 28 28 29
32 26 30 28 26 24 28 22
8 25 11 28 15 24 12 21
32 25 29 25 29 26 32 26
32 16 30 18 28 16 30 14
8 23 8 25 12 25 12 23
32 17 32 16 28 16 28 17
11 12 12 13 14 11 13 10
12 11 10 11 10 13 12 13
9 21 10 22 18 14 17 13
26 11 20 11 20 17 26 17
24 10 23 10 23 14 24 14
24 30 24 28 23 28 23 30
28 13 25 16 23 14 26 11
6 26 11 26 11 20 6 20
32 27 30 29 23 22 25 20
9 12 10 13 11 12 10 11
9 14 11 14 11 12 9 12
30 13 29 14 28 13 29 12
29 13 29 14 30 14 30 13
28 12 28 13 29 13 29 12
9 18 9 21 10 21 10 18
31 13 30 14 29 13 30 12
8 19 10 21 11 20 9 18
26 28 26 27 24 27 24 28
30 20 28 22 26 20 28 18
31 12 30 12 30 13 31 13
30 24 30 20 26 20 26 24
24 11 22 13 21 12 23 10
17 11 17 12 19 12 19 11
29 23 18 23 18 25 29 25
15 28 16 29 19 26 18 25
14 13 14 20 17 20 17 13
18 29 18 25 16 25 16 29
11 16 12 17 15 14 14 13
29 18 28 19 27 18 28 17
8 15 10 17 11 16 9 14
15 27 24 27 24 24 15 24
25 13 25 16 28 16 28 13
6 15 6 19 8 19 8 15
7 25 12 30 15 27 10 22
12 27 12 28 15 28 15 27
12 18 20 18 20 17 12 17
12 22 12 21 10 21 10 22
12 19 14 21 21 14 19 12
27 24 24 27 17 20 20 17
12 20 12 21 14 21 14 20
11 19 11 20 12 20 12 19
27 17 27 18 28 18 28 17
16 14 18 14 18 10 16 10
15 16 15 14 11 14 11 16
24 25 26 27 34 19 32 17
26 18 25 18 25 20 26 20
19 14 21 14 21 12 19 12
16 23 16 22 12 22 12 23
17 24 16 25 15 24 16 23
24 17 25 18 26 17 25 16
19 24 18 25 17 24 18 23
23 19 23 14 21 14 21 19
20 22 26 28 29 25 23 19
20 28 23 28 23 22 20 22
