119
8 19 12 23 18 17 14 13
12 37 16 37 16 34 12 34
8 21 19 21 19 19 8 19
36 37 36 33 34 33 34 37
12 33 15 33 15 28 12 28
10 26 12 28 14 26 12 24
13 16 13 23 14 23 14 16
18 12 18 14 20 14 20 12
33 37 33 38 34 38 34 37
37 17 37 14 36 14 36 17
14 34 15 35 16 34 15 33
34 14 31 17 29 15 32 12
15 15 17 17 20 14 18 12
35 35 35 23 33 23 33 35
38 20 38 19 37 19 37 20
13 32 16 32 16 31 13 31
17 36 16 37 12 33 13 32
33 14 34 14 34 12 33 12
18 36 18 34 17 34 17 36
36 18 37 19 38 18 37 17
12 25 15 28 17 26 14 23
37 36 37 35 35 35 35 36
11 18 15 22 17 20 13 16
36 36 34 38 33 37 35 35
11 30 13 32 20 25 18 23
17 15 19 17 20 16 18 14
21 37 22 38 36 24 35 23
15 14 15 15 17 15 17 14
18 37 21 37 21 36 18 36
36 31 34 33 26 25 28 23
18 15 17 15 17 17 18 17
35 18 37 20 38 19 36 17
37 31 36 31 36 33 37 33
36 32 37 33 38 32 37 31
35 17 35 18 36 18 36 17
14 30 17 30 17 29 14 29
30 14 32 14 32 12 30 12
36 20 37 21 38 20 37 19
13 24 13 23 12 23 12 24
13 26 13 29 14 29 14 26
24 37 28 37 28 35 24 35
34 17 31 17 31 19 34 19
35 14 34 14 34 17 35 17
12 30 13 31 14 30 13 29
37 24 37 22 36 22 36 24
36 21 37 21 37 20 36 20
38 21 37 22 36 21 37 20
38 22 38 21 37 21 37 22
32 16 29 16 29 18 32 18
20 15 20 16 26 16 26 15
20 35 15 35 15 38 20 38
27 36 28 37 29 36 28 35
39 23 37 25 36 24 38 22
33 16 33 14 32 14 32 16
14 25 14 26 17 26 17 25
19 34 20 35 23 32 22 31
34 31 24 31 24 33 34 33
36 15 34 17 33 16 35 14
17 32 16 32 16 34 17 34
33 18 34 19 35 18 34 17
11 36 12 37 17 32 16 31
17 19 19 21 21 19 19 17
10 20 13 23 17 19 14 16
18 18 19 18 19 17 18 17
21 16 19 18 18 17 20 15
16 18 16 23 18 23 18 18
20 33 20 35 24 35 24 33
27 34 27 36 29 36 29 34
31 32 29 34 25 30 27 28
18 33 20 33 20 25 18 25
16 24 17 25 20 22 19 21
24 16 23 17 20 14 21 13
34 24 34 31 36 31 36 24
21 17 21 19 23 19 23 17
30 18 31 19 32 18 31 17
14 24 16 24 16 23 14 23
33 22 28 22 28 23 33 23
13 25 14 25 14 24 13 24
35 22 35 18 33 18 33 22
33 20 35 22 36 21 34 19
24 17 27 20 29 18 26 15
12 26 13 26 13 25 12 25
28 18 31 21 35 17 32 14
18 24 22 24 22 23 18 23
10 27 12 27 12 26 10 26
28 17 27 17 27 18 28 18
17 24 17 25 18 25 18 24
26 18 26 20 27 20 27 18
26 32 26 25 23 25 23 32
25 32 27 34 37 24 35 22
19 28 19 22 15 22 15 28
28 19 28 21 31 21 31 19
20 21 19 21 19 22 20 22
6 23 10 27 12 25 8 21
25 17 26 18 27 17 26 16
19 30 25 30 25 28 19 28
20 31 18 33 17 32 19 30
25 19 23 19 23 20 25 20
22 30 30 38 33 35 25 27
19 32 19 30 17 30 17 32
23 34 23 32 19 32 19 34
25 34 24 35 23 34 24 33
27 19 26 20 25 19 26 18
21 21 27 27 29 25 23 19
21 29 22 29 22 27 21 27
29 29 37 29 37 25 29 25
20 27 22 29 26 25 24 23
20 26 21 27 23 25 22 24
17 33 18 34 22 30 21 29
20 19 20 21 21 21 21 19
22 21 24 23 25 22 23 20
24 21 22 21 22 23 24 23
20 18 19 18 19 19 20 19
29 24 26 24 26 25 29 25
25 21 25 22 28 22 28 21
23 22 20 22 20 25 23 25
28 27 27 27 27 28 28 28
24 25 22 27 20 25 22 23
25 24 22 24 22 27 25 27
