52
9 24 18 33 26 25 17 16
10 37 15 42 19 38 14 33
9 25 14 25 14 24 9 24
47 38 41 44 29 32 35 26
9 27 17 35 25 27 17 19
47 37 44 40 39 35 42 32
17 14 16 14 16 16 17 16
47 31 43 35 32 24 36 20
18 16 25 16 25 14 18 14
37 14 36 14 36 20 37 20
17 17 17 19 21 19 21 17
15 38 15 41 19 41 19 38
44 22 38 28 35 25 41 19
13 32 14 33 20 27 19 26
41 18 39 18 39 19 41 19
43 21 42 21 42 32 43 32
43 37 43 38 47 38 47 37
25 44 33 44 33 38 25 38
44 26 44 25 35 25 35 26
5 26 14 35 26 23 17 14
7 27 20 40 22 38 9 25
8 24 9 25 17 17 16 16
9 34 20 34 20 27 9 27
7 25 7 27 9 27 9 25
42 35 42 37 43 37 43 35
18 37 27 37 27 36 18 36
23 41 26 41 26 32 23 32
35 41 42 41 42 37 35 37
41 35 41 29 39 29 39 35
31 16 25 16 25 21 31 21
16 28 18 28 18 25 16 25
24 17 24 19 27 19 27 17
9 35 15 41 22 34 16 28
14 30 16 30 16 28 14 28
41 24 38 27 34 23 37 20
20 38 22 38 22 34 20 34
17 33 14 33 14 35 17 35
17 27 18 28 25 21 24 20
31 41 31 37 27 37 27 41
18 24 26 32 27 31 19 23
13 25 16 28 17 27 14 24
38 40 34 44 31 41 35 37
18 23 14 23 14 24 18 24
21 20 24 20 24 19 21 19
43 40 43 38 38 38 38 40
22 21 22 25 25 25 25 21
38 24 32 24 32 27 38 27
19 31 27 31 27 26 19 26
45 31 41 35 34 28 38 24
22 36 27 41 31 37 26 32
25 20 31 26 34 23 28 17
38 32 38 28 34 28 34 32
