49
49 30 42 37 32 27 39 20
11 34 18 41 28 31 21 24
42 17 41 17 41 24 42 24
11 31 16 36 26 26 21 21
15 17 23 17 23 14 15 14
37 42 37 40 32 40 32 42
13 34 18 39 21 36 16 31
42 20 36 26 33 23 39 17
19 41 19 39 18 39 18 41
41 37 42 37 42 29 41 29
16 38 20 38 20 36 16 36
13 31 11 31 11 34 13 34
20 15 20 19 21 19 21 15
20 16 22 18 23 17 21 15
13 35 35 35 35 34 13 34
37 17 37 18 39 18 39 17
12 34 13 35 15 33 14 32
36 17 33 17 33 21 36 21
37 38 36 39 28 31 29 30
15 26 15 33 20 33 20 26
35 39 36 39 36 35 35 35
41 27 41 24 37 24 37 27
12 23 15 26 23 18 20 15
40 31 40 23 34 23 34 31
38 35 37 36 36 35 37 34
40 27 38 29 35 26 37 24
19 35 20 36 30 26 29 25
35 19 33 21 31 19 33 17
35 20 39 20 39 19 35 19
31 38 32 39 36 35 35 34
30 38 30 30 29 30 29 38
30 42 31 42 31 38 30 38
38 19 36 21 35 20 37 18
28 40 30 42 32 40 30 38
28 39 28 40 32 40 32 39
22 20 21 21 20 20 21 19
36 34 36 26 35 26 35 34
40 19 39 20 38 19 39 18
32 41 31 42 28 39 29 38
37 35 37 34 36 34 36 35
23 20 23 18 22 18 22 20
36 33 35 34 33 32 34 31
40 18 39 18 39 19 40 19
38 36 38 35 37 35 37 36
34 38 35 39 38 36 37 35
34 36 34 38 37 38 37 36
27 19 21 19 21 21 27 21
21 23 21 24 33 24 33 23
21 33 20 33 20 36 21 36
