94
5 24 10 29 15 24 10 19
5 22 5 24 10 24 10 22
8 28 10 30 12 28 10 26
6 20 10 24 15 19 11 15
30 29 28 29 28 30 30 30
8 25 8 28 12 28 12 25
11 29 10 29 10 30 11 30
8 17 10 19 12 17 10 15
9 15 11 17 13 15 11 13
11 12 11 13 12 13 12 12
12 11 12 12 13 12 13 11
12 29 12 30 17 30 17 29
8 20 10 22 13 19 11 17
10 14 10 15 11 15 11 14
28 28 28 25 24 25 24 28
31 22 28 25 26 23 29 20
9 19 10 19 10 15 9 15
31 19 30 20 27 17 28 16
29 14 29 20 30 20 30 14
27 12 22 17 20 15 25 10
6 25 8 25 8 20 6 20
29 29 28 30 27 29 28 28
10 13 11 14 12 13 11 12
27 10 25 10 25 12 27 12
30 13 29 14 27 12 28 11
31 16 28 16 28 19 31 19
25 29 26 29 26 27 25 27
29 25 27 27 26 26 28 24
30 22 28 24 24 20 26 18
19 30 20 30 20 28 19 28
31 27 31 22 30 22 30 27
32 17 29 20 28 19 31 16
14 12 13 13 12 12 13 11
26 28 25 29 24 28 25 27
32 12 27 12 27 17 32 17
32 28 30 30 29 29 31 27
16 11 16 12 17 12 17 11
29 24 28 24 28 25 29 25
23 11 21 11 21 15 23 15
23 29 23 27 22 27 22 29
12 15 13 15 13 13 12 13
25 28 24 29 22 27 23 26
14 13 14 12 13 12 13 13
27 28 26 29 25 28 26 27
27 26 26 26 26 27 27 27
11 21 11 19 10 19 10 21
12 24 12 25 15 25 15 24
16 28 17 29 19 27 18 26
8 24 10 26 12 24 10 22
28 23 26 23 26 24 28 24
22 28 23 29 24 28 23 27
12 19 12 17 11 17 11 19
16 27 16 28 19 28 19 27
19 12 17 12 17 16 19 16
11 22 16 27 18 25 13 20
28 21 28 19 21 19 21 21
12 20 13 20 13 19 12 19
20 12 23 15 24 14 21 11
15 26 18 26 18 25 15 25
25 26 23 26 23 27 25 27
7 24 8 25 11 22 10 21
20 11 19 11 19 12 20 12
13 17 18 17 18 15 13 15
21 10 20 10 20 11 21 11
16 26 20 30 22 28 18 24
26 16 26 15 25 15 25 16
20 27 21 28 22 27 21 26
21 27 20 27 20 28 21 28
25 24 25 26 26 26 26 24
22 26 21 26 21 27 22 27
26 22 29 22 29 20 26 20
26 25 25 26 24 25 25 24
19 26 21 26 21 22 19 22
23 25 22 25 22 26 23 26
25 17 26 18 27 17 26 16
25 23 26 23 26 22 25 22
18 27 19 28 20 27 19 26
24 26 23 27 22 26 23 25
24 24 23 25 22 24 23 23
16 17 17 18 18 17 17 16
23 24 23 25 24 25 24 24
24 23 24 24 25 24 25 23
22 16 22 17 25 17 25 16
18 23 21 26 22 25 19 22
22 23 22 24 23 24 23 23
30 15 22 23 21 22 29 14
15 23 15 24 18 24 18 23
17 20 24 20 24 18 17 18
7 20 12 25 17 20 12 15
14 22 15 23 22 16 21 15
14 21 11 21 11 22 14 22
22 19 25 22 28 19 25 16
20 19 21 19 21 15 20 15
21 18 20 19 18 17 19 16
