84
6 22 7 23 8 22 7 21
26 16 20 22 17 19 23 13
6 21 6 22 7 22 7 21
8 23 8 22 7 22 7 23
23 8 21 8 21 10 23 10
6 10 7 11 8 10 7 9
21 23 21 22 20 22 20 23
22 22 23 22 23 18 22 18
6 11 7 11 7 10 6 10
8 9 7 9 7 10 8 10
9 22 8 23 7 22 8 21
24 16 23 17 20 14 21 13
6 15 7 16 8 15 7 14
7 19 7 21 8 21 8 19
10 8 10 7 7 7 7 8
7 12 8 13 9 12 8 11
9 21 8 21 8 22 9 22
11 8 9 10 8 9 10 7
11 22 9 22 9 23 11 23
25 10 23 12 21 10 23 8
6 9 7 10 8 9 7 8
25 12 25 10 23 10 23 12
24 20 22 22 20 20 22 18
20 7 11 7 11 8 20 8
6 13 6 15 8 15 8 13
8 20 9 21 10 20 9 19
10 22 9 23 8 22 9 21
21 20 21 18 20 18 20 20
8 12 8 13 9 13 9 12
26 20 26 16 24 16 24 20
6 8 6 9 7 9 7 8
25 20 23 22 21 20 23 18
5 12 6 13 7 12 6 11
6 20 7 21 8 20 7 19
5 14 7 14 7 12 5 12
8 8 7 9 6 8 7 7
12 22 11 23 10 22 11 21
22 13 22 17 23 17 23 13
9 11 9 10 8 10 8 11
11 9 9 11 8 10 10 8
9 9 9 10 11 10 11 9
16 22 20 22 20 20 16 20
12 21 11 21 11 22 12 22
21 12 21 13 22 13 22 12
10 11 9 11 9 12 10 12
10 19 10 20 13 20 13 19
6 19 8 21 10 19 8 17
6 16 6 19 7 19 7 16
9 18 9 19 10 19 10 18
19 10 19 11 21 11 21 10
20 11 14 17 13 16 19 10
5 15 6 16 9 13 8 12
18 9 19 10 21 8 20 7
21 17 21 18 22 18 22 17
9 14 20 14 20 13 9 13
9 16 9 14 7 14 7 16
5 16 6 16 6 15 5 15
12 10 12 11 14 11 14 10
3 18 6 21 8 19 5 16
4 15 5 16 6 15 5 14
20 12 21 13 22 12 21 11
11 11 11 12 12 12 12 11
4 14 4 15 5 15 5 14
10 17 10 18 12 18 12 17
10 16 11 16 11 12 10 12
9 17 10 17 10 16 9 16
10 15 9 16 8 15 9 14
8 18 9 18 9 17 8 17
20 15 17 15 17 18 20 18
5 17 7 19 8 18 6 16
24 15 22 17 20 15 22 13
11 17 10 18 9 17 10 16
13 11 12 12 11 11 12 10
24 14 20 14 20 15 24 15
16 19 20 23 21 22 17 18
12 13 17 18 19 16 14 11
12 16 16 20 17 19 13 15
14 18 12 18 12 21 14 21
16 18 16 19 17 19 17 18
18 14 17 15 13 11 14 10
12 15 12 16 13 16 13 15
16 17 14 17 14 18 16 18
14 16 19 16 19 11 14 11
13 17 14 17 14 16 13 16
