137
11 11 11 16 13 16 13 11
7 28 11 32 16 27 12 23
10 33 11 34 12 33 11 32
12 35 14 35 14 33 12 33
37 31 35 33 33 31 35 29
34 34 34 29 32 29 32 34
38 26 35 29 29 23 32 20
13 34 14 35 15 34 14 33
35 15 32 18 30 16 33 13
35 31 33 31 33 33 35 33
10 29 10 33 12 33 12 29
36 17 33 20 32 19 35 16
14 12 14 14 16 14 16 12
36 27 34 29 26 21 28 19
13 32 11 32 11 34 13 34
17 11 17 14 19 14 19 11
10 21 12 23 13 22 11 20
10 22 12 24 15 21 13 19
16 34 17 34 17 33 16 33
30 12 30 14 31 14 31 12
35 18 35 16 32 16 32 18
36 23 29 23 29 27 36 27
13 31 13 32 18 32 18 31
32 14 31 14 31 16 32 16
12 17 15 20 16 19 13 16
30 13 31 14 32 13 31 12
33 30 31 30 31 31 33 31
11 21 11 25 15 25 15 21
18 34 19 34 19 32 18 32
32 15 31 16 30 15 31 14
37 30 35 30 35 31 37 31
9 28 10 29 12 27 11 26
10 17 11 18 12 17 11 16
33 14 33 13 32 13 32 14
10 20 10 21 11 21 11 20
13 29 13 27 12 27 12 29
10 14 10 17 12 17 12 14
12 30 13 31 14 30 13 29
12 26 13 27 15 25 14 24
30 32 32 34 33 33 31 31
15 31 17 33 18 32 16 30
13 18 11 18 11 19 13 19
9 13 10 14 12 12 11 11
9 15 13 19 14 18 10 14
30 34 30 32 28 32 28 34
11 27 12 27 12 26 11 26
31 32 31 31 30 31 30 32
32 31 31 32 30 31 31 30
14 16 13 16 13 18 14 18
28 33 26 35 23 32 25 30
24 12 24 14 25 14 25 12
34 24 34 29 35 29 35 24
7 15 7 28 9 28 9 15
9 12 9 13 12 13 12 12
9 17 11 19 14 16 12 14
10 26 11 27 12 26 11 25
10 25 10 26 11 26 11 25
35 25 28 32 27 31 34 24
23 34 23 32 22 32 22 34
33 19 32 19 32 20 33 20
31 17 28 17 28 19 31 19
16 16 17 16 17 14 16 14
14 19 16 19 16 18 14 18
14 27 14 30 16 30 16 27
27 14 25 14 25 17 27 17
14 26 14 24 12 24 12 26
20 32 20 34 21 34 21 32
28 12 27 12 27 14 28 14
18 14 16 16 14 14 16 12
26 14 28 16 30 14 28 12
28 15 28 16 30 16 30 15
31 28 25 28 25 30 31 30
21 14 22 14 22 12 21 12
36 25 32 29 31 28 35 24
30 29 27 29 27 31 30 31
14 22 14 19 13 19 13 22
15 19 16 20 17 19 16 18
18 16 18 18 19 18 19 16
20 15 21 15 21 14 20 14
18 15 19 16 20 15 19 14
25 31 28 34 30 32 27 29
31 25 31 24 20 24 20 25
19 30 19 32 20 32 20 30
22 15 21 15 21 19 22 19
24 15 24 14 22 14 22 15
27 33 27 31 25 31 25 33
16 15 17 16 18 15 17 14
20 31 19 32 18 31 19 30
21 31 25 31 25 30 21 30
22 31 21 32 20 31 21 30
23 15 25 17 26 16 24 14
18 17 19 18 20 17 19 16
18 29 20 29 20 25 18 25
29 18 24 18 24 23 29 23
35 20 33 22 29 18 31 16
35 22 35 20 33 20 33 22
34 23 35 24 36 23 35 22
19 31 20 32 21 31 20 30
16 21 16 20 15 20 15 21
16 25 18 25 18 24 16 24
16 22 14 22 14 24 16 24
22 16 19 19 18 18 21 15
14 23 16 25 18 23 16 21
30 22 30 29 32 29 32 22
16 23 18 25 20 23 18 21
30 23 26 27 22 23 26 19
17 20 19 20 19 19 17 19
27 18 28 19 29 18 28 17
27 28 26 29 25 28 26 27
17 22 17 21 16 21 16 22
24 17 22 19 20 17 22 15
24 29 26 29 26 27 24 27
20 18 24 18 24 17 20 17
28 20 23 20 23 32 28 32
27 19 26 19 26 21 27 21
27 27 22 32 21 31 26 26
20 19 20 18 19 18 19 19
20 27 18 29 16 27 18 25
23 28 24 29 25 28 24 27
27 26 26 26 26 27 27 27
38 21 27 21 27 26 38 26
18 19 19 20 20 19 19 18
20 20 19 20 19 21 20 21
26 20 27 21 28 20 27 19
22 27 24 27 24 23 22 23
27 24 24 27 20 23 23 20
19 23 19 21 18 21 18 23
23 19 22 19 22 20 23 20
30 26 29 27 22 20 23 19
23 16 23 19 26 19 26 16
18 27 20 29 22 27 20 25
18 20 19 21 20 20 19 19
19 24 20 24 20 23 19 23
21 20 21 19 20 19 20 20
24 26 21 29 16 24 19 21
22 21 20 21 20 23 22 23
24 24 26 26 29 23 27 21
