16
1
4
6
11
20
10
13
10
13
6
6
8
6
10
4
4
11
5
10
18
4
1
4
16
4
10
11
1
18
19
9
4
6
7
5
11
4
4
4
6
6
17
6
8
10
14
6
8
16
6
4
17
18
4
2
4
18
6
4
20
18
4
4
11
11
9
6
10
19
16
10
4
8
18
20
6
4
11
3
6
4
4
4
1
9
14
10
6
7
10
17
20
17
10
16
15
7
6
8
19
7
10
1
18
4
7
5
1
4
2
6
7
10
2
19
11
10
18
18
6
11
20
13
5
4
4
17
10
11
19
18
18
10
8
8
10
15
7
18
10
13
11
2
6
10
6
4
6
20
10
1
1
3
6
16
20
20
7
19
3
6
4
6
3
6
6
20
10
13
10
6
7
6
15
2
18
6
6
20
13
16
7
10
7
4
6
16
19
11
17
4
19
18
1
6
10
3
2
2
4
9
10
5
18
6
10
4
9
2
18
18
6
4
13
4
13
17
20
3
2
6
4
19
10
9
6
3
5
11
19
4
20
1
3
6
20
11
20
8
6
16
3
11
2
11
13
18
2
20
2
7
6
18
6
2
7
4
15
17
4
4
11
8
18
13
4
4
17
4
17
6
19
6
10
6
6
10
17
20
1
10
10
18
1
14
4
4
20
10
6
19
20
18
16
5
9
4
4
8
6
6
4
16
4
7
18
2
5
16
7
4
16
1
18
4
6
6
2
3
6
16
2
4
10
7
6
2
16
4
17
10
2
11
5
7
4
11
6
8
6
4
19
16
12
10
4
2
10
20
4
3
1
10
20
4
4
20
8
16
2
4
1
7
4
8
10
4
20
10
6
20
12
6
16
11
1
20
20
6
7
17
20
4
20
2
18
3
13
10
4
10
6
10
16
6
4
11
17
6
