10
14
12
16
2
4
18
8
17
6
6
13
5
2
6
14
14
18
4
10
2
10
16
14
6
20
11
4
6
1
17
20
18
11
7
20
8
12
17
20
17
4
17
12
19
19
4
2
17
5
20
4
10
20
20
13
11
11
6
10
2
4
2
18
8
12
17
5
1
20
11
11
11
4
10
15
20
8
17
18
4
18
4
8
6
9
10
6
16
5
15
16
17
18
16
20
4
4
6
14
10
13
2
6
18
2
4
13
2
5
1
17
6
18
6
17
12
6
16
20
18
18
18
5
18
6
8
8
17
10
15
13
18
8
9
2
8
15
17
20
12
5
14
17
16
16
8
7
16
13
17
14
12
18
12
15
4
6
20
4
13
20
2
13
7
11
6
14
2
14
12
11
4
20
8
18
1
2
5
11
13
16
6
20
11
17
17
15
4
13
8
16
16
11
6
18
18
11
6
10
8
8
20
20
8
19
20
14
7
8
18
13
14
15
5
4
14
14
15
13
5
17
8
8
4
6
10
2
4
11
17
15
19
5
15
14
17
20
12
10
7
5
14
13
1
20
4
5
7
17
10
15
13
20
17
3
20
14
8
2
2
2
5
20
5
2
17
10
15
11
18
18
18
6
4
15
2
14
16
18
12
4
9
17
4
15
5
18
20
11
8
12
4
20
4
14
16
17
17
16
11
18
4
20
16
17
9
11
11
13
4
11
8
15
11
5
11
6
8
5
17
1
8
18
11
14
1
11
2
9
13
15
17
13
18
8
10
6
16
4
14
8
18
6
7
17
18
14
14
18
4
16
18
14
15
16
6
10
15
16
5
5
1
19
20
2
10
15
6
5
14
18
16
8
18
15
13
6
16
7
18
10
20
4
19
19
16
8
20
4
8
17
16
20
4
10
4
20
13
17
