1
18
12
2
9
17
17
18
15
16
15
15
11
15
13
7
14
16
9
17
15
4
5
11
12
1
11
17
11
17
7
20
17
4
19
18
13
4
5
15
2
18
14
7
14
7
10
18
5
1
12
13
10
18
6
18
13
14
2
14
13
2
2
4
16
14
9
18
17
2
18
7
18
14
13
20
18
15
6
12
14
15
9
17
11
9
4
14
7
12
20
17
13
16
13
3
18
11
5
13
16
20
13
6
20
9
3
13
18
2
5
4
11
15
16
2
15
15
3
14
18
18
4
18
18
15
4
12
13
12
9
19
7
4
13
15
1
14
16
16
18
12
6
2
20
2
2
5
3
12
11
17
12
2
10
9
15
13
5
4
15
15
18
20
14
7
16
11
6
11
7
12
10
18
7
4
13
3
13
4
4
13
18
12
15
1
13
11
4
16
13
6
5
10
13
15
15
4
6
9
16
13
13
12
5
14
10
6
4
20
11
20
2
14
14
6
14
18
6
4
18
14
2
2
9
16
12
14
9
15
13
9
7
20
15
14
16
9
13
6
9
17
9
13
19
2
12
2
5
16
16
15
11
9
12
2
17
3
2
10
4
3
18
18
6
4
18
9
5
15
16
2
18
16
13
2
11
7
12
13
13
15
5
12
20
13
17
14
17
17
12
13
7
10
6
15
4
4
16
6
20
17
2
17
17
12
18
1
6
16
18
12
4
19
18
5
14
11
13
4
14
13
6
15
4
14
15
13
9
18
16
13
15
16
10
9
18
4
10
12
4
17
16
12
13
20
2
12
13
20
12
16
12
5
20
9
17
7
3
2
14
12
4
11
13
9
12
10
15
15
15
5
20
15
4
16
4
15
15
17
18
18
20
18
12
15
18
15
7
6
4
15
11
1
17
8
2
9
14
10
