4
1
10
19
7
7
11
7
8
14
2
7
19
7
20
12
7
11
10
12
4
10
17
20
7
1
2
11
20
5
1
1
20
18
19
2
12
11
16
16
5
19
16
16
1
7
5
20
20
5
6
6
7
7
4
5
1
10
14
13
2
20
7
4
2
15
14
4
16
1
5
7
5
3
16
1
20
16
13
11
20
4
16
14
7
9
10
18
2
18
7
20
1
7
8
16
16
12
13
12
16
7
14
7
5
4
4
9
20
7
3
13
2
7
5
20
7
15
7
11
7
1
4
4
7
2
19
1
4
15
2
12
7
10
2
13
16
4
11
20
11
19
16
14
20
18
7
20
15
12
10
9
17
15
7
8
1
1
19
13
2
17
11
7
2
7
20
19
19
19
8
10
1
7
19
8
11
19
11
16
8
4
4
1
2
6
4
19
19
14
20
2
1
9
4
8
4
2
12
19
11
11
14
13
20
20
4
11
19
6
14
5
7
1
7
8
19
18
11
5
2
19
1
7
5
14
13
19
14
1
14
1
8
7
7
11
5
8
7
2
10
5
20
8
20
16
20
7
10
20
12
7
9
20
8
12
7
12
19
11
2
9
2
2
16
4
2
1
8
12
20
8
3
11
11
16
7
11
7
2
4
19
8
14
19
2
20
14
8
16
16
4
15
14
4
5
6
19
16
6
19
5
7
14
5
4
7
3
7
7
20
7
14
1
7
16
20
11
2
2
5
12
17
6
19
16
7
4
10
10
14
3
2
2
16
11
4
7
16
20
7
11
7
11
7
14
16
20
7
9
12
19
7
17
13
10
18
12
16
16
11
7
10
4
14
16
1
20
19
19
11
10
16
10
5
20
8
20
1
16
19
7
2
7
14
3
2
16
1
7
4
11
17
14
14
2
16
16
6
5
