3
16
16
20
7
17
3
12
5
20
6
9
19
16
16
4
3
10
9
9
12
5
12
13
19
14
9
12
1
5
5
16
1
12
19
10
16
12
9
5
12
3
16
6
13
5
5
5
3
6
5
5
16
12
16
6
16
19
16
16
10
16
16
2
16
1
18
6
2
11
17
4
1
12
4
10
3
12
8
16
7
15
12
16
14
11
20
5
16
6
12
5
16
3
15
1
3
5
9
5
12
13
15
12
17
17
3
12
8
1
16
16
5
10
6
16
12
5
9
10
1
16
12
12
4
13
3
14
12
5
18
20
13
20
16
16
16
6
19
4
4
16
5
7
12
12
17
16
15
9
13
3
20
3
12
20
19
16
8
16
6
3
3
16
5
9
2
19
2
1
15
17
12
16
17
15
9
16
16
8
12
10
16
12
16
19
17
10
11
16
3
18
18
17
10
12
1
16
4
16
5
1
9
9
18
3
14
16
14
16
17
12
1
11
15
9
7
4
2
10
11
18
4
11
18
16
20
6
2
16
16
16
10
16
12
12
16
1
8
4
16
10
16
6
16
15
20
16
9
1
10
16
16
16
2
8
5
12
7
16
4
16
16
16
19
14
16
8
16
5
4
17
20
4
12
16
15
16
16
17
1
9
5
19
1
9
17
1
6
12
16
7
16
5
18
12
18
4
11
12
3
3
1
16
10
11
19
14
1
16
12
10
16
10
12
17
18
1
16
1
5
5
6
19
18
10
19
7
16
12
16
14
5
18
11
8
4
16
12
18
5
6
18
19
9
2
9
12
9
16
2
7
9
8
19
5
12
16
14
2
8
1
1
16
16
18
9
12
6
10
12
2
13
15
5
16
10
16
6
18
16
20
17
1
10
6
5
1
6
5
8
18
6
12
6
1
7
5
19
13
