14
5
4
19
9
15
5
4
12
9
4
7
14
7
17
4
16
17
19
19
15
17
4
15
18
15
16
4
7
3
9
16
15
7
7
17
11
4
18
7
4
15
3
18
11
4
15
16
18
17
9
15
11
13
7
16
15
19
11
17
16
16
7
4
13
3
6
7
18
20
16
4
13
2
13
17
12
11
2
5
4
9
19
11
17
15
16
16
7
9
18
5
9
3
16
4
4
2
7
4
16
15
18
17
7
14
16
12
19
16
14
15
18
7
16
11
16
12
16
9
18
5
14
5
4
15
15
4
7
4
15
7
14
9
15
12
7
12
18
4
5
14
3
7
3
13
15
16
7
12
4
7
11
6
17
18
11
14
16
15
16
3
14
12
12
4
18
16
9
4
14
15
15
7
12
7
17
7
18
20
12
18
16
15
17
16
8
14
18
10
13
17
4
14
5
4
18
18
12
3
5
16
14
14
14
18
17
4
15
7
3
11
14
15
14
7
12
14
3
7
15
12
15
13
18
7
5
2
9
14
17
4
13
16
18
19
9
5
18
16
7
20
15
6
15
9
7
17
17
4
18
18
3
5
15
17
4
4
4
12
9
3
7
2
4
16
4
3
15
16
7
1
9
15
18
16
15
9
14
9
16
16
16
4
18
2
16
6
17
11
17
17
20
7
5
18
12
7
7
18
15
18
16
12
11
19
9
11
15
6
18
11
9
14
15
9
16
11
15
15
5
7
19
16
4
14
7
11
15
15
1
4
7
4
18
14
11
15
2
3
4
15
17
3
12
13
11
17
17
14
7
19
16
18
15
7
7
14
5
4
15
7
5
17
14
20
7
16
7
9
11
9
14
16
19
15
16
14
2
15
4
11
9
16
16
15
19
7
4
9
7
11
16
18
19
18
4
12
9
18
