12
20
8
8
1
4
19
8
12
8
2
5
8
7
2
11
12
6
18
11
11
7
1
17
1
7
13
8
6
12
1
18
8
18
18
1
17
2
19
11
12
8
18
7
10
6
18
7
2
4
11
15
3
4
1
2
1
12
7
18
2
7
10
4
5
7
11
14
4
12
17
16
7
19
5
13
12
7
13
4
7
19
18
7
7
14
19
18
6
17
4
14
13
1
9
18
12
15
13
7
8
8
7
2
12
10
11
19
7
8
12
12
17
12
6
15
5
14
20
12
1
18
3
4
6
1
9
8
18
12
1
18
1
15
17
14
8
1
15
15
2
12
8
8
7
18
10
1
12
7
8
2
13
3
6
13
13
3
6
2
12
16
16
4
12
7
5
15
2
17
1
4
7
18
1
1
14
12
1
1
19
11
7
2
7
7
4
16
12
12
9
18
19
4
15
8
12
1
4
20
14
1
17
4
4
12
16
1
5
9
12
14
11
11
1
7
6
20
15
9
8
3
4
14
18
2
11
8
6
7
1
15
11
20
15
10
5
17
17
20
7
8
5
19
18
18
6
5
4
10
6
10
17
6
14
11
4
8
10
14
16
11
16
18
16
6
11
1
8
4
8
7
8
2
8
20
5
12
17
5
3
10
4
12
20
1
13
16
15
18
11
16
8
9
11
12
19
17
12
12
1
16
18
4
7
18
12
10
15
3
18
2
15
20
11
14
15
15
1
1
12
8
13
8
12
3
18
17
6
18
10
1
7
4
10
4
6
4
4
18
5
18
8
19
7
9
12
8
9
13
1
13
8
17
15
2
4
18
7
7
20
14
18
1
7
5
19
6
4
2
15
4
9
12
11
11
13
7
11
4
14
8
14
4
6
20
18
13
8
16
17
8
20
4
8
10
6
1
6
18
