1
5
19
5
12
4
9
13
1
2
13
5
1
5
11
7
17
18
19
19
13
13
20
10
2
11
17
8
9
18
14
9
16
19
2
6
17
2
6
4
12
13
7
1
19
16
5
12
10
16
4
13
8
7
2
7
2
13
20
17
19
19
7
19
6
13
1
4
5
19
8
8
13
2
7
1
11
11
4
2
13
11
12
9
11
5
6
20
14
18
7
1
19
4
4
6
1
1
13
2
19
2
16
17
2
19
5
5
7
17
18
7
18
17
9
11
11
2
15
9
9
1
7
2
15
6
5
2
5
1
4
16
4
13
12
7
6
8
19
10
18
9
12
16
9
1
13
7
6
5
2
13
4
2
2
16
4
5
18
8
13
13
14
7
18
2
11
8
1
16
19
9
9
8
10
6
7
1
5
13
11
10
1
20
17
1
1
10
6
2
1
13
16
20
12
4
4
17
19
4
7
4
2
16
19
7
18
7
7
6
7
17
19
11
7
6
5
13
19
8
18
19
5
15
5
7
4
18
8
7
1
15
19
13
6
16
20
7
9
6
9
15
7
9
11
7
13
5
16
1
17
11
11
10
5
2
4
2
16
5
7
14
9
20
16
6
19
1
7
11
3
15
16
1
9
11
8
11
11
19
11
7
8
2
19
1
1
2
7
13
13
19
9
12
6
19
9
11
3
16
1
2
11
6
10
12
1
1
19
20
6
7
18
13
9
19
17
17
13
18
4
12
8
1
5
19
4
20
15
7
17
2
13
9
8
6
2
8
16
5
11
17
8
17
6
16
1
11
16
2
8
5
5
9
4
9
16
13
4
12
11
17
16
20
16
8
19
20
5
11
18
2
15
19
7
5
16
7
11
19
10
11
20
4
16
2
5
3
2
2
2
20
11
7
12
11
6
8
5
17
