3
18
7
16
16
8
10
20
17
3
11
15
17
6
20
7
16
1
8
14
11
15
12
3
13
3
6
3
3
10
1
12
12
19
5
10
18
18
8
11
11
17
8
15
8
7
12
5
11
3
10
20
1
17
19
6
20
17
17
18
17
18
13
6
3
5
19
18
1
7
16
1
18
20
3
3
3
3
14
14
16
2
20
3
14
1
3
3
3
8
17
1
12
12
17
10
14
14
17
3
7
16
8
18
20
20
8
11
8
8
11
14
18
10
16
5
2
18
16
14
3
18
5
3
12
2
11
1
14
14
3
17
17
11
12
8
18
10
8
20
10
8
7
3
10
3
5
10
3
8
11
8
3
3
1
11
5
7
17
2
6
4
8
1
8
20
7
18
18
5
20
12
18
1
6
17
16
5
1
17
2
8
12
10
1
7
2
8
10
17
5
14
17
6
11
5
14
5
12
20
11
12
14
9
15
3
17
15
7
4
20
20
7
1
8
8
11
14
5
3
18
11
11
7
5
3
14
8
1
20
7
8
20
7
15
1
18
5
14
3
15
18
10
10
4
3
8
3
2
11
5
15
11
1
11
10
4
1
16
11
8
1
3
11
20
20
1
5
7
3
3
1
3
2
7
17
3
1
1
1
14
16
8
7
17
5
11
3
1
1
8
15
20
14
14
8
1
20
5
11
7
6
1
3
15
3
16
12
3
3
1
17
18
7
16
11
20
12
5
11
3
18
5
17
10
8
14
1
5
6
14
9
6
15
10
12
6
17
20
10
17
11
8
7
16
11
10
9
3
14
18
2
18
11
2
20
8
1
20
1
10
11
4
17
17
17
8
8
11
16
1
13
12
17
13
3
3
4
17
3
3
12
16
11
1
14
20
18
11
6
7
7
7
6
10
12
17
2
3
20
