15
1
16
3
10
8
20
11
3
13
11
8
16
2
13
3
12
16
12
6
19
17
9
3
8
18
17
10
2
8
10
6
17
8
20
18
14
11
10
3
10
13
16
10
2
14
8
18
14
6
10
2
11
16
20
10
18
10
4
18
10
6
20
2
12
14
4
19
8
6
10
3
12
11
4
1
20
10
14
13
18
5
11
13
12
17
18
2
10
4
8
6
2
6
2
12
6
10
18
2
13
20
2
7
3
14
17
8
7
20
11
7
8
8
2
14
9
8
10
10
18
20
16
18
19
8
13
18
8
10
6
17
4
20
18
7
11
17
4
8
15
8
3
4
2
5
20
10
20
17
12
3
19
14
11
18
2
16
17
2
2
11
8
17
3
11
4
8
10
10
15
17
8
17
18
17
20
18
8
14
4
16
13
10
4
2
7
10
4
20
8
8
10
17
20
20
13
14
18
5
20
8
19
8
17
6
20
19
17
10
6
16
10
18
19
7
16
10
18
11
8
6
2
10
20
8
17
20
4
10
20
16
10
19
10
16
16
9
2
13
20
2
4
14
10
4
20
11
3
17
13
18
8
18
12
2
16
1
8
20
20
4
6
14
2
10
7
2
14
10
8
2
16
20
11
8
11
10
2
19
6
10
10
18
19
11
17
10
15
14
7
20
20
1
7
13
4
20
8
13
8
14
10
11
20
20
18
12
8
11
16
13
8
17
2
6
2
10
13
20
3
20
18
2
19
19
19
20
12
20
17
20
17
13
8
20
2
7
10
10
2
18
20
17
6
2
20
16
8
2
15
8
20
10
2
8
10
19
4
18
20
10
16
12
7
7
7
6
2
20
15
18
15
6
5
4
20
13
20
20
8
7
8
2
3
4
13
16
17
8
8
16
2
9
5
13
7
1
19
13
