10
1
9
19
4
7
6
15
10
4
4
9
1
14
4
9
1
10
18
10
6
10
20
5
10
1
4
15
2
9
18
6
16
14
9
18
4
20
14
10
1
7
1
10
9
10
10
8
5
10
4
4
9
11
6
8
19
9
20
14
20
19
6
4
13
18
14
14
1
13
7
1
1
6
4
8
18
11
13
6
10
10
1
10
20
10
9
1
10
11
15
14
10
9
1
13
15
15
16
8
7
17
1
9
4
10
10
15
13
7
20
1
3
9
10
11
6
19
6
18
10
9
8
10
9
14
6
9
9
19
10
19
4
9
10
10
9
17
1
19
1
10
20
11
10
19
18
13
13
16
8
10
8
6
1
1
4
9
1
13
10
7
4
11
8
6
14
14
10
4
13
8
13
6
14
19
7
8
15
14
9
13
12
3
6
10
6
18
14
6
6
11
12
15
10
8
7
10
15
14
11
9
13
4
9
16
10
9
19
11
14
19
1
12
5
5
9
6
19
12
10
1
6
10
19
9
13
17
19
1
1
5
15
19
6
20
10
14
13
8
15
15
7
4
9
19
6
20
14
9
17
4
13
10
14
6
11
11
11
19
9
11
14
1
1
15
14
11
9
14
10
6
4
6
10
4
18
3
16
19
14
10
15
15
9
9
1
1
18
14
4
10
18
1
9
8
1
6
15
11
16
11
10
1
16
20
10
6
9
14
9
19
14
6
19
18
9
9
4
19
2
2
6
1
1
15
10
9
6
6
10
19
10
18
15
1
18
13
2
15
1
7
18
10
16
18
19
15
20
10
4
6
6
2
14
10
11
4
9
5
3
1
14
10
10
10
20
18
10
3
8
2
1
1
18
5
9
3
5
15
5
18
1
5
18
4
9
17
15
1
1
12
19
10
18
18
11
14
6
7
