3
10
10
4
6
2
16
3
13
13
17
17
17
4
2
10
12
2
11
10
2
3
6
17
10
19
13
19
5
6
3
14
4
15
2
13
3
4
5
16
5
8
13
13
16
15
14
14
4
11
15
16
1
10
13
2
3
4
13
10
1
13
12
5
13
7
4
15
11
16
14
13
4
10
5
10
5
4
16
9
2
14
10
2
2
9
16
17
13
10
2
7
4
12
12
12
10
8
2
1
10
11
10
4
11
4
1
9
5
17
6
3
7
4
3
2
13
12
19
6
15
6
10
14
3
17
15
13
4
1
13
16
10
3
14
9
8
16
2
2
10
6
13
6
15
4
6
18
5
3
20
10
6
10
2
11
3
5
13
16
6
3
20
15
17
12
4
10
10
8
12
4
13
3
3
15
13
6
13
3
3
3
17
14
10
6
4
14
10
8
3
11
14
3
16
10
17
2
12
2
20
15
2
3
13
3
5
13
6
12
13
13
3
4
17
2
17
2
3
12
11
5
15
14
5
6
15
7
14
5
14
2
13
17
13
10
16
6
8
2
3
3
5
17
6
2
10
10
18
13
10
2
13
15
12
4
2
2
4
5
13
2
16
3
9
10
15
14
10
13
14
6
2
5
4
10
11
6
10
6
5
4
4
12
16
2
9
13
3
16
15
10
16
6
12
2
2
10
11
10
4
8
5
2
5
4
13
2
9
8
10
6
15
12
14
14
14
16
3
13
4
4
17
10
11
15
14
10
2
3
16
3
19
2
13
11
3
2
4
13
13
3
10
15
3
14
16
17
3
20
16
10
16
13
11
14
11
3
5
13
9
3
13
10
10
2
3
3
8
3
3
14
20
13
3
6
6
4
6
2
6
12
4
2
2
10
2
10
2
3
7
6
19
16
13
17
11
13
14
2
