14
13
10
3
20
11
9
18
4
12
3
11
7
11
13
4
9
9
17
4
14
1
8
3
4
15
11
13
15
18
18
19
20
3
14
18
11
11
12
1
8
9
16
17
7
7
6
16
18
8
9
15
14
6
4
16
7
6
13
19
12
15
12
8
7
9
15
20
8
12
13
16
12
18
7
14
16
6
19
16
13
3
3
13
16
7
1
11
19
10
4
16
9
4
12
8
14
8
9
14
13
6
12
11
3
16
12
11
15
13
18
12
7
18
11
13
12
8
12
9
13
4
15
1
7
15
15
8
11
13
1
13
4
3
15
4
16
11
14
9
9
12
8
4
8
16
13
15
12
16
3
13
5
12
18
19
19
16
4
16
12
7
12
15
20
16
7
8
3
11
8
1
16
12
9
13
16
18
6
16
13
4
12
15
15
9
19
9
13
15
19
15
7
10
14
18
18
9
7
4
5
13
11
13
3
13
10
14
6
15
4
9
4
10
10
3
6
6
16
8
13
4
16
19
15
13
3
6
12
19
15
7
19
4
16
6
3
12
7
14
13
16
12
8
6
6
20
6
18
1
15
12
12
11
18
16
7
16
12
19
7
15
15
13
14
4
14
11
12
16
18
13
4
13
10
13
4
1
13
11
18
7
7
15
3
12
15
8
15
5
14
14
12
11
3
7
1
11
3
9
6
16
16
19
16
1
17
15
8
6
11
4
12
12
20
20
9
19
14
8
3
16
6
3
4
3
5
5
12
16
8
13
12
14
12
4
15
7
9
15
19
4
16
3
13
16
15
16
12
11
3
12
3
7
7
2
16
14
3
18
16
19
3
13
1
13
13
12
6
13
19
15
20
15
6
15
8
13
12
13
16
12
13
4
7
8
19
4
16
4
1
4
12
12
4
15
16
7
3
7
