17
6
12
11
9
15
11
9
15
10
13
19
6
11
3
6
9
10
9
18
4
11
7
18
11
6
9
19
11
6
4
15
18
2
17
19
20
9
13
2
13
11
5
15
3
5
10
2
16
13
6
19
13
13
2
11
14
15
4
11
11
15
11
15
5
6
16
12
2
11
3
5
20
11
17
17
11
4
11
7
18
1
3
10
4
11
14
11
14
5
11
18
6
11
1
11
19
4
18
1
9
7
4
15
15
6
6
2
6
1
11
19
17
15
12
11
20
3
4
17
3
5
11
19
16
15
17
6
20
13
12
11
6
20
12
17
13
5
7
19
6
13
19
13
19
11
9
3
11
7
13
19
4
13
17
15
11
14
6
15
13
17
2
4
11
17
19
16
11
4
4
1
10
4
16
19
3
2
13
18
11
11
18
9
7
3
1
15
1
5
13
13
17
11
11
11
14
15
11
6
11
9
1
13
5
19
9
5
3
18
13
2
15
6
19
10
13
15
19
11
4
17
19
12
15
20
4
5
1
18
12
12
17
10
4
4
17
11
20
11
18
15
15
13
4
11
11
6
2
19
18
12
9
15
6
1
19
16
15
6
4
9
2
11
10
11
1
2
6
13
3
19
11
9
6
5
12
18
13
15
17
6
13
18
13
2
6
12
13
4
9
5
6
14
7
14
19
13
15
14
9
6
10
14
4
16
19
19
11
20
15
9
11
16
11
4
5
17
19
6
6
3
19
15
18
7
4
6
14
9
1
18
5
19
7
6
3
2
5
10
15
1
13
7
8
16
16
2
15
11
19
11
11
15
12
20
5
19
12
1
9
9
15
19
13
7
18
1
7
2
11
11
11
1
1
5
13
4
15
11
9
17
4
11
16
2
3
15
13
6
11
9
5
7
8
9
6
7
5
15
