9
20
20
5
12
12
20
8
11
12
14
9
9
9
1
9
12
13
11
11
20
18
8
4
17
9
6
6
7
1
8
6
5
13
20
20
8
20
19
17
20
13
20
8
19
19
9
1
19
20
13
18
4
6
13
8
6
1
12
15
8
20
20
8
4
12
20
11
20
15
4
8
20
20
10
1
1
19
10
12
20
8
1
14
20
20
4
9
19
11
18
15
12
12
9
12
17
20
1
4
12
11
9
17
19
9
20
1
11
20
17
8
1
4
6
1
11
2
12
9
1
20
20
6
20
7
7
20
2
20
1
4
13
3
19
14
9
18
1
15
1
10
12
1
7
9
12
6
20
5
7
16
8
11
7
12
17
20
11
6
20
9
8
8
1
12
15
20
12
8
4
17
20
6
9
19
10
16
6
20
16
11
8
2
13
15
11
17
15
9
18
9
10
20
11
16
8
9
8
1
8
2
17
11
9
1
8
19
19
9
8
20
6
7
19
3
9
19
16
9
1
13
10
8
5
15
8
16
20
1
19
15
17
19
19
15
20
10
18
20
14
1
1
18
4
15
1
6
4
20
11
6
1
8
20
9
15
9
6
18
9
2
7
16
1
14
11
14
15
4
4
20
4
6
14
12
17
5
20
19
8
1
19
4
9
12
7
6
14
20
16
19
15
19
19
1
6
5
18
4
5
12
8
20
19
1
19
18
19
12
9
20
7
14
12
8
17
13
6
12
1
9
19
2
8
4
19
12
20
1
17
16
20
9
7
1
19
9
1
20
19
18
8
12
4
12
5
9
16
11
20
15
12
7
4
9
20
4
20
9
9
15
20
15
8
11
15
19
15
1
6
20
5
12
5
7
2
11
11
15
19
20
1
4
10
18
9
4
8
19
14
19
10
15
8
4
11
19
20
1
