11
13
1
6
20
4
19
4
20
16
10
20
4
13
11
13
20
13
2
13
12
20
2
15
6
1
20
10
20
20
17
17
4
20
4
5
11
18
4
20
8
4
4
7
19
5
13
13
16
13
17
11
5
18
16
12
15
17
14
14
13
12
8
4
12
13
20
6
20
3
5
8
4
3
1
10
2
13
1
11
4
4
20
10
15
1
1
19
16
17
5
4
1
6
20
12
17
4
4
20
12
1
14
11
20
2
10
20
6
16
6
16
20
11
20
5
1
11
10
1
1
12
16
3
4
1
11
20
1
20
13
20
16
20
5
1
11
19
7
20
4
4
1
12
7
4
4
2
10
8
3
9
20
10
3
10
12
2
12
18
13
6
18
9
9
20
4
12
15
4
1
3
10
20
12
20
4
13
20
20
20
6
18
1
4
2
4
8
11
3
6
4
4
16
20
5
16
13
1
13
9
20
1
20
16
14
16
15
9
13
19
8
20
2
3
20
8
6
4
5
1
15
4
13
12
4
14
4
4
4
4
1
17
11
20
18
7
2
15
16
11
17
13
20
9
6
20
6
1
15
20
2
7
13
16
10
11
14
11
13
18
8
4
6
8
12
4
10
16
1
8
16
6
9
18
18
20
6
2
3
2
13
4
20
20
16
20
19
6
1
20
2
6
1
10
20
4
2
16
19
17
8
6
15
15
18
1
10
17
5
4
17
1
5
9
18
9
10
13
3
4
1
4
1
4
13
4
19
17
16
15
4
4
4
1
11
13
12
12
20
12
18
2
1
4
20
12
8
19
1
1
19
1
7
20
18
4
1
9
2
10
10
2
1
1
5
4
8
20
11
5
4
4
6
16
1
4
5
14
3
1
13
16
8
11
18
1
11
4
8
4
1
1
4
12
12
10
5
10
1
