15
5
2
8
3
12
15
18
2
1
10
6
17
4
11
12
20
1
14
5
1
14
1
19
7
7
14
2
19
19
14
20
17
20
7
1
19
18
8
5
7
14
4
17
3
2
4
7
12
1
17
4
1
13
8
3
19
14
2
7
8
12
16
17
4
9
17
7
1
4
1
1
2
8
6
1
11
4
17
7
5
5
17
4
6
1
20
14
8
7
2
19
19
2
4
14
4
3
9
8
11
19
2
4
14
7
9
20
11
7
15
17
4
20
2
8
2
5
2
2
17
7
5
5
11
1
19
14
14
7
3
1
2
9
17
11
14
12
1
6
14
3
5
8
10
1
12
14
15
17
5
7
9
20
2
12
11
9
4
14
17
17
4
4
4
1
1
15
17
7
14
1
8
10
14
3
19
6
7
17
6
2
12
9
5
5
4
20
19
14
7
9
4
7
5
5
20
16
9
2
5
7
1
3
4
14
7
5
14
7
14
10
19
11
11
17
6
7
5
7
5
14
7
4
2
3
6
8
14
7
14
14
19
7
2
17
4
11
9
12
19
9
7
9
16
2
3
7
4
1
12
4
1
17
17
6
5
11
16
9
1
3
20
17
7
3
10
4
17
2
19
12
8
20
13
2
2
1
1
14
2
9
2
6
9
14
18
2
5
11
6
5
9
20
20
6
12
18
7
5
17
9
9
9
3
14
10
4
19
7
14
7
3
14
19
9
16
17
2
8
2
4
14
4
6
1
2
6
11
17
1
6
9
5
3
15
17
1
14
14
17
19
10
1
16
6
19
5
8
2
4
10
1
7
4
7
2
1
19
19
9
4
19
17
14
2
5
19
2
19
7
5
17
1
9
19
17
17
2
17
5
10
17
19
14
3
7
6
6
1
2
5
13
6
12
2
1
14
1
11
