17
9
10
6
11
12
10
10
10
12
3
3
15
8
9
14
19
18
11
12
4
6
15
8
7
16
17
13
13
12
19
17
5
3
12
1
16
3
17
5
17
3
10
3
3
18
5
4
17
4
5
6
12
19
5
8
10
9
6
19
10
4
17
19
11
10
3
7
3
3
6
13
17
3
14
9
11
4
10
17
12
7
17
10
1
4
9
12
10
19
11
2
13
7
3
7
16
19
4
3
14
8
18
17
10
14
17
11
17
14
7
11
17
19
8
7
1
16
5
8
3
17
19
16
18
16
8
17
14
17
18
17
19
3
12
4
6
12
17
17
7
19
10
17
9
7
16
11
15
13
17
14
18
1
11
17
13
18
16
13
3
4
3
13
15
18
16
3
7
8
17
15
14
7
1
13
13
3
13
6
12
18
4
18
4
3
3
5
11
11
13
7
6
12
1
16
16
13
5
17
12
1
15
18
13
10
4
6
6
11
18
10
17
18
4
16
18
3
6
12
13
10
18
17
9
12
19
16
12
17
3
3
12
17
12
13
11
19
16
19
17
9
12
7
19
6
4
17
18
14
12
3
8
4
13
18
17
5
17
6
13
3
17
3
18
17
9
18
4
13
10
16
17
10
17
15
10
12
15
9
3
10
11
16
6
6
6
15
15
16
6
7
1
16
18
5
16
6
3
17
8
3
6
7
13
19
1
8
14
7
8
11
4
17
8
16
20
2
12
14
4
3
8
16
16
7
3
14
7
17
3
19
17
17
3
7
12
17
17
8
15
13
9
12
13
12
17
9
13
4
13
18
6
12
3
1
17
6
3
13
4
13
6
1
7
3
7
3
13
15
7
15
15
17
9
12
12
13
5
7
13
13
2
9
6
7
12
13
17
19
6
13
5
7
13
14
16
5
15
19
