6
15
9
2
7
18
10
8
16
5
9
1
9
19
18
1
6
17
6
13
7
14
6
6
7
6
1
11
18
15
2
16
15
15
14
13
6
5
13
5
12
17
4
9
5
5
6
15
3
12
9
6
7
7
15
15
16
16
10
7
12
5
6
6
11
14
5
11
6
8
5
2
5
7
6
13
13
18
5
6
6
20
9
6
6
6
3
8
11
17
8
9
7
1
18
12
1
11
2
1
11
15
13
12
6
3
7
15
9
9
19
19
7
6
3
17
2
2
16
4
5
9
10
9
7
19
11
6
12
2
3
8
17
4
6
3
1
15
1
20
16
11
11
6
15
5
13
18
20
18
2
5
16
1
17
18
14
6
12
1
15
8
10
16
9
2
13
16
18
16
6
7
17
7
20
20
6
11
4
2
15
13
7
1
15
6
18
11
13
11
20
6
19
17
14
12
9
9
14
15
5
5
18
13
1
2
4
5
5
15
6
9
5
13
6
6
6
6
9
6
7
16
12
11
7
5
6
9
17
10
6
6
19
11
6
9
1
6
6
6
6
19
18
11
2
9
6
9
15
4
11
12
6
6
16
6
16
9
15
20
5
18
19
7
17
2
9
17
18
11
11
12
19
14
13
15
5
11
5
7
6
15
5
20
7
12
12
12
9
11
18
6
1
15
13
11
10
10
17
5
1
6
10
18
11
11
13
20
7
9
18
20
15
6
13
16
11
16
6
2
6
12
5
19
11
9
19
6
9
6
17
9
2
19
11
3
2
10
6
1
20
4
11
6
6
9
9
9
9
5
11
13
6
11
18
4
5
6
9
1
9
12
9
1
8
9
9
15
6
5
12
5
18
15
5
3
12
18
12
12
18
6
9
6
19
19
1
7
10
7
18
9
7
3
9
11
17
10
18
12
