12
9
16
7
17
12
11
10
9
9
14
20
20
12
1
5
10
12
19
11
9
7
5
3
3
6
1
14
7
12
9
9
10
16
16
16
2
6
16
10
18
3
15
17
14
1
14
10
10
16
20
13
9
4
16
8
20
2
7
20
18
9
10
16
9
10
16
20
14
14
5
3
2
7
7
11
1
10
11
10
16
8
12
12
20
12
14
10
20
12
5
20
9
20
5
15
2
15
20
6
14
19
10
11
15
19
12
14
10
7
5
12
16
12
7
6
5
12
3
10
5
12
10
6
11
5
10
1
11
14
5
4
1
17
20
5
19
14
9
9
10
12
19
7
8
7
15
12
12
3
12
20
19
10
6
9
9
12
5
10
10
5
14
1
10
14
19
15
2
20
9
1
17
10
2
20
15
15
5
2
14
16
10
20
11
1
15
14
11
3
12
8
20
5
15
10
20
10
2
16
9
2
1
17
10
20
20
6
1
8
5
1
9
3
5
20
2
16
5
2
11
15
14
9
19
19
1
16
13
8
3
10
2
6
12
20
3
16
16
16
8
17
16
19
9
12
6
16
14
2
14
16
11
17
9
15
10
14
14
10
6
16
6
20
1
14
9
12
1
16
5
16
9
16
15
19
1
14
1
4
6
16
16
14
1
10
12
5
5
9
14
16
9
20
5
20
14
5
6
14
16
14
15
14
12
2
4
11
15
12
9
9
5
9
20
4
9
10
14
9
10
5
9
15
16
14
16
19
9
5
14
16
5
10
14
9
11
11
16
20
3
20
9
1
1
19
9
2
8
19
7
14
1
20
5
10
1
18
10
5
3
12
5
12
6
5
14
5
17
20
12
16
6
7
2
14
14
5
3
16
8
10
12
9
2
4
20
10
14
14
12
17
12
8
2
1
12
14
5
2
