8
8
15
8
5
16
20
20
16
2
11
11
19
5
19
15
20
16
16
15
3
5
4
4
19
3
5
11
14
10
6
15
17
5
4
17
1
13
16
19
11
11
11
20
1
5
20
9
16
12
1
15
8
10
3
2
17
13
8
17
8
14
8
20
8
6
1
11
4
15
7
7
8
4
20
6
16
17
20
2
13
15
11
6
2
20
3
10
10
13
3
10
4
4
12
15
13
8
20
14
1
15
15
2
17
15
3
17
5
6
5
3
5
1
4
3
5
2
11
6
12
13
11
11
3
4
10
11
11
13
5
11
11
20
15
5
8
17
1
12
5
20
11
16
1
19
20
3
12
5
15
11
1
6
1
15
3
11
10
13
8
20
11
1
15
2
13
11
2
1
20
8
1
11
5
13
5
4
11
9
11
1
20
15
20
17
4
5
7
15
15
15
17
15
16
10
14
3
13
10
11
5
4
2
20
13
1
16
17
5
1
16
3
8
13
16
19
1
1
2
3
1
1
15
10
5
11
12
3
5
8
8
7
18
19
10
1
8
1
2
1
18
13
16
11
11
12
17
10
15
10
10
1
6
11
5
14
12
6
6
19
3
14
17
8
5
5
17
16
12
8
20
17
4
10
12
5
10
6
11
4
7
11
16
16
8
15
4
4
7
20
12
15
5
20
17
3
2
12
20
3
7
16
16
5
2
14
8
3
2
17
20
1
11
19
1
8
3
14
3
20
20
20
4
4
15
20
1
1
4
15
5
5
2
11
8
4
4
17
10
15
2
5
10
20
11
2
5
3
16
2
8
10
2
10
12
3
17
11
3
11
6
12
11
17
8
3
5
8
11
3
3
11
19
8
8
8
8
2
5
2
3
10
4
16
11
11
1
16
17
1
5
15
16
6
13
20
8
10
12
