4
10
19
10
17
3
3
14
19
13
12
17
14
17
10
13
5
19
17
20
10
1
13
2
17
14
7
14
12
15
10
10
10
19
17
15
5
2
18
17
6
14
19
16
5
20
2
1
19
9
19
5
17
10
16
13
2
10
19
7
14
20
19
19
17
14
4
2
12
17
17
15
19
14
19
10
13
16
5
10
10
7
3
14
19
13
13
18
13
17
18
1
5
1
5
7
11
9
20
3
12
3
7
5
17
13
20
6
4
19
17
2
19
2
7
1
6
2
3
18
12
6
12
10
18
19
15
17
13
16
11
6
5
1
12
13
13
4
2
1
17
20
1
5
11
12
19
19
20
7
5
18
12
14
8
19
20
10
5
19
15
20
7
12
16
19
14
20
14
12
5
14
20
14
20
4
3
9
17
6
7
10
2
17
14
8
19
17
14
17
19
1
20
10
3
14
17
20
18
7
3
3
18
5
17
13
20
5
18
11
5
18
17
17
5
1
3
5
17
10
2
19
7
14
3
17
20
16
2
13
5
10
14
4
13
7
9
16
7
1
19
19
12
7
10
10
19
12
20
17
3
5
19
1
5
17
1
17
8
18
13
19
10
7
17
3
5
19
4
13
12
5
19
1
6
19
10
5
9
18
17
14
20
14
2
12
14
6
12
7
2
19
17
19
5
12
2
19
1
1
19
1
16
5
2
12
13
10
10
20
19
20
17
13
12
4
13
7
3
12
20
2
10
5
19
16
5
1
5
17
19
6
1
10
7
6
13
19
16
12
14
19
10
20
8
11
6
14
12
14
17
19
2
5
18
18
3
17
14
11
20
13
13
17
10
10
11
3
10
18
2
3
18
6
16
19
10
7
18
9
19
7
17
11
2
6
10
19
13
10
3
1
11
7
19
12
20
13
16
17
