9
6
11
7
6
12
7
11
11
5
5
6
14
15
6
11
15
10
7
3
19
5
6
14
1
1
2
1
2
20
13
12
6
14
5
17
5
3
3
3
2
20
9
11
20
19
2
14
1
6
14
5
5
14
14
6
3
6
15
5
2
9
6
5
17
1
3
3
6
2
6
11
5
2
2
14
1
5
14
5
17
5
2
5
12
19
3
8
6
20
10
5
13
9
6
11
6
13
13
6
1
2
15
2
6
6
15
14
5
9
20
11
2
1
2
1
5
1
1
17
3
17
20
8
17
1
18
6
2
5
18
5
7
14
9
12
9
15
6
1
15
19
2
15
20
1
3
1
1
5
17
9
15
15
14
20
9
20
20
6
11
6
1
1
15
9
6
14
3
9
4
16
20
13
5
11
14
6
14
6
5
2
1
1
8
11
2
1
15
9
1
5
11
20
9
9
5
2
3
6
1
2
6
9
14
2
12
2
16
14
14
16
5
5
19
1
13
2
5
6
5
11
11
13
5
16
1
1
2
8
6
1
6
5
11
2
15
4
5
1
17
1
6
5
1
1
3
6
15
1
1
2
1
5
20
2
20
1
2
9
5
14
17
6
2
14
2
7
11
9
6
13
9
9
3
5
3
1
6
9
14
3
12
5
15
15
6
5
5
19
2
3
1
9
20
9
13
5
12
15
9
1
14
17
3
2
14
15
15
8
5
16
15
14
2
6
7
20
17
8
15
15
12
1
2
9
13
9
2
6
20
3
11
3
5
14
9
2
12
7
6
9
13
20
5
11
4
14
19
1
6
6
6
14
3
12
9
18
13
20
10
1
15
17
14
1
14
19
6
14
5
15
3
8
10
10
6
14
15
15
1
9
11
15
9
1
13
3
15
2
14
12
2
7
2
5
5
2
8
1
