16
16
3
18
13
5
16
4
13
14
16
6
18
20
20
7
12
4
10
10
14
8
14
8
11
14
20
4
10
12
12
16
16
2
3
8
16
13
5
6
11
8
6
12
7
18
5
7
7
8
12
7
6
2
3
7
12
11
11
7
18
11
11
7
4
15
16
4
15
11
5
14
11
11
16
14
13
14
3
7
10
5
6
11
18
20
7
6
11
11
12
2
18
16
13
14
18
11
18
1
15
4
14
11
1
16
12
14
10
7
14
2
1
7
7
4
11
3
7
2
16
10
3
16
7
13
16
11
7
6
5
7
19
18
14
16
7
15
6
14
10
6
13
14
14
17
2
7
5
14
12
10
14
20
7
7
15
7
2
11
19
6
12
14
13
5
10
7
16
12
2
13
6
13
7
3
18
15
12
7
16
7
2
14
20
11
19
16
14
20
18
13
14
14
7
15
14
11
8
7
2
7
18
7
4
16
16
14
16
5
4
6
7
14
7
7
7
14
16
4
20
9
18
5
13
8
8
14
7
9
16
4
7
13
16
12
20
7
10
5
12
15
8
16
7
14
7
11
2
13
10
7
4
13
7
7
9
7
7
13
16
16
2
16
14
3
18
4
10
2
20
11
14
1
14
18
16
14
14
16
6
11
5
11
11
5
3
15
3
13
5
14
20
7
5
7
20
14
14
13
18
14
4
11
13
7
16
7
13
5
8
7
14
10
4
6
8
7
8
14
14
14
8
13
7
2
6
14
8
3
7
14
11
11
7
9
16
2
14
20
18
18
11
2
7
14
6
20
18
4
18
7
14
14
14
4
11
19
7
2
6
16
7
17
16
5
11
18
14
14
5
8
12
18
5
5
2
16
12
16
10
16
14
13
2
11
12
3
19
5
5
13
16
14
1
14
4
5
5
4
