1
4
12
10
7
12
7
1
14
7
2
6
15
4
14
19
2
2
4
2
12
20
20
12
20
10
8
11
20
15
10
8
12
1
12
20
2
4
8
14
15
15
16
12
15
8
1
7
15
2
15
8
12
10
20
8
16
11
12
7
19
20
15
6
8
20
1
1
20
10
10
20
6
20
4
15
20
8
7
17
1
16
17
8
2
1
4
14
20
14
10
7
8
8
4
8
17
17
9
1
1
3
20
11
19
2
17
6
12
15
1
19
1
4
19
11
20
10
17
16
10
8
15
20
19
16
12
15
7
12
15
16
2
8
6
8
17
12
12
2
4
8
19
15
11
6
4
15
20
19
18
8
19
4
19
1
8
15
15
8
19
8
20
15
16
20
10
20
4
8
4
1
8
10
14
20
20
6
12
17
10
1
4
7
10
12
4
4
2
17
17
20
11
16
12
8
20
4
17
4
14
1
20
2
19
8
19
15
20
8
14
5
20
10
7
1
6
8
1
7
15
11
4
10
6
12
15
3
12
2
16
12
19
8
19
12
17
17
7
20
17
19
18
7
3
1
12
14
1
10
4
10
4
8
16
7
11
6
1
8
8
12
17
8
10
10
10
19
12
19
19
17
8
4
12
12
2
7
12
1
1
8
2
19
8
9
1
8
19
4
12
17
15
19
10
8
19
20
3
2
19
3
17
12
16
16
20
3
20
7
14
7
7
8
19
8
1
7
10
7
10
8
15
15
16
8
12
14
7
1
7
19
12
11
12
5
8
4
2
19
8
8
8
19
15
12
17
12
11
5
20
10
7
17
8
12
1
9
20
6
8
19
1
19
8
2
8
13
14
20
20
4
20
12
8
12
8
8
4
8
2
20
19
20
18
16
16
20
7
10
6
6
8
19
20
1
20
1
3
20
