12
10
17
3
7
8
3
17
17
4
1
20
2
13
8
10
10
4
4
8
9
4
7
20
10
6
7
19
10
8
16
10
12
4
17
4
1
10
7
7
19
11
8
13
19
10
8
19
10
7
6
4
1
1
8
2
11
3
1
4
19
2
2
10
3
19
13
5
18
17
11
13
7
11
16
4
15
18
13
4
13
12
2
11
1
18
10
2
10
16
1
6
19
1
8
3
10
18
8
11
12
3
1
13
7
16
19
15
4
1
15
2
13
4
2
10
13
11
7
2
2
7
17
7
10
4
16
2
3
4
4
16
5
2
19
14
4
12
3
6
8
10
18
13
4
8
12
1
12
3
13
6
1
19
16
7
14
12
1
15
6
20
13
2
12
11
10
6
19
5
1
19
14
12
5
10
9
4
1
16
6
4
14
8
5
8
11
13
10
6
20
1
19
7
16
2
10
4
11
4
10
19
16
20
15
4
16
8
16
6
20
13
19
5
20
19
4
13
3
16
13
12
11
8
20
13
16
11
18
13
20
8
11
1
12
4
4
7
3
10
10
8
13
7
8
11
19
6
10
6
3
4
5
18
7
13
7
11
1
17
2
7
20
10
7
16
13
1
16
14
20
15
17
1
8
14
7
5
18
17
8
20
8
17
4
17
10
11
1
12
13
5
10
13
16
4
17
16
10
18
9
13
7
9
18
16
7
13
20
16
2
19
14
7
7
8
6
6
4
19
3
17
20
2
2
8
7
10
16
1
11
3
15
11
1
13
9
3
20
3
11
1
10
6
7
14
1
15
1
19
12
13
19
11
6
5
20
1
6
15
10
11
16
17
2
1
19
15
10
1
7
14
11
4
5
10
1
12
15
12
8
9
18
10
20
16
14
10
11
1
2
14
16
4
14
4
2
4
4
10
