14
5
14
7
3
6
19
4
11
3
2
13
2
6
9
5
2
2
2
5
5
4
5
13
14
11
7
2
5
6
15
5
1
4
16
6
2
6
3
4
5
3
5
11
18
3
18
1
6
3
13
1
19
13
13
9
2
7
13
13
2
5
13
5
4
10
5
5
13
5
6
1
8
2
6
13
4
6
5
19
5
6
12
18
10
14
14
5
19
1
19
6
1
1
6
4
17
7
13
14
14
9
2
5
10
9
14
11
19
11
5
13
6
2
4
9
19
6
5
9
5
2
19
6
9
3
19
5
10
7
13
15
6
6
14
13
8
6
13
14
5
19
5
15
5
6
6
20
12
6
6
11
9
19
13
3
5
5
16
14
9
3
12
3
9
13
5
13
2
2
16
5
7
14
5
11
11
15
6
11
5
9
15
19
12
3
12
2
11
5
15
7
5
6
7
1
6
15
18
6
15
4
6
14
13
3
9
20
5
11
16
6
5
4
1
6
15
5
14
14
13
6
19
3
4
3
18
5
13
9
5
3
9
9
1
12
8
5
13
7
4
6
5
15
12
12
15
11
8
6
12
5
12
7
12
6
5
5
8
16
19
6
13
6
7
1
3
14
12
5
5
5
6
1
6
18
2
6
12
18
8
13
5
5
5
16
3
3
11
19
8
11
18
18
3
3
5
7
14
6
10
10
14
3
6
18
10
6
19
2
4
10
11
9
2
3
18
5
8
5
4
6
11
5
5
18
6
1
9
15
9
7
4
3
18
7
6
8
5
11
13
5
6
6
4
9
19
5
12
14
9
13
6
6
5
16
9
6
6
1
5
12
15
19
6
19
11
6
2
5
8
7
4
6
14
6
2
19
19
7
18
9
19
9
6
9
5
20
1
8
6
7
15
6
12
5
14
19
19
6
