18
6
13
14
14
19
9
18
3
8
1
12
10
11
3
17
6
11
1
10
8
8
14
17
10
13
17
11
20
12
14
6
3
13
20
3
14
9
3
11
11
16
2
18
11
20
17
1
7
15
5
19
15
11
19
13
9
3
8
18
11
1
18
13
4
17
9
10
3
1
17
8
17
12
18
19
18
11
4
4
4
2
14
3
14
6
11
14
7
14
5
3
15
9
11
3
3
1
10
17
12
9
10
13
2
18
3
8
3
14
17
18
2
1
9
16
14
10
18
8
17
17
13
8
1
10
6
13
20
2
10
19
10
14
14
2
17
19
16
1
7
10
7
16
1
19
10
17
9
1
17
12
19
11
1
3
10
16
11
18
20
14
14
2
14
9
17
9
5
17
2
18
3
9
18
15
15
19
13
1
17
1
3
10
1
11
3
13
2
2
17
20
10
2
3
2
9
11
1
8
8
18
12
5
9
6
2
14
5
2
14
6
11
12
19
1
1
18
1
8
17
3
14
7
4
5
1
3
18
14
8
13
10
3
13
17
18
3
8
1
1
5
9
10
3
9
9
6
17
20
11
14
2
17
8
17
5
20
6
17
18
14
13
9
20
18
15
1
17
5
1
18
3
9
7
17
7
2
9
18
14
18
9
12
13
19
5
5
3
17
3
14
18
11
14
14
9
2
8
19
18
2
9
18
3
18
10
12
7
2
16
17
18
11
17
5
5
16
13
5
2
18
1
11
9
9
9
11
2
16
2
20
3
7
13
3
20
3
13
1
18
2
5
11
6
17
11
4
3
12
11
8
18
17
2
10
6
1
18
14
9
11
18
3
2
11
7
9
9
19
9
12
20
13
5
1
17
5
1
1
4
1
1
17
8
4
13
2
18
20
1
14
16
14
20
14
3
5
15
19
