11
9
8
1
18
14
2
20
14
9
5
15
9
8
18
9
5
6
19
20
12
9
16
14
7
16
18
13
9
11
7
20
12
3
13
3
6
5
3
7
4
5
18
7
16
9
8
6
13
6
20
13
19
19
7
10
1
15
16
10
11
11
3
9
9
18
8
20
15
19
6
8
7
7
5
8
11
6
17
8
10
5
10
17
17
14
4
4
9
15
20
15
6
20
3
11
7
4
20
6
19
1
8
5
2
1
13
17
15
16
1
12
13
16
5
2
7
8
15
5
20
5
16
19
19
6
15
4
20
17
16
3
7
17
12
5
3
2
11
16
1
16
17
5
7
11
13
12
4
7
3
13
16
19
12
16
6
5
4
9
6
9
3
17
10
9
11
13
18
13
16
14
15
3
11
19
5
8
12
7
20
4
1
8
17
10
12
3
20
10
17
17
12
3
12
10
20
19
9
5
17
4
5
6
4
4
15
11
8
8
20
7
18
6
17
15
9
14
17
7
20
6
11
8
16
4
8
11
10
5
6
16
10
6
9
10
20
15
5
8
9
14
1
4
11
18
20
18
10
2
17
12
7
2
10
6
1
9
18
3
14
5
17
7
16
6
4
12
8
14
19
7
17
5
4
6
2
12
6
9
2
20
11
3
7
6
4
17
5
14
5
5
20
9
16
8
3
19
7
3
14
5
11
16
5
5
3
3
4
20
2
11
11
19
20
5
7
6
12
3
8
7
8
8
18
2
3
20
12
1
7
20
4
15
17
8
15
3
18
18
10
3
9
7
18
6
4
8
16
6
8
2
1
4
4
3
7
8
1
12
9
17
11
10
18
6
11
16
15
20
3
18
13
4
8
2
16
3
4
4
1
4
6
14
17
1
13
11
14
20
19
9
9
15
10
2
3
18
13
9
