4
3
20
8
2
5
5
5
15
1
8
2
2
5
2
5
7
14
12
20
15
17
17
15
20
19
17
13
20
14
6
2
3
5
7
11
14
20
14
8
13
17
10
7
15
19
13
17
5
13
2
20
15
2
2
13
1
3
2
8
5
6
20
20
20
3
2
5
13
8
15
2
9
7
2
5
12
4
10
13
5
15
3
10
5
1
7
17
13
5
8
17
7
20
15
5
10
6
2
9
1
2
5
7
3
13
5
15
14
2
14
15
19
15
14
13
1
7
2
3
17
5
19
3
5
2
20
2
8
20
3
17
20
2
14
17
2
3
15
4
1
14
15
2
17
13
12
15
17
15
3
1
1
11
5
16
13
2
20
19
3
1
19
2
6
11
17
11
3
3
17
17
5
8
20
5
5
5
3
19
8
13
3
5
17
1
2
9
19
1
5
5
1
5
12
17
2
3
17
17
13
3
13
5
2
5
13
3
3
20
20
20
8
9
11
15
15
11
5
2
6
17
2
17
10
15
7
3
19
17
17
7
17
2
3
3
12
15
13
3
20
19
20
19
19
8
2
19
15
16
15
2
5
3
15
19
19
19
19
19
8
7
2
15
2
3
11
3
3
1
7
17
17
3
17
1
11
5
3
17
17
12
19
4
14
7
13
18
2
12
20
15
11
3
8
5
3
7
20
13
14
13
8
13
19
7
2
20
5
2
10
5
13
17
16
19
7
18
12
2
2
13
3
14
5
13
2
1
14
16
3
5
20
17
2
20
3
2
11
15
3
9
1
19
2
19
10
11
4
8
17
5
8
18
5
14
19
3
5
3
19
8
17
5
2
16
1
11
3
17
17
5
3
7
17
4
3
11
20
19
5
15
3
13
20
8
3
5
3
17
5
3
7
15
13
15
20
12
15
20
