15
3
10
15
19
1
16
10
3
3
17
16
6
16
20
2
3
19
2
1
16
5
13
2
6
15
10
10
6
16
16
4
16
2
2
10
1
16
7
17
1
14
14
19
17
15
17
12
16
17
16
19
17
1
6
13
7
7
17
17
16
6
17
6
1
15
8
19
8
16
17
15
3
3
2
2
17
1
5
10
11
15
8
1
19
3
16
15
19
10
17
16
15
6
5
17
17
17
6
17
3
15
1
16
2
19
8
17
19
5
16
6
17
2
1
13
10
2
13
20
16
16
10
19
13
16
13
16
1
13
16
2
17
6
1
3
20
17
2
16
3
10
6
6
1
6
16
17
3
10
9
19
19
2
8
13
17
6
12
19
17
12
16
19
10
2
20
16
16
10
10
1
15
10
1
15
8
1
5
8
13
13
10
16
17
2
19
6
17
5
16
15
9
6
17
8
15
16
8
1
16
13
8
14
17
11
7
6
6
15
8
1
5
16
10
8
18
10
2
15
1
17
6
10
7
1
4
17
10
2
3
17
7
3
15
2
16
11
16
10
16
10
15
1
17
14
13
15
2
5
10
1
1
15
20
12
19
10
17
4
9
7
7
2
13
17
13
5
17
12
19
14
15
2
6
3
17
16
17
12
18
2
10
1
5
9
15
15
17
10
4
3
6
10
19
11
11
2
15
17
20
3
10
9
5
6
13
2
1
2
16
16
2
7
10
8
13
9
10
10
13
8
2
17
5
16
3
2
13
5
15
19
1
1
13
1
13
16
5
14
18
16
17
14
16
13
5
2
3
15
13
17
7
8
10
18
10
16
16
17
17
12
16
3
6
15
1
9
15
17
2
11
17
16
16
17
18
10
12
17
6
11
16
11
14
10
16
1
7
19
7
17
1
13
13
8
6
5
15
6
