10
5
8
1
11
17
19
5
10
4
19
13
17
3
8
11
16
14
1
17
8
14
13
11
4
6
6
8
11
14
9
11
20
6
14
6
20
3
10
13
6
3
10
11
15
13
10
20
11
7
14
19
8
20
9
7
8
6
6
3
6
1
20
20
16
20
10
11
14
10
19
6
10
6
18
10
13
17
17
8
20
11
4
6
11
20
19
17
8
7
14
8
6
14
14
4
3
17
4
17
1
9
10
10
15
8
8
17
16
10
19
15
11
4
15
16
1
13
4
11
16
20
8
16
19
19
20
4
2
3
4
6
7
17
20
17
19
14
19
7
4
12
15
6
16
5
10
7
13
4
9
8
11
17
7
11
2
14
2
14
8
11
10
3
7
17
5
8
7
11
6
14
17
7
1
10
10
7
13
9
2
2
10
20
10
11
19
3
2
20
16
2
11
15
8
3
19
13
7
14
4
10
11
14
8
13
4
9
5
13
10
19
17
8
9
20
14
8
13
20
17
14
9
9
14
11
1
10
8
16
16
3
20
4
8
19
10
17
19
5
4
11
16
15
17
17
16
11
19
18
20
19
11
14
17
10
6
7
15
16
18
13
14
4
4
14
8
8
16
19
16
5
10
15
11
10
11
13
20
14
20
14
20
19
3
6
9
4
2
16
10
13
16
10
1
14
12
17
19
3
10
18
6
7
14
6
18
6
3
17
5
17
8
6
16
20
20
17
20
4
19
16
16
4
6
14
6
8
19
4
17
17
11
7
11
16
6
3
6
3
13
10
2
20
17
19
6
9
8
3
4
19
7
8
20
7
10
10
16
10
4
2
19
14
6
7
8
4
1
17
11
20
6
10
14
8
15
8
11
10
17
15
17
7
8
4
6
16
18
6
11
13
14
11
13
3
1
17
6
6
