8
7
17
8
18
14
9
4
3
5
7
14
13
3
3
12
9
2
9
19
18
4
1
5
18
13
4
18
12
9
4
20
12
1
10
18
13
16
14
13
1
2
12
9
2
2
8
19
20
14
18
12
19
18
12
1
2
8
14
12
2
13
19
17
3
4
2
4
8
2
10
9
18
20
7
20
16
20
9
3
1
18
14
5
4
2
20
14
14
4
7
4
18
2
20
12
14
9
1
20
20
12
20
7
12
4
9
14
1
16
1
4
12
16
12
7
1
4
1
1
12
8
9
14
4
12
3
18
3
5
12
12
18
9
9
19
18
18
12
20
9
14
7
7
18
20
4
1
18
4
2
14
7
20
9
9
12
20
9
2
2
4
20
9
20
12
12
19
4
20
2
3
9
1
19
2
18
20
4
7
18
9
8
5
19
11
13
14
9
14
1
4
18
1
1
19
17
16
7
8
11
17
4
12
4
13
4
10
3
16
17
1
13
10
1
18
7
4
14
8
18
19
16
18
7
18
9
13
4
12
20
2
7
9
4
3
15
2
3
8
3
1
2
1
20
2
18
9
7
18
12
7
13
18
4
14
17
18
20
12
8
12
12
1
9
4
18
1
17
19
7
17
18
18
9
2
13
19
18
14
8
2
1
16
3
18
6
10
17
20
4
2
14
2
7
3
4
12
14
19
16
2
12
20
2
2
8
7
20
16
12
18
12
9
17
8
14
18
18
9
17
2
2
10
17
9
2
4
12
3
8
20
8
8
14
13
3
12
13
2
2
9
1
13
8
4
4
1
9
1
20
9
9
9
9
2
7
4
14
4
2
4
2
13
7
13
18
17
2
9
16
12
8
14
9
3
19
18
9
9
7
4
1
2
1
18
10
16
13
18
5
1
2
12
9
2
20
9
4
20
