12
11
4
4
18
3
11
6
7
11
12
14
19
12
12
9
13
1
4
11
6
9
17
1
2
1
11
2
8
14
11
12
15
12
4
16
4
3
19
11
3
16
12
4
16
13
3
15
3
20
4
3
12
6
3
11
5
9
15
17
2
4
14
12
2
4
4
16
16
1
11
9
10
12
16
1
12
4
4
16
9
3
14
2
14
8
12
8
14
12
16
1
19
2
11
3
12
18
3
9
2
3
12
12
11
14
15
8
2
11
16
3
4
9
8
6
1
2
10
3
1
2
2
12
3
14
2
1
11
17
12
1
18
2
12
9
17
6
7
13
11
3
14
3
9
1
20
14
12
11
9
2
11
16
2
4
12
15
12
16
16
20
17
5
20
3
13
14
2
3
6
12
12
12
13
6
5
4
10
20
7
18
3
4
12
9
12
13
11
3
19
16
12
8
6
2
9
3
9
4
6
4
2
1
12
17
11
7
16
9
2
14
14
3
17
3
15
4
15
6
7
15
10
20
1
12
11
19
3
11
14
11
16
3
3
16
19
17
14
10
10
5
14
16
1
12
7
13
13
9
9
11
12
4
15
14
16
17
12
5
1
16
11
6
15
2
20
12
6
2
15
2
11
14
14
8
7
3
8
4
12
13
9
12
2
17
10
12
9
13
3
11
16
12
4
6
3
4
7
2
20
4
1
3
11
4
14
17
16
4
3
16
3
16
12
12
2
20
3
3
15
2
6
13
14
12
12
11
12
3
13
15
10
12
8
7
13
5
3
16
7
16
6
14
12
7
7
3
2
18
3
12
12
17
3
17
7
11
12
3
16
12
12
3
17
12
3
13
14
17
10
1
8
8
14
1
14
16
16
7
3
3
1
14
18
11
6
14
12
2
6
11
12
17
9
11
10
4
15
17
