6
3
8
17
15
1
2
19
18
17
19
4
19
17
12
2
8
14
14
2
18
11
6
17
14
17
12
7
19
17
3
1
16
14
4
14
9
17
8
19
16
3
2
15
17
8
17
10
1
18
19
6
6
6
13
7
6
12
1
17
11
13
12
9
1
9
15
4
3
17
18
15
2
14
9
1
14
17
1
6
7
1
18
12
11
6
18
4
11
6
17
6
14
6
6
5
15
17
17
18
4
6
11
4
9
17
17
8
18
17
4
10
15
19
16
4
13
17
14
7
1
17
3
13
1
17
9
17
4
9
17
17
13
9
4
9
17
9
18
17
14
17
6
1
12
20
12
19
4
6
10
13
13
18
2
4
6
4
18
19
14
17
4
9
9
9
9
3
14
17
4
4
15
17
8
18
17
6
15
17
17
19
14
15
11
13
3
20
9
15
6
2
4
9
15
8
6
4
9
10
17
10
4
19
14
9
13
9
18
17
1
2
8
6
19
10
17
12
2
4
19
17
9
3
14
15
11
12
1
17
18
13
17
15
1
17
6
19
8
3
14
1
4
4
12
16
17
6
9
17
4
9
17
4
14
17
17
15
3
13
6
13
1
7
18
17
1
9
17
19
14
17
6
19
17
13
16
14
17
17
11
18
3
3
15
14
6
6
17
6
4
5
9
17
19
15
19
20
13
8
7
15
8
7
14
9
1
9
1
13
20
7
18
17
16
9
6
12
13
6
1
6
10
12
4
19
6
17
18
17
4
7
9
17
14
7
3
9
17
4
18
6
17
19
9
6
14
9
15
19
17
11
8
6
3
1
4
11
11
9
3
7
6
17
2
9
4
8
11
6
14
10
3
4
19
1
17
14
13
19
19
17
12
9
8
16
4
1
15
1
4
13
12
8
17
15
20
14
6
8
