7
9
7
1
1
1
7
14
20
4
6
18
3
7
18
7
18
5
5
18
16
7
7
1
16
9
18
6
8
5
7
14
3
7
1
5
18
13
18
1
13
5
1
16
18
8
13
9
6
5
6
7
3
7
7
9
12
16
2
7
13
2
9
12
3
5
18
5
15
15
2
8
5
5
18
2
7
18
13
1
18
16
5
13
9
11
14
2
7
7
9
14
6
1
3
9
17
4
4
6
9
5
6
13
13
20
11
1
7
9
8
18
2
4
15
5
14
6
20
1
6
9
5
16
16
1
15
6
7
20
2
5
7
5
6
5
11
5
18
16
9
7
18
6
7
9
5
19
16
18
6
5
13
18
7
18
7
7
7
7
7
6
9
18
5
13
7
7
7
6
5
9
7
8
7
6
1
18
1
8
5
7
18
18
8
7
11
10
7
5
1
14
18
1
6
6
7
16
1
19
17
1
1
17
6
5
8
6
9
12
10
1
6
7
1
7
9
7
7
7
13
5
9
6
6
7
3
3
16
14
18
5
14
9
18
18
12
7
9
14
1
7
5
20
7
5
5
15
5
7
11
1
5
7
18
8
5
18
6
1
17
1
6
18
8
5
7
14
11
9
19
8
7
5
11
18
3
6
5
6
4
12
18
1
7
9
3
9
3
16
13
18
16
9
11
1
7
2
6
6
6
7
6
7
5
18
1
2
1
14
18
6
1
5
14
7
7
10
7
1
5
1
11
18
16
3
5
13
7
13
11
8
11
5
9
7
4
7
9
18
11
7
5
9
5
16
5
7
16
7
7
6
14
5
5
7
4
14
16
18
18
10
1
3
3
4
2
9
13
20
9
5
16
6
7
13
8
8
18
16
11
1
2
3
6
10
6
18
3
5
18
18
15
7
2
11
9
9
1
6
