17
5
5
15
20
3
8
1
10
11
13
5
13
4
8
8
3
12
7
3
2
5
1
20
5
18
18
10
3
5
3
6
3
15
9
15
4
20
18
14
2
2
3
5
3
1
16
19
8
11
19
4
14
1
18
13
13
7
19
2
3
4
4
8
13
8
3
19
18
3
10
2
7
18
9
8
18
13
18
3
15
13
6
15
13
1
5
13
4
19
12
1
3
18
6
13
3
3
16
3
3
2
3
2
17
7
2
5
8
5
9
1
1
15
13
2
5
2
17
4
8
15
17
3
19
2
9
10
16
8
14
17
4
2
8
18
12
4
13
12
13
19
20
6
4
4
13
2
1
4
13
13
3
15
11
15
18
12
17
13
8
20
2
13
8
2
3
17
13
1
17
13
2
12
15
11
20
13
3
8
1
4
15
20
19
2
5
2
18
3
1
2
11
1
8
13
7
6
1
4
1
13
8
4
7
3
3
6
17
6
18
18
18
16
2
12
12
15
13
18
12
2
3
3
12
13
13
13
3
5
4
4
3
4
3
8
4
7
17
18
15
13
2
18
5
18
15
8
2
8
12
17
19
19
16
2
5
2
18
17
17
2
5
8
10
4
15
7
4
2
15
6
19
20
19
18
18
3
3
5
2
20
6
8
3
13
4
2
4
12
15
2
12
2
19
6
20
15
8
13
8
19
3
3
18
3
13
7
2
19
1
19
18
18
18
8
7
13
18
6
19
17
8
1
7
4
3
3
18
2
2
2
13
3
5
20
13
17
13
19
10
9
13
13
17
8
19
4
13
5
7
19
1
8
3
13
10
9
6
8
5
5
11
6
14
8
2
13
8
7
8
1
15
15
20
2
2
5
7
19
19
17
2
18
10
2
11
17
7
20
6
2
8
5
18
6
15
13
14
5
