13
9
1
13
11
10
9
11
11
20
10
8
2
19
8
2
9
11
11
19
19
15
5
20
6
8
13
9
11
16
9
15
13
1
9
12
11
14
9
3
8
19
15
13
19
9
1
15
5
6
19
10
5
10
14
7
16
2
15
7
9
2
20
13
13
13
10
15
2
15
9
9
15
19
7
10
7
11
7
3
13
15
17
9
7
1
9
13
18
14
15
10
11
9
10
13
14
2
20
11
14
19
11
2
20
9
13
12
14
14
9
9
9
9
9
6
1
11
18
14
10
17
2
15
13
15
10
2
1
15
19
11
10
4
10
11
7
3
15
15
14
9
8
14
13
13
7
11
15
13
5
15
6
4
8
11
14
8
9
4
18
9
14
9
9
9
1
13
19
11
15
12
18
6
9
9
18
2
7
18
1
9
11
8
1
17
6
11
9
15
11
1
18
11
8
4
13
9
11
7
4
10
10
4
6
9
14
10
18
9
19
15
14
13
13
10
15
6
5
7
19
10
3
9
11
9
18
13
8
6
10
13
18
13
13
8
11
11
20
14
10
16
2
9
18
4
15
14
13
13
15
11
3
14
9
2
1
16
14
4
14
12
11
3
11
10
2
13
7
6
15
6
13
9
11
10
18
13
13
13
7
19
9
14
11
13
8
7
7
2
14
11
15
5
13
16
19
1
9
17
2
5
18
12
11
9
5
19
20
9
4
5
20
13
8
12
17
2
13
18
12
10
11
5
9
6
19
14
15
3
19
10
2
1
6
17
17
11
13
9
11
5
13
20
8
13
15
13
1
17
8
1
16
15
13
11
10
13
5
13
5
8
14
14
14
4
9
20
13
11
11
9
12
12
9
6
16
11
17
16
9
11
10
8
10
20
9
15
16
20
19
15
6
9
3
10
9
9
9
9
