9
6
20
9
6
8
13
17
17
17
16
17
20
4
19
3
20
15
20
16
17
19
17
20
9
12
5
15
20
3
13
12
4
5
15
9
11
2
17
19
15
19
14
5
9
2
15
2
19
9
5
18
12
16
4
12
17
4
19
13
3
9
8
13
5
14
15
16
17
15
13
15
17
2
20
9
9
15
1
16
19
15
13
17
3
9
4
17
19
8
13
17
17
18
4
10
9
3
4
4
4
20
9
10
18
19
15
9
20
6
9
1
14
16
17
17
20
16
20
13
9
9
6
19
9
20
19
17
4
2
20
7
12
20
1
18
4
4
2
13
13
10
19
5
15
4
7
17
4
17
13
9
9
20
1
17
3
14
16
4
4
12
4
6
8
1
14
8
3
15
5
16
6
3
18
9
4
3
18
17
15
9
17
3
16
9
13
4
9
9
3
3
18
17
20
19
17
20
15
12
9
2
16
13
4
12
3
17
11
6
9
16
3
9
9
3
9
11
9
15
8
6
4
13
19
19
19
4
19
17
17
15
14
15
4
3
14
5
8
4
5
4
16
6
13
5
17
13
20
9
14
4
5
15
14
14
9
4
14
20
13
3
20
18
4
19
9
14
8
3
16
13
14
15
20
18
15
15
10
15
19
19
15
5
5
3
13
4
10
16
11
19
17
20
8
3
12
10
19
20
15
16
20
20
14
19
9
4
18
9
16
16
9
17
12
3
9
19
12
1
13
14
4
10
19
19
8
14
20
14
6
15
16
9
17
4
3
3
16
17
19
12
9
10
5
9
14
7
7
1
6
4
9
18
14
6
2
13
11
19
5
9
8
20
8
9
4
18
10
12
16
14
10
12
3
13
16
14
16
9
1
13
13
9
13
16
15
9
17
19
17
9
12
1
20
15
10
15
9
9
