18
13
7
19
18
5
6
13
18
18
13
3
7
9
16
15
18
1
18
1
10
12
2
9
12
15
16
5
18
18
7
7
13
18
18
9
19
2
8
1
7
19
19
19
19
9
13
15
18
18
8
1
13
12
13
18
9
10
18
9
16
12
7
18
18
13
13
17
5
13
15
2
11
19
16
18
1
16
15
1
15
1
1
9
7
13
19
12
16
7
12
4
7
12
13
1
12
13
6
1
2
1
18
3
7
7
10
11
5
2
7
12
4
12
12
18
1
2
12
18
7
18
1
13
7
7
8
13
9
12
14
1
2
11
12
5
7
19
13
6
18
13
4
7
5
18
1
18
19
1
12
13
19
7
11
17
13
5
16
6
18
7
18
2
11
13
19
10
19
18
6
12
4
18
12
11
10
1
7
1
13
5
13
4
15
12
10
16
7
15
6
12
15
2
13
1
13
18
7
5
7
13
13
19
7
16
8
13
6
18
5
13
7
8
20
20
13
16
15
12
15
19
5
12
18
2
1
7
18
19
16
12
10
7
7
18
18
8
19
8
18
1
13
18
13
20
14
13
13
16
10
15
19
17
7
19
6
1
11
15
18
4
15
13
11
18
19
18
7
12
16
11
19
13
15
7
9
19
13
19
19
1
7
15
12
9
15
19
5
15
1
7
1
7
18
19
8
16
9
1
15
13
9
19
2
12
19
10
3
5
18
16
16
18
20
7
15
6
10
8
5
11
9
18
15
19
3
19
19
17
10
9
1
12
4
19
11
12
19
7
17
15
5
16
18
1
7
16
7
19
16
2
8
2
7
13
7
16
5
2
1
13
1
7
7
13
7
8
7
14
13
19
1
19
19
18
12
18
14
13
13
1
1
5
19
11
15
18
15
9
18
2
5
13
13
7
12
11
4
12
