9
17
13
15
11
4
1
11
15
16
9
1
7
9
8
20
2
1
4
2
9
15
2
9
14
9
15
16
19
1
9
9
12
11
14
13
9
19
9
2
1
11
7
9
14
1
9
16
6
1
10
17
13
18
17
6
9
13
1
16
6
13
15
2
13
14
13
5
1
15
13
15
11
12
9
1
15
9
5
4
6
13
15
2
2
18
4
9
12
4
12
5
9
15
12
5
13
9
6
15
13
17
1
13
11
12
17
6
17
17
5
1
4
5
17
5
11
13
2
11
13
9
9
17
13
6
17
1
9
16
4
15
2
1
12
13
17
9
17
16
13
4
2
5
8
13
15
17
13
1
7
5
15
20
9
7
15
15
9
15
13
1
9
2
9
1
14
8
15
20
16
15
1
8
18
11
14
13
9
9
17
11
14
15
14
14
3
17
9
11
13
8
14
15
16
15
1
6
9
2
1
9
15
20
1
18
9
11
4
10
1
18
1
6
9
2
12
9
9
5
15
2
2
14
15
13
9
9
4
17
6
4
1
9
9
7
12
4
1
12
15
9
13
12
13
16
15
1
13
2
1
9
15
4
13
13
9
17
1
11
13
15
3
9
8
17
1
12
15
15
9
1
12
13
13
4
6
5
9
1
11
15
17
15
13
8
2
6
15
9
9
9
11
13
17
13
13
5
8
17
15
3
12
15
8
15
5
14
19
15
13
15
15
16
13
6
14
3
15
10
3
9
6
5
15
13
1
15
12
4
5
9
4
11
13
1
15
11
17
16
5
20
15
4
15
19
3
9
11
8
1
15
2
16
2
9
4
15
15
9
5
9
1
6
13
18
20
13
10
1
19
15
11
14
5
9
6
13
4
13
6
15
15
13
18
9
1
9
6
19
17
9
13
9
17
9
17
15
9
18
