10
20
2
20
1
13
1
12
6
20
6
2
19
4
20
1
1
14
15
18
17
17
19
1
4
14
6
6
13
4
2
2
1
13
18
1
6
1
4
4
10
20
15
6
4
10
12
12
4
4
12
15
15
15
1
20
10
13
7
10
1
20
18
6
6
20
1
4
6
11
15
12
1
1
1
12
4
15
4
20
13
18
19
6
10
1
12
1
15
7
13
15
18
4
19
19
7
17
13
10
12
4
20
13
20
15
1
17
15
20
6
19
4
10
15
4
1
6
12
8
10
20
2
13
1
1
4
20
13
12
1
6
7
6
9
6
1
15
9
2
13
13
13
18
12
15
18
19
12
10
19
1
10
18
7
13
19
12
6
7
13
13
20
20
20
18
10
1
15
6
4
15
9
18
7
10
18
6
18
12
6
13
6
13
13
1
15
15
18
14
6
13
9
18
19
12
10
6
16
20
6
13
4
2
6
4
19
1
19
2
10
9
12
13
13
9
20
19
3
9
6
4
18
4
12
19
4
20
6
4
3
17
6
6
13
1
20
18
4
4
20
1
20
6
20
13
20
15
17
1
1
10
20
13
1
12
13
4
15
13
1
10
13
16
6
19
17
10
15
6
15
19
1
13
15
6
10
15
10
13
13
13
15
1
4
10
13
13
7
13
1
17
4
17
3
2
15
12
6
11
18
13
19
9
18
18
12
1
6
1
10
6
20
5
19
4
13
13
20
18
1
12
10
18
19
4
6
2
19
1
15
7
19
12
13
8
18
1
13
18
19
1
15
12
15
17
13
10
18
6
6
6
19
19
13
18
18
10
10
14
18
6
1
17
13
10
6
15
20
17
4
19
13
6
1
1
9
1
1
1
17
1
6
5
10
12
18
7
15
9
4
20
20
19
18
4
20
13
12
12
