7
13
3
18
11
10
7
12
15
3
5
12
19
17
4
12
12
2
4
12
11
3
8
9
12
12
12
13
9
3
19
2
12
16
18
17
14
9
17
4
17
2
9
19
12
2
19
3
12
11
16
3
1
3
16
5
16
9
3
5
12
19
9
1
5
5
12
12
3
2
6
3
9
13
12
19
2
13
5
9
2
17
12
6
12
4
11
19
9
15
2
5
15
6
19
6
11
5
3
6
5
12
9
11
5
3
17
8
3
12
3
20
9
5
19
17
15
3
4
3
2
15
2
7
20
2
2
3
12
10
19
17
11
16
16
2
1
9
10
18
18
5
11
18
12
17
12
10
13
19
3
17
6
16
17
4
12
10
16
15
5
9
11
6
7
17
18
19
15
11
17
6
16
9
16
3
17
19
15
12
4
4
3
3
16
15
11
12
10
19
18
4
9
16
11
16
15
7
12
9
3
6
7
11
2
19
15
11
9
4
19
16
3
9
10
6
16
10
12
19
16
10
15
17
12
7
16
10
12
17
17
7
16
19
17
9
16
17
20
8
9
9
7
9
3
4
15
6
11
18
10
4
16
16
10
1
12
17
16
5
3
7
4
16
9
10
14
17
19
16
17
13
18
3
15
15
9
10
12
20
4
4
4
17
14
17
10
2
16
15
17
16
4
19
2
16
16
17
6
15
5
16
17
9
3
5
15
4
19
2
18
17
6
17
11
14
4
9
17
5
17
10
15
7
12
14
9
10
8
16
6
3
15
5
2
9
10
12
16
12
2
4
19
4
6
4
13
13
9
6
13
17
13
16
3
5
17
18
3
19
19
11
3
16
3
6
15
5
15
10
9
4
4
20
9
13
9
4
19
19
3
6
11
6
6
12
3
16
3
16
12
10
12
19
12
10
3
9
13
15
