13
10
15
12
9
14
15
9
11
18
6
17
3
10
17
11
1
2
9
12
10
2
13
2
9
9
3
11
9
6
9
12
14
20
15
11
6
12
18
15
14
12
15
12
12
10
12
12
5
12
11
9
9
6
19
3
11
19
15
17
3
14
11
7
12
2
11
1
6
15
5
5
11
12
9
11
19
10
10
3
9
17
19
17
12
11
14
3
12
15
17
15
11
11
9
9
10
6
11
12
15
9
6
11
5
6
12
4
15
11
3
6
9
9
6
1
6
12
14
13
16
12
12
4
1
15
15
10
11
11
18
6
15
17
9
11
3
20
2
1
1
11
15
12
2
1
10
14
3
13
1
13
11
2
13
7
11
6
6
6
11
11
5
14
15
14
14
13
14
5
11
16
12
14
13
15
14
11
12
12
2
1
1
17
19
12
6
6
4
18
12
9
17
11
17
11
15
16
2
6
6
11
2
4
6
14
12
11
5
16
10
6
5
1
2
12
20
15
12
2
10
1
15
6
11
17
9
15
6
3
17
7
1
11
15
12
11
2
15
10
9
10
12
8
6
12
20
11
11
10
10
9
9
4
1
17
12
2
11
17
12
11
9
9
12
6
1
19
17
4
12
3
11
11
18
12
15
14
9
14
18
6
5
10
17
14
17
5
12
11
6
5
15
15
13
5
12
12
17
19
11
14
5
11
5
2
10
2
5
4
11
16
1
11
2
12
2
18
20
15
3
11
12
17
6
11
18
4
11
12
6
12
11
11
4
5
12
5
11
5
11
14
15
17
15
9
12
6
11
9
18
18
6
7
4
14
6
1
18
9
17
14
9
3
12
10
12
17
16
1
17
5
1
16
6
3
11
6
12
14
16
6
17
10
2
10
10
10
12
6
11
12
18
2
18
12
1
1
18
12
