12
11
20
18
16
18
20
9
17
18
6
2
9
8
2
19
2
20
9
12
10
2
9
7
19
9
1
3
16
2
15
10
11
5
9
18
17
7
15
6
10
9
9
6
8
9
1
10
12
2
18
9
2
11
17
10
17
2
8
11
12
17
11
6
3
18
17
18
17
1
11
9
6
15
9
9
18
9
18
20
5
14
3
16
6
20
3
19
7
7
12
1
19
1
10
5
11
7
14
2
3
18
16
18
9
9
11
16
9
11
12
19
12
9
9
1
12
5
18
3
6
9
1
18
15
18
13
2
17
19
18
15
15
6
9
9
17
12
5
2
18
17
11
9
9
5
1
17
2
2
17
9
2
2
15
13
3
4
12
9
17
11
9
18
2
17
6
18
17
5
7
10
2
6
1
12
12
18
5
18
11
11
12
11
9
2
2
5
2
14
10
9
18
16
11
11
7
4
8
18
9
20
16
18
2
7
18
2
18
9
10
1
10
19
18
11
9
9
8
2
12
1
15
17
18
13
2
18
2
12
4
7
5
18
18
7
1
3
9
12
8
3
9
18
1
7
2
6
17
18
3
18
18
16
12
2
18
17
6
4
5
4
1
6
7
7
10
4
7
5
3
9
6
19
2
5
9
7
17
20
7
9
1
1
17
4
5
18
7
18
1
14
18
7
15
11
6
5
13
19
15
2
12
11
6
9
1
11
2
18
9
18
1
18
11
1
18
8
15
11
10
15
8
9
2
7
7
17
9
11
18
9
15
1
16
13
7
6
7
20
9
4
3
2
6
11
11
16
8
4
8
15
17
1
17
5
9
15
18
2
2
3
19
18
13
11
15
7
9
10
7
10
10
7
7
14
10
9
15
6
18
2
6
18
13
1
3
18
9
18
6
4
15
3
9
6
17
17
5
6
