3
11
18
3
17
18
17
2
4
1
12
18
7
2
3
1
6
2
6
11
2
6
3
1
6
1
1
2
19
14
16
4
2
11
12
13
19
3
11
5
3
1
18
9
16
13
5
1
2
12
5
18
16
17
11
20
13
19
15
3
19
17
17
17
3
18
17
14
18
13
1
7
4
11
2
11
17
2
12
9
18
10
11
6
6
6
17
11
6
18
13
18
6
3
3
3
5
14
16
14
13
6
18
1
20
3
17
3
14
11
20
2
20
1
18
20
13
19
5
19
1
11
7
3
7
16
9
11
2
1
20
20
19
1
13
6
10
7
11
3
13
2
13
19
2
9
7
13
18
9
16
3
7
13
16
7
6
17
2
11
14
9
11
17
5
3
1
16
1
14
5
9
7
3
2
18
1
19
1
16
18
1
2
6
3
9
3
4
1
1
1
3
11
12
7
1
14
1
11
7
3
9
3
6
17
2
4
17
19
6
6
11
1
19
14
17
13
9
9
1
1
3
9
2
14
9
2
1
11
1
3
3
18
6
13
18
17
3
3
13
20
1
1
18
7
18
12
14
19
2
16
14
9
2
3
1
6
3
3
5
16
1
13
3
8
1
19
19
3
10
19
19
14
18
14
5
13
1
13
13
14
7
2
11
17
6
3
11
18
5
2
18
12
13
6
6
3
3
14
11
14
2
14
16
6
11
18
13
17
16
13
1
5
3
7
14
11
14
1
17
13
3
10
16
5
18
2
16
3
5
19
14
14
17
11
5
11
12
2
1
15
14
9
1
18
6
5
13
12
2
6
17
11
19
9
11
11
3
1
1
2
18
3
3
1
11
17
7
14
1
1
6
3
3
5
5
3
6
4
11
18
2
2
13
1
2
11
1
12
6
11
2
2
3
19
17
13
20
18
5
