1
13
17
7
4
15
19
11
7
20
1
10
13
15
8
14
12
7
17
11
12
6
9
14
20
4
15
4
8
13
2
11
15
11
13
19
7
9
17
8
10
15
14
15
7
7
6
4
19
9
8
13
7
12
8
15
14
18
17
17
15
4
6
17
7
6
8
7
1
6
2
2
7
13
13
7
11
2
12
1
10
15
9
17
11
17
11
4
16
6
8
8
11
4
19
15
19
4
11
2
1
20
10
7
6
13
2
6
20
1
7
15
11
14
9
7
14
8
4
17
4
15
18
15
14
13
13
14
6
6
14
7
7
11
14
6
4
1
17
15
13
8
14
17
14
15
4
4
4
11
3
6
8
4
13
13
4
13
12
9
4
11
4
13
7
4
7
14
15
2
13
7
11
14
11
7
9
13
4
20
15
4
15
1
14
8
6
7
10
5
11
6
7
2
2
9
11
8
11
2
5
4
11
7
2
5
11
11
9
7
11
13
4
2
7
6
14
15
4
7
18
8
18
8
7
5
9
2
13
7
6
15
2
13
7
8
2
4
8
4
2
16
18
4
4
11
6
7
7
6
17
14
13
7
15
12
6
1
6
11
15
11
9
10
17
8
7
1
17
2
15
8
11
12
4
19
4
2
11
1
4
8
16
8
12
9
12
3
8
2
11
20
8
2
20
11
6
7
1
9
16
8
17
17
1
2
16
11
7
14
11
1
8
15
11
11
4
1
14
14
11
20
2
8
19
8
4
7
7
16
7
7
4
14
9
6
15
8
2
8
6
15
7
15
5
9
13
1
10
13
1
8
8
2
19
16
15
11
4
13
7
11
12
9
7
15
9
7
8
15
14
15
2
11
8
1
11
6
2
11
13
13
12
2
18
19
4
7
7
8
2
9
7
15
7
11
2
1
2
13
