6
11
13
20
6
5
9
18
12
9
3
5
16
9
19
6
8
12
18
15
3
4
12
18
9
5
9
19
1
16
18
18
4
7
13
13
19
18
8
13
8
19
19
8
4
20
5
5
8
8
15
13
4
9
5
5
11
2
5
13
18
6
18
12
15
17
9
5
20
9
9
18
4
9
5
12
15
18
15
7
9
16
7
5
5
20
5
18
9
7
13
20
14
9
16
14
18
5
19
18
14
16
11
2
9
6
13
19
18
13
5
15
20
16
18
8
9
19
10
9
18
3
4
7
19
1
20
9
18
1
5
13
14
7
17
3
3
9
4
5
15
5
13
1
17
14
18
5
2
12
19
16
20
15
18
15
13
8
6
6
8
7
5
18
8
16
9
20
7
9
4
8
13
5
20
1
8
4
12
5
11
5
15
6
13
4
5
14
1
3
18
6
16
4
14
16
6
4
18
6
12
1
8
6
7
19
1
18
11
7
9
18
1
5
15
5
18
18
19
18
8
16
3
11
15
4
5
13
14
13
6
17
18
8
5
11
1
15
18
19
5
19
16
9
5
13
7
11
9
13
15
9
5
16
5
4
11
8
7
9
5
18
18
9
9
2
18
4
2
18
1
17
18
4
13
13
7
18
5
12
18
5
20
18
13
16
16
19
12
13
8
2
18
5
1
11
13
15
9
15
5
9
18
20
8
9
17
12
9
3
16
16
18
9
17
6
19
18
6
9
6
4
6
11
4
14
9
18
13
19
6
4
6
9
10
8
16
1
10
4
16
14
20
18
20
13
16
5
8
15
4
13
16
9
11
16
16
7
13
9
3
6
9
2
5
13
5
16
9
13
13
1
8
19
9
15
13
3
9
15
6
1
18
20
13
2
13
9
5
9
16
5
17
18
9
20
9
13
8
12
