5
19
11
17
9
13
20
6
10
16
20
19
17
17
14
17
6
9
20
13
9
1
3
20
15
4
13
5
20
2
5
13
3
17
9
5
13
19
10
7
17
9
17
4
13
15
19
19
17
14
20
13
15
5
4
3
8
17
17
18
15
14
17
8
3
9
8
7
11
5
12
1
3
10
18
17
12
6
5
20
6
10
11
9
2
2
19
7
13
18
9
6
3
15
8
6
17
2
2
16
17
17
3
20
7
5
10
20
8
3
5
10
16
1
18
18
2
7
5
10
12
15
7
13
20
13
2
19
20
16
5
2
13
17
5
6
14
3
2
10
13
5
16
11
19
15
9
11
3
7
15
10
13
4
13
15
17
3
18
3
7
19
17
8
12
5
13
13
10
5
19
20
16
3
2
15
3
7
19
7
5
18
9
3
8
19
2
12
2
13
2
20
7
12
13
3
14
20
4
17
12
17
15
5
5
15
5
17
19
14
15
1
3
7
7
8
10
18
5
16
19
7
18
7
5
7
7
16
19
10
2
2
20
15
19
8
20
20
2
2
7
12
14
13
20
8
17
14
10
6
20
10
5
15
10
15
14
19
18
19
8
6
5
8
7
7
16
18
17
8
17
9
4
17
8
16
11
19
20
19
7
12
9
5
9
11
13
14
5
7
5
17
20
17
19
17
18
14
6
8
3
15
19
3
10
3
8
9
2
20
9
13
7
2
8
20
8
2
19
17
19
19
6
10
11
7
10
13
3
17
12
9
18
6
7
15
10
17
10
19
20
7
1
7
19
2
6
10
5
7
13
18
15
7
5
2
7
13
8
7
13
12
19
7
4
5
19
15
15
6
16
5
5
9
9
17
13
3
11
16
16
5
2
3
12
15
10
20
3
7
10
2
1
10
17
5
8
9
5
15
