9
10
12
12
12
15
9
2
14
9
4
14
11
12
7
9
15
11
6
8
8
7
6
14
14
15
15
9
11
1
9
9
16
3
7
9
2
8
19
14
9
8
1
2
12
12
20
2
3
15
9
9
12
12
9
2
12
2
12
12
14
5
9
9
20
20
9
6
2
2
15
1
1
3
7
14
15
9
16
9
12
15
10
9
12
10
2
12
2
13
12
12
15
8
15
8
19
15
9
15
8
18
2
9
8
12
9
14
9
9
4
8
11
9
7
9
9
20
9
11
8
16
2
15
19
2
20
6
12
12
3
8
15
6
3
6
12
14
7
3
10
15
14
9
9
2
9
3
12
7
10
12
6
12
9
20
12
12
9
8
12
16
8
8
15
20
9
3
2
12
3
14
12
20
15
18
3
5
9
8
2
20
8
14
6
8
12
15
8
12
9
2
12
9
20
9
9
8
3
15
8
15
6
8
15
10
7
15
4
12
14
7
9
2
9
9
3
20
20
3
12
10
9
9
19
15
8
9
14
20
8
2
12
20
7
14
12
15
14
16
2
20
9
9
13
15
15
14
12
12
8
20
19
13
15
15
14
13
15
9
12
6
14
3
20
14
3
2
12
13
8
5
16
9
12
2
15
3
9
15
9
15
20
7
8
9
12
3
13
12
9
19
9
14
15
15
9
9
5
6
10
8
11
3
3
4
9
8
9
8
14
9
15
4
12
2
12
9
11
9
19
20
12
10
10
16
7
12
19
20
20
14
8
20
12
1
3
9
5
12
14
7
9
12
11
5
8
9
6
2
14
12
7
3
12
13
5
20
6
18
15
12
11
1
12
14
12
9
16
12
15
12
9
12
20
9
8
12
10
12
3
7
6
15
17
8
11
3
15
9
15
15
3
2
3
1
12
8
3
15
