14
7
7
14
10
12
13
7
4
3
10
8
3
8
8
3
18
8
17
4
4
3
17
12
5
11
7
12
7
12
8
17
19
20
4
9
3
7
8
8
7
18
7
18
6
3
4
3
14
12
10
7
12
2
5
4
7
5
10
5
17
5
8
15
3
7
3
7
7
8
16
12
4
8
7
6
14
7
15
10
5
14
8
17
15
19
13
20
10
10
13
14
4
8
12
8
12
8
8
15
12
18
3
2
10
10
3
12
5
12
13
15
18
15
12
14
8
8
1
5
14
5
8
8
10
6
12
8
12
15
3
1
7
3
7
15
7
3
13
15
17
8
10
17
14
8
3
4
5
3
13
1
10
5
14
8
15
3
12
9
10
6
8
7
7
20
19
12
14
8
10
6
7
3
10
1
8
15
7
20
7
14
9
4
20
5
7
19
15
3
8
3
10
10
2
12
18
17
13
14
13
9
10
8
10
8
10
15
17
13
15
4
3
13
5
4
8
7
7
20
7
15
15
12
17
18
10
4
15
12
8
15
3
4
5
1
17
8
10
7
7
8
4
9
18
15
17
7
3
15
20
13
8
8
3
17
10
8
12
17
3
8
20
3
1
18
3
1
6
17
12
16
15
17
12
8
10
18
12
8
19
4
4
15
4
8
10
10
3
20
12
20
20
7
8
17
8
10
17
15
20
4
6
12
3
2
14
4
3
8
7
3
17
20
8
4
20
17
14
3
10
6
10
20
8
15
3
7
4
6
20
8
10
15
9
14
7
6
3
12
7
9
6
7
9
7
15
10
16
19
8
18
17
7
18
18
4
5
15
12
3
8
15
4
4
17
9
7
12
12
17
7
3
20
11
18
12
5
7
15
7
10
14
10
1
17
8
2
4
7
8
8
4
12
17
7
7
19
3
12
