18
12
11
4
3
17
3
13
13
14
17
1
10
13
5
17
12
13
18
14
9
4
2
12
19
10
2
19
19
10
16
20
19
19
2
20
12
18
13
4
1
19
9
5
3
19
7
19
17
17
8
17
4
1
4
19
8
17
11
20
8
7
14
11
19
10
5
5
14
17
4
2
10
10
4
14
15
19
14
2
6
19
10
20
1
16
9
8
19
19
18
12
11
17
14
15
13
18
4
3
3
11
19
5
11
17
7
11
15
13
10
6
2
4
19
4
1
4
1
4
13
13
1
14
4
4
4
20
11
13
2
2
16
14
19
10
6
4
8
5
17
6
17
14
13
20
1
11
6
6
17
15
8
12
11
15
3
13
2
10
10
17
19
17
17
17
19
8
11
17
19
4
12
8
18
18
2
7
20
10
13
2
5
3
1
10
11
1
8
2
6
14
10
17
17
6
13
13
14
2
12
10
19
18
3
5
4
2
12
7
14
6
11
13
20
14
8
18
13
9
7
17
4
20
14
18
13
19
17
17
10
8
11
17
8
4
1
10
11
20
18
16
3
8
10
12
17
12
4
7
10
5
18
13
2
6
6
10
13
9
12
12
2
12
17
14
19
4
13
14
9
20
20
10
1
20
11
5
8
6
6
3
10
19
9
13
4
2
2
20
16
10
8
18
8
9
13
6
14
4
8
3
11
3
2
20
17
17
19
14
1
7
10
5
18
17
18
9
19
20
11
12
20
6
19
11
13
17
18
12
11
6
1
3
19
8
12
6
7
11
20
10
14
6
14
6
12
9
13
9
13
7
13
19
10
19
17
6
13
13
8
18
8
1
19
15
3
18
19
18
6
18
3
6
14
6
6
6
19
13
17
13
11
6
17
6
20
8
1
9
17
8
4
12
1
19
4
5
8
12
