17
12
10
15
15
14
20
17
6
5
19
19
2
19
17
5
14
1
2
2
2
15
10
12
6
5
14
1
9
17
2
15
19
9
2
5
19
1
17
19
19
13
17
4
3
2
8
17
18
11
19
15
2
12
5
1
15
15
17
14
1
17
5
2
12
11
9
15
14
8
9
15
3
1
18
17
10
16
4
2
15
2
1
5
14
19
15
1
18
17
15
10
18
1
11
12
17
1
18
18
16
11
17
13
1
15
7
17
14
5
11
14
3
2
17
19
12
3
19
8
7
18
5
2
2
8
14
2
8
17
2
14
8
18
1
5
20
14
12
17
19
1
2
5
15
2
10
18
5
14
20
9
2
5
17
13
17
7
15
15
8
19
5
2
1
8
8
14
19
19
1
14
5
18
13
17
5
17
1
5
19
15
1
10
11
5
13
18
1
18
20
9
3
4
20
19
11
15
15
17
5
11
17
1
1
8
2
17
2
5
1
5
7
17
2
14
7
17
20
2
2
19
17
19
1
17
17
14
1
5
2
14
20
17
20
5
5
19
19
5
18
17
12
14
17
19
6
4
16
6
13
5
13
5
13
2
8
12
13
5
16
2
17
17
15
10
1
15
13
5
5
15
18
19
2
16
5
18
15
15
7
16
5
19
20
15
15
16
3
5
1
14
2
8
5
18
16
13
16
5
4
13
18
13
20
14
1
20
14
1
12
15
12
19
13
14
1
1
19
13
5
5
20
1
19
3
15
19
17
17
2
19
15
17
16
9
5
18
6
2
18
1
15
1
16
20
2
2
6
2
14
6
11
13
14
6
15
13
10
15
4
7
19
1
17
2
1
2
16
13
10
2
15
14
15
20
19
1
5
4
12
19
1
13
15
15
8
14
9
19
13
13
1
15
17
15
14
15
16
17
