8
7
8
6
8
7
5
11
8
12
12
6
8
19
3
3
3
1
8
12
14
1
19
8
8
6
10
16
19
1
12
7
6
10
8
3
3
3
19
15
19
11
13
3
1
5
19
7
11
12
11
7
18
1
19
14
7
13
6
19
3
12
6
12
7
8
7
8
8
7
13
19
7
16
3
3
12
11
7
5
8
3
13
8
3
19
1
1
10
12
19
3
14
3
17
8
7
1
10
8
6
12
19
7
7
19
6
19
2
19
1
6
14
6
3
8
6
1
13
6
1
17
13
8
3
6
13
3
1
14
14
2
8
1
6
6
12
18
17
7
19
14
3
8
11
19
12
20
7
8
13
17
3
1
13
13
7
7
8
8
8
11
3
9
6
14
13
3
18
5
11
12
13
5
7
6
19
19
8
3
17
18
19
8
3
16
7
8
13
12
10
3
7
8
8
11
12
13
17
8
10
6
20
7
13
17
18
15
10
3
6
17
1
9
6
19
6
1
10
18
18
12
8
12
14
11
13
13
19
19
10
3
17
12
3
19
7
2
3
6
14
1
6
12
7
20
6
14
13
14
19
18
6
17
8
8
4
6
13
19
6
13
12
9
7
14
11
18
3
17
3
19
15
8
12
16
15
14
3
1
7
11
19
5
15
7
11
13
17
13
8
4
10
12
19
19
8
8
3
11
16
12
13
18
1
3
6
12
8
10
3
13
20
4
19
8
19
3
7
8
19
16
19
12
13
8
6
8
6
14
4
13
17
19
6
15
20
19
1
8
19
6
5
8
8
1
20
14
14
15
1
1
18
12
1
1
19
7
7
1
12
19
14
6
5
6
11
11
3
11
15
7
10
7
2
19
8
3
20
16
1
8
9
6
17
8
17
12
3
8
13
10
3
1
1
12
13
8
6
18
