13
19
12
12
16
12
10
14
15
3
20
8
9
11
13
17
5
7
6
8
4
17
5
12
13
11
6
6
14
1
6
12
19
14
12
19
6
7
13
20
7
13
6
6
10
19
13
6
10
6
16
20
6
20
2
17
2
6
19
14
5
7
12
9
12
19
2
17
6
16
20
2
7
9
2
2
7
5
17
20
5
6
14
8
19
1
7
13
17
5
13
19
5
7
7
10
14
20
6
2
6
11
19
6
12
13
6
11
10
2
19
5
7
11
5
9
19
17
6
6
15
13
13
6
14
8
19
14
19
6
13
13
15
14
13
12
19
6
12
5
3
5
20
17
8
7
11
13
19
20
20
12
10
6
5
6
12
19
13
9
13
5
20
13
5
8
5
6
20
17
6
19
19
5
10
9
1
17
9
11
6
5
19
2
20
2
8
6
11
19
5
12
7
10
20
11
17
10
19
6
17
6
9
19
13
6
13
12
12
11
6
6
15
12
17
1
8
3
11
19
8
11
12
12
6
1
16
6
11
19
4
11
13
17
9
4
17
10
7
19
2
12
19
20
11
10
19
19
2
14
13
6
11
11
19
2
14
12
7
13
6
19
6
2
19
12
14
6
7
19
11
11
11
10
19
14
6
17
17
5
5
6
15
5
6
10
13
20
6
5
20
11
11
7
3
19
5
16
19
4
8
15
5
12
1
12
19
19
19
6
8
12
20
11
6
12
20
12
5
5
14
6
18
12
19
10
4
6
5
8
14
2
10
5
5
19
12
13
3
12
9
19
5
20
9
11
19
11
19
4
13
20
19
17
5
1
19
17
6
14
17
7
1
6
19
20
13
2
14
15
4
19
6
16
20
19
4
9
11
8
6
10
13
7
11
14
5
8
5
20
11
3
5
8
17
12
9
17
19
19
