6
2
19
10
11
15
4
20
10
3
16
1
1
2
10
3
11
5
4
6
11
9
20
20
20
9
4
15
20
9
9
4
19
18
2
17
3
3
16
3
9
4
14
4
4
20
1
3
15
2
7
15
3
19
4
14
20
13
7
15
10
13
11
9
3
19
20
19
1
11
15
20
18
2
2
4
3
9
20
16
19
3
10
7
11
9
7
10
20
18
17
1
8
15
3
19
19
1
19
11
16
9
14
4
4
14
20
8
1
20
8
19
13
17
11
20
4
7
4
1
17
14
1
19
8
4
18
14
19
4
2
12
10
4
20
7
18
9
20
9
13
19
9
16
18
9
11
15
9
1
19
16
11
17
15
5
19
11
19
16
16
16
7
3
9
19
19
4
14
10
9
5
9
9
19
3
20
17
5
1
1
5
17
10
14
16
16
4
1
13
16
9
13
13
1
19
4
17
12
7
13
11
13
11
4
9
7
1
5
16
1
9
3
6
1
10
20
19
19
16
20
9
14
19
9
11
14
19
15
9
4
14
19
14
19
18
14
10
14
20
11
14
3
20
3
11
14
14
12
12
20
13
19
1
4
3
15
4
17
1
17
20
7
20
16
13
3
9
10
19
9
7
5
17
18
6
10
20
15
3
20
7
20
9
1
6
19
9
8
17
17
7
18
11
3
2
3
15
3
17
20
14
2
17
11
11
11
12
12
4
4
3
19
3
11
4
3
19
4
7
14
13
5
3
17
2
12
11
11
9
19
17
3
20
9
7
20
18
3
10
14
9
20
1
15
18
7
19
15
20
16
14
14
10
15
17
20
1
16
1
9
4
14
16
19
20
19
17
11
15
7
3
9
2
9
14
5
3
12
20
12
19
16
11
5
14
20
19
9
15
2
11
14
16
8
16
7
11
9
1
