8
2
20
17
5
15
10
2
9
9
13
17
1
8
5
5
8
11
2
14
2
4
15
12
3
11
15
19
11
7
3
7
5
1
3
5
3
8
1
13
3
5
5
4
16
8
17
11
19
8
12
7
2
8
11
6
1
17
1
5
15
19
14
15
3
6
15
11
9
13
13
7
11
1
12
2
19
3
4
4
2
20
1
3
18
14
8
6
18
3
2
4
5
2
20
8
19
2
8
5
12
2
14
9
15
2
17
5
11
2
17
9
15
13
15
8
17
18
11
20
9
5
5
14
4
2
14
5
1
19
10
11
19
9
2
17
3
3
17
8
2
20
11
4
7
12
13
14
8
6
13
1
13
7
8
9
17
3
19
13
11
20
5
5
3
14
13
18
3
1
4
17
12
3
19
2
16
17
20
6
11
13
19
3
14
15
2
8
5
4
17
19
10
2
13
5
13
3
8
10
1
15
3
4
7
11
7
1
17
15
15
19
5
18
9
11
1
8
5
14
16
1
3
1
4
1
5
3
7
5
2
13
4
10
3
15
11
17
5
6
5
17
18
1
3
18
3
2
8
4
17
1
2
1
3
20
17
4
11
9
6
15
1
3
5
1
13
20
7
19
11
13
3
12
2
13
15
14
18
20
3
18
11
18
4
7
20
16
20
5
7
14
11
18
7
13
7
3
4
2
15
20
13
17
2
13
1
14
19
3
2
5
17
4
20
1
20
16
10
9
19
14
20
1
11
15
11
2
3
5
1
7
13
2
11
15
10
3
5
14
3
3
17
5
5
8
4
7
19
1
12
16
20
16
2
5
7
8
10
5
3
6
20
3
11
20
5
2
5
3
11
3
9
7
5
20
8
2
3
1
15
12
4
2
17
15
2
7
4
4
12
2
11
7
12
4
1
15
19
4
