1
5
5
7
12
9
14
6
1
10
13
4
16
18
8
15
18
1
1
13
17
12
18
16
14
18
12
7
6
12
2
4
16
8
4
19
1
13
8
18
16
4
14
14
20
3
1
4
18
19
16
17
4
18
5
8
19
16
16
17
17
18
1
17
4
1
1
18
2
1
19
1
16
8
1
19
5
1
7
17
12
20
14
19
16
14
19
1
1
2
9
4
18
1
8
7
8
16
16
14
1
16
14
13
16
20
18
13
19
14
5
18
5
7
19
8
5
14
1
17
16
16
13
6
17
17
15
8
6
20
18
16
17
19
19
20
1
18
12
19
17
14
8
1
5
17
14
7
19
9
17
18
6
18
1
3
1
14
13
10
6
1
8
13
1
1
1
15
7
16
7
7
18
6
6
14
17
18
4
19
5
6
6
12
16
5
1
6
2
19
12
1
14
18
6
16
17
13
8
7
5
17
14
17
12
18
12
13
18
17
14
1
14
1
8
4
15
20
8
12
17
16
1
1
17
1
4
9
1
14
5
1
19
17
7
12
1
17
5
1
9
1
6
17
8
14
7
6
1
14
18
16
20
17
17
14
16
12
19
12
7
7
17
5
14
5
18
9
8
16
14
1
18
1
16
19
1
9
19
1
17
12
7
14
18
7
17
7
18
3
9
16
3
12
6
6
1
6
20
16
1
17
8
16
18
1
14
6
17
19
16
6
11
5
4
19
2
14
19
3
19
5
19
8
4
15
20
7
17
4
1
18
5
1
14
19
7
20
1
19
4
7
20
4
17
9
19
4
7
18
18
17
4
14
12
4
18
19
17
8
8
14
17
10
12
19
19
6
3
4
8
1
8
14
20
2
19
18
5
19
20
8
16
5
16
1
14
16
5
8
16
5
8
4
2
20
17
13
6
8
