20
9
2
20
13
18
5
13
18
20
4
5
13
12
3
10
4
3
14
4
10
10
13
6
1
20
15
5
15
16
10
10
7
14
10
5
2
11
3
3
4
8
15
11
16
19
8
1
14
15
1
16
4
11
8
9
20
15
13
8
3
8
15
18
7
17
9
12
13
15
13
2
11
5
19
17
20
11
14
10
14
5
17
18
17
18
20
17
11
15
5
7
3
19
3
19
16
15
6
1
18
13
9
11
20
17
6
18
12
11
13
8
5
13
15
13
17
1
6
5
5
13
10
5
3
20
1
16
15
3
6
15
5
15
19
5
11
18
8
13
12
6
11
6
1
18
15
8
14
12
11
12
15
3
16
10
5
9
17
6
19
13
18
19
14
13
4
12
11
17
3
4
6
20
1
8
11
1
6
5
13
20
16
2
16
20
12
16
8
20
13
13
18
11
11
20
6
20
17
14
9
16
19
10
18
14
5
12
5
15
15
11
10
8
14
18
19
8
13
13
12
15
12
13
12
12
15
12
1
17
11
4
10
5
13
12
13
20
11
18
3
10
13
8
4
13
14
18
17
5
8
17
14
20
19
6
4
9
11
12
3
12
4
5
5
9
13
12
10
7
11
11
6
19
20
15
12
11
5
8
5
3
8
13
6
4
1
18
15
18
5
8
20
15
14
13
15
12
20
16
3
3
11
8
10
1
3
4
8
20
16
4
11
16
15
6
9
10
3
5
19
15
17
15
20
2
6
20
4
6
13
11
2
20
3
8
15
20
7
3
11
3
17
20
5
3
5
4
17
10
12
4
7
19
10
6
10
4
8
5
17
17
15
9
9
12
3
6
15
7
14
15
16
13
3
13
15
13
10
9
7
9
3
18
3
17
10
11
16
8
20
19
12
4
11
5
5
2
7
17
