5
3
15
8
15
5
16
18
20
7
3
16
19
16
14
15
17
10
20
3
20
20
12
6
2
8
20
20
8
11
13
20
6
15
3
8
3
10
17
15
13
11
8
13
15
6
12
14
6
12
2
20
14
15
20
15
9
15
4
16
6
19
16
12
3
13
8
11
3
19
20
4
6
5
5
14
12
15
4
5
12
14
2
18
6
4
15
2
12
20
14
16
13
11
4
4
10
19
4
6
3
19
1
5
14
6
11
12
4
16
3
8
20
9
3
15
8
19
15
11
3
17
5
3
15
16
10
15
5
7
16
11
16
15
13
18
17
11
12
12
10
2
4
3
16
16
11
16
3
15
10
5
11
12
12
10
13
12
19
2
19
1
20
4
3
5
15
19
9
6
19
20
5
20
7
14
11
3
5
17
19
4
16
6
2
15
17
6
20
3
10
20
19
16
16
10
4
3
7
4
11
6
17
19
19
16
15
12
9
19
17
11
8
4
11
4
14
19
11
18
10
16
15
2
12
7
1
9
12
6
5
16
5
12
1
15
8
12
3
17
14
3
9
15
16
16
19
20
4
16
3
5
4
20
16
12
14
3
7
19
3
12
5
6
3
18
19
12
3
15
11
12
12
6
11
4
4
4
6
9
4
10
4
6
10
17
5
14
17
14
2
4
14
9
3
5
3
20
11
18
3
15
11
3
9
14
12
5
11
3
14
15
19
4
1
11
14
16
14
17
6
14
8
11
2
7
18
9
18
18
15
8
11
3
9
10
12
12
14
19
16
20
15
17
16
14
16
14
8
5
16
5
5
9
5
1
11
4
14
11
14
11
17
13
1
6
6
9
16
19
17
13
17
12
16
15
8
15
19
15
8
16
3
9
16
6
2
17
19
15
16
5
18
8
7
1
8
5
10
2
