8
18
1
14
16
17
17
20
20
5
4
16
14
19
8
10
13
5
20
16
7
17
4
20
6
2
17
4
4
6
20
5
20
11
14
11
15
19
17
13
8
4
1
1
10
13
7
12
20
9
16
16
17
17
2
20
17
17
9
17
18
13
16
14
20
6
13
10
13
14
20
9
18
17
2
4
5
12
13
5
5
9
5
5
18
17
16
8
20
5
6
3
11
11
8
20
20
5
20
20
4
14
20
7
11
4
3
17
16
14
3
20
20
20
11
16
14
5
5
5
14
17
4
4
6
20
4
14
12
17
20
20
7
8
15
20
7
20
16
17
2
20
13
6
9
11
4
3
17
10
17
6
7
10
5
20
3
20
13
17
3
3
5
5
14
14
12
10
13
20
17
3
20
14
11
17
11
18
5
11
18
14
16
20
14
14
13
17
8
3
3
4
9
19
10
18
4
16
20
14
17
16
13
7
14
4
3
11
10
13
16
4
11
9
14
4
10
8
13
10
17
16
14
3
11
6
10
5
18
4
11
18
19
8
3
13
13
17
13
17
12
14
20
17
20
20
10
6
5
10
11
20
20
20
1
9
20
15
8
16
4
13
16
20
1
4
8
17
4
17
17
9
17
3
14
17
10
7
9
5
16
5
20
20
3
5
2
19
17
1
20
8
17
16
4
14
16
1
20
4
7
18
12
9
3
16
18
16
11
20
1
3
1
17
18
4
20
11
4
13
5
5
11
20
6
3
20
20
15
16
20
17
6
9
8
15
5
8
16
19
16
14
16
16
2
3
19
14
5
20
16
7
14
16
14
9
14
1
16
8
3
16
4
16
16
10
20
9
5
13
10
1
17
5
14
14
16
7
9
18
20
6
14
14
18
16
14
4
4
20
15
14
13
8
16
6
16
10
20
14
