6
13
5
8
1
7
2
1
11
13
14
18
6
12
19
18
8
2
6
16
4
13
2
15
15
12
13
13
18
6
6
6
13
1
15
4
16
9
2
16
1
2
4
18
4
1
16
5
5
18
14
5
18
13
4
1
2
6
15
4
13
1
11
2
10
18
1
5
2
1
3
13
4
4
13
6
9
12
6
13
13
4
12
18
8
2
18
13
2
2
16
5
4
18
18
9
13
12
12
14
16
18
12
16
5
9
11
12
18
18
1
1
13
12
2
5
6
13
11
16
11
4
4
4
5
2
13
16
18
5
16
8
18
16
11
2
6
6
6
16
18
1
20
2
6
16
6
16
1
14
1
6
8
18
11
4
10
5
1
13
19
10
11
2
7
18
18
17
4
5
11
13
11
18
18
6
6
1
6
13
6
18
15
5
13
6
1
14
4
1
4
1
2
15
1
5
16
16
10
1
19
2
2
4
18
4
2
12
11
16
15
1
9
18
5
7
13
16
6
13
16
15
9
1
6
5
16
5
15
1
1
12
2
13
18
9
2
1
13
6
16
9
4
2
1
4
16
16
13
1
13
16
6
18
9
16
15
6
1
6
1
10
1
6
1
5
5
11
5
4
2
6
2
16
18
16
2
1
6
4
13
2
18
7
6
13
20
6
7
7
12
6
4
16
4
6
19
12
1
2
1
1
5
13
19
2
16
14
4
11
7
19
4
7
18
5
2
8
1
4
8
12
8
4
2
4
9
2
18
12
9
6
5
4
8
13
4
13
2
16
8
16
5
2
13
10
13
16
12
6
3
13
6
13
17
19
2
18
18
2
20
10
17
1
11
16
5
16
11
18
16
20
16
6
2
4
2
19
3
2
6
4
13
8
16
11
13
7
8
1
16
13
7
4
10
9
11
5
2
13
