5
1
1
16
11
4
2
13
8
1
19
6
11
20
13
9
16
1
15
11
16
7
3
11
5
8
17
17
19
8
5
1
7
15
17
8
11
2
20
14
1
12
1
8
16
8
15
14
17
5
19
9
12
17
12
15
1
3
16
17
8
19
1
14
12
14
4
19
5
7
14
16
4
18
14
11
1
19
16
8
14
16
12
19
15
17
17
10
20
17
2
10
7
7
11
3
3
7
12
13
13
6
7
17
6
10
8
14
2
15
1
13
8
14
1
6
19
1
13
11
20
1
10
18
1
19
14
9
11
15
11
20
1
1
15
11
2
13
8
8
13
14
7
3
19
19
16
2
6
1
14
18
20
6
3
17
15
9
12
15
20
20
7
6
19
1
3
1
20
5
6
6
1
14
11
8
10
9
8
15
15
2
1
7
20
17
19
2
16
14
9
8
18
19
11
5
20
6
19
14
20
20
19
14
18
7
6
16
1
20
11
13
15
11
20
2
17
8
19
15
17
17
5
6
20
9
10
7
6
7
12
1
10
17
19
12
2
18
2
15
18
14
7
19
14
8
4
14
3
8
19
13
7
1
11
11
14
6
17
17
19
3
5
1
8
3
17
6
15
19
8
13
9
12
11
20
11
1
15
2
15
11
14
15
12
20
1
10
20
7
9
14
15
5
6
9
8
17
8
17
16
8
11
8
6
19
3
6
20
1
11
19
12
2
5
3
7
5
7
16
11
3
14
16
1
20
17
1
7
6
11
6
20
18
18
11
20
5
16
13
19
10
16
11
19
14
19
7
16
5
12
19
5
15
14
2
16
8
15
6
13
6
19
19
8
12
20
18
14
11
11
9
14
5
11
10
12
5
2
11
20
20
18
8
17
13
6
10
15
7
3
8
11
15
8
14
20
14
3
14
