7
18
2
19
11
6
4
6
20
4
5
1
17
9
19
1
4
9
20
4
10
6
10
7
4
16
3
7
1
6
8
4
14
10
3
3
6
8
18
15
1
2
16
14
3
4
4
7
1
1
3
9
1
14
16
3
20
16
14
1
9
11
17
2
3
14
2
1
1
8
17
8
6
13
17
1
2
1
6
4
4
10
9
3
3
3
6
10
14
3
18
4
16
3
1
1
14
1
11
4
5
6
4
6
16
16
5
11
8
9
9
3
6
6
3
18
6
6
16
3
4
2
1
4
16
6
15
14
11
8
14
11
13
15
13
1
1
3
6
10
4
9
1
14
3
16
14
4
12
2
6
11
8
9
10
5
5
2
6
7
8
2
14
10
2
4
1
14
4
7
1
1
1
10
5
1
18
14
1
14
17
14
9
2
1
20
3
9
12
10
6
13
12
4
3
1
11
16
3
1
14
5
14
1
1
17
3
1
13
14
4
3
16
18
14
6
4
6
6
6
5
18
1
16
19
14
5
10
8
16
3
6
20
1
14
1
10
5
20
1
2
18
4
5
20
6
16
13
7
4
2
6
12
13
1
14
16
12
3
13
10
9
14
13
3
18
3
12
4
2
4
13
5
7
4
18
11
3
2
19
19
7
8
6
18
3
1
6
6
6
12
9
6
9
3
14
6
17
3
4
18
13
18
14
9
6
8
5
10
9
1
1
1
8
10
1
3
10
1
8
1
12
3
3
12
8
11
4
10
4
8
9
3
10
3
18
11
14
14
1
14
9
11
6
3
13
14
14
2
3
2
3
5
6
10
8
5
8
3
7
6
6
14
13
12
4
11
18
5
5
3
10
14
4
18
17
5
13
5
3
20
13
14
20
3
4
2
18
3
14
7
14
1
15
5
6
6
7
4
12
