19
12
5
6
12
11
20
19
19
9
1
5
16
11
6
16
3
18
6
6
16
2
15
18
19
2
7
5
1
18
9
2
13
6
19
14
6
19
12
19
18
19
9
18
6
2
5
2
15
19
3
19
2
12
2
5
20
6
3
10
12
19
5
5
8
3
4
3
19
16
18
19
10
15
1
16
12
3
4
19
19
6
13
5
6
11
6
13
12
1
6
2
19
18
18
13
20
3
18
6
2
2
15
10
4
6
20
7
4
13
14
2
3
3
18
18
18
18
15
16
18
14
3
2
20
6
20
6
10
20
18
19
19
3
6
6
19
2
6
3
10
19
18
10
12
6
12
6
10
19
4
18
19
10
12
19
6
12
2
18
14
14
12
11
4
2
1
19
18
4
19
13
8
12
4
2
19
3
18
6
3
2
12
15
12
14
10
2
16
12
3
15
18
18
1
3
16
10
18
13
7
11
15
6
3
12
7
2
4
19
19
5
5
1
10
6
3
16
3
2
8
6
10
19
2
19
19
6
3
3
2
12
3
6
18
16
3
6
3
5
15
6
12
6
18
10
18
15
15
18
2
18
10
19
3
19
4
19
10
4
19
13
15
6
12
12
18
3
9
12
18
7
13
19
6
4
10
15
18
12
3
12
11
15
8
10
11
12
2
6
1
3
5
12
3
5
12
15
18
1
18
13
16
3
2
7
12
6
17
19
5
19
19
3
2
6
12
3
6
10
19
8
15
6
3
17
12
19
14
3
10
10
18
11
8
16
12
3
12
4
13
3
6
1
12
2
12
3
2
2
12
5
15
17
12
3
16
17
19
1
9
19
6
13
11
4
7
6
3
3
14
6
10
1
16
16
6
15
18
19
17
14
13
12
10
4
19
19
3
20
10
18
2
15
18
19
6
12
5
19
