8
1
13
18
18
11
17
7
18
14
15
20
3
5
8
9
5
13
19
13
6
20
5
9
1
10
11
18
5
13
18
1
17
17
12
13
18
15
15
10
15
20
13
19
7
15
15
7
7
5
10
13
10
20
15
18
12
14
7
19
2
20
11
10
4
2
13
1
15
11
18
17
14
10
5
2
12
9
18
19
1
15
7
5
19
3
14
11
5
5
6
1
6
13
9
9
9
20
15
5
3
17
11
17
17
2
3
3
14
7
17
12
20
17
6
7
11
9
3
10
17
3
15
19
5
3
18
10
17
3
9
15
12
5
18
20
15
6
20
5
10
5
8
11
8
13
3
11
13
18
17
5
13
19
15
15
20
18
13
9
17
1
15
13
14
13
12
2
9
1
14
16
20
6
3
12
18
15
13
15
6
10
18
10
16
13
5
13
20
15
14
7
5
15
9
9
18
17
7
1
15
16
9
8
18
9
5
7
12
15
7
4
11
3
13
15
1
13
13
1
18
5
13
13
3
12
18
18
1
18
3
6
19
5
10
5
10
13
8
3
9
17
8
18
2
5
15
2
3
20
18
6
18
11
18
12
20
18
8
20
1
13
11
5
18
13
7
12
9
7
11
12
7
18
12
5
3
13
5
9
11
3
12
20
15
10
1
5
12
19
5
13
4
13
3
5
8
18
20
15
7
5
1
5
10
9
20
8
1
15
2
4
6
9
16
7
7
13
15
9
3
16
10
5
10
2
18
18
20
7
4
17
11
15
3
17
13
3
4
6
14
19
11
18
18
9
20
18
10
9
3
14
9
19
18
17
14
7
20
13
17
15
16
9
5
9
15
9
4
16
14
3
10
12
17
5
13
4
4
5
5
3
9
16
16
3
13
8
6
3
5
8
5
18
12
6
20
15
2
16
