5
9
18
10
10
12
12
11
20
11
6
10
13
20
3
4
13
20
4
15
20
9
4
1
7
4
10
9
16
2
20
3
6
19
1
1
4
5
8
6
13
20
5
19
12
18
13
11
19
5
2
20
3
6
19
4
20
8
16
16
4
20
2
19
5
6
4
1
4
4
11
11
11
20
9
6
13
8
15
19
13
9
3
20
2
9
6
11
4
6
4
20
13
11
12
11
19
14
7
12
17
4
4
4
20
20
9
20
16
2
6
16
13
13
13
7
4
16
20
18
9
4
10
3
13
9
6
6
10
4
17
9
20
1
11
18
9
4
4
16
18
5
13
9
8
7
13
16
20
13
4
13
4
10
16
19
9
4
2
11
11
4
19
6
11
4
10
6
2
12
11
18
9
16
7
1
1
5
5
16
9
10
4
5
18
7
4
6
4
19
18
13
4
20
19
18
15
14
18
8
13
13
20
4
20
20
11
15
12
2
13
4
17
5
16
4
19
9
13
10
15
16
6
12
6
20
2
18
1
1
7
4
4
19
3
14
2
2
13
13
3
9
11
20
11
14
20
9
7
19
6
2
4
13
5
6
4
20
6
10
13
18
19
5
13
20
6
13
3
9
20
11
20
3
2
11
19
16
9
4
5
18
19
6
4
9
11
16
4
19
16
5
20
11
4
13
13
8
10
9
18
10
5
17
2
20
4
11
11
7
20
4
9
18
1
10
20
20
1
11
7
7
12
4
6
20
10
9
20
12
4
12
1
1
10
12
6
4
6
7
5
8
2
20
13
18
13
5
15
14
1
5
4
6
17
2
20
4
16
6
7
20
9
9
6
6
19
4
19
16
12
14
11
1
6
6
11
10
9
17
19
13
10
20
11
19
10
20
2
4
4
7
5
10
11
12
12
16
20
12
