20
10
8
9
6
2
13
4
3
3
19
2
20
2
18
14
5
9
4
15
2
11
2
14
3
14
19
18
11
12
2
8
20
15
2
7
20
16
3
20
20
14
16
16
2
14
4
7
16
10
7
11
10
9
19
11
19
20
4
9
13
3
3
3
2
20
16
20
17
7
13
2
16
3
5
3
18
3
14
10
15
3
19
19
20
1
5
12
20
16
11
19
19
20
18
19
16
13
15
11
20
19
18
11
16
2
3
14
7
6
5
5
1
2
9
1
19
18
13
14
13
16
2
16
18
1
14
9
7
10
9
14
19
5
20
18
13
3
17
17
4
7
4
4
11
2
19
19
12
20
3
9
3
18
20
9
5
5
18
16
4
3
19
2
11
4
15
2
15
4
3
20
18
3
5
16
20
2
16
6
19
12
11
14
9
12
16
11
14
3
7
14
2
18
9
6
11
5
16
5
9
9
9
9
18
13
7
1
16
5
11
7
18
11
10
20
10
2
11
20
12
18
19
11
4
3
8
4
14
18
7
4
13
15
15
6
4
5
13
10
5
9
19
16
20
19
19
13
16
14
20
11
16
15
9
20
13
7
9
13
19
19
19
10
15
7
8
16
1
16
3
4
7
5
3
16
19
14
5
5
19
20
4
14
11
4
15
14
3
3
16
6
19
9
8
5
7
11
5
16
17
1
3
18
13
19
18
4
11
20
14
4
3
18
20
11
9
5
10
10
17
9
13
5
14
3
13
14
9
13
11
19
3
19
14
15
5
9
3
4
19
18
3
11
7
18
20
9
5
20
4
12
11
14
2
19
1
5
12
2
11
20
7
19
14
11
9
9
5
9
4
9
3
5
14
4
7
13
11
20
13
5
5
2
1
7
20
14
16
9
13
20
7
7
20
3
16
5
16
3
