19
16
17
7
16
1
20
19
7
19
19
16
9
19
16
19
19
16
1
16
16
15
16
15
5
4
19
19
11
17
16
5
4
16
2
1
7
17
3
16
7
19
16
9
9
16
13
17
1
7
19
17
13
13
19
6
7
16
17
13
1
9
2
20
6
8
20
13
11
4
8
13
17
9
13
19
19
14
16
1
6
17
1
9
19
16
20
1
13
19
19
4
15
19
15
1
7
12
7
17
13
13
4
15
17
19
16
6
9
7
16
20
16
7
9
17
13
19
17
17
19
17
16
13
19
4
7
16
9
13
16
8
9
4
7
13
6
16
16
3
1
9
1
19
6
7
12
6
2
19
17
4
19
5
5
3
13
6
7
4
16
7
19
13
4
6
6
15
17
11
16
19
16
20
4
9
4
19
11
19
17
4
13
13
9
17
2
19
5
17
16
16
19
7
7
8
19
6
20
16
16
19
17
19
7
20
9
9
19
17
17
15
1
17
13
20
19
19
16
6
7
13
6
5
8
9
13
5
6
6
6
19
19
19
13
9
17
20
16
17
19
20
6
7
13
3
16
20
11
18
6
7
2
11
6
19
13
17
7
16
4
7
5
19
16
6
16
2
4
9
9
16
4
9
13
20
20
5
19
6
13
20
16
1
9
3
19
20
1
11
16
4
12
5
11
16
4
19
19
9
3
9
16
1
13
16
19
19
4
4
16
7
13
7
13
10
4
9
13
9
3
17
17
7
7
16
1
16
6
14
16
2
4
16
19
3
10
7
19
19
19
17
16
9
3
19
19
10
6
13
6
17
8
6
16
6
7
18
8
4
18
14
7
17
11
19
15
19
2
1
7
19
16
11
16
17
17
15
9
16
3
9
1
19
9
13
16
6
19
19
19
17
16
12
17
19
19
4
11
9
