8
12
11
10
7
2
2
1
20
1
20
1
16
4
20
20
12
2
19
19
12
2
4
20
3
4
15
18
8
5
4
14
3
19
5
18
20
8
1
18
6
7
2
6
6
1
14
20
1
18
15
7
9
15
3
6
17
14
16
9
11
11
20
19
3
14
5
14
15
2
11
3
14
2
5
4
11
6
15
6
5
3
20
4
7
12
14
3
14
18
20
5
1
6
7
8
8
16
8
2
8
6
8
1
5
2
6
9
2
12
15
14
2
3
20
2
5
20
4
5
6
14
1
9
3
5
16
1
20
14
9
1
4
14
1
4
9
3
2
6
1
2
14
5
14
7
4
1
14
2
14
8
5
3
8
9
8
6
1
16
12
17
19
19
14
3
5
9
16
12
20
3
3
3
4
12
15
15
2
6
4
1
8
3
6
11
6
10
19
2
1
4
7
3
11
13
14
3
14
20
5
9
20
18
6
9
13
10
11
2
9
7
4
14
12
8
5
14
9
14
6
10
2
6
9
4
20
8
18
19
11
8
1
5
1
3
14
6
16
6
19
11
19
2
19
4
4
9
20
6
2
2
14
7
4
8
1
14
8
5
4
14
1
6
6
19
9
1
11
1
11
9
10
6
19
11
16
19
4
17
8
14
19
8
9
16
20
8
8
5
8
6
18
9
19
11
6
14
3
4
11
18
5
10
11
12
2
11
16
6
12
9
5
6
8
8
6
8
20
20
9
11
3
8
14
1
14
19
14
4
1
5
9
14
19
12
20
1
8
12
3
20
4
14
6
19
6
6
5
7
3
6
8
12
3
1
12
17
12
20
2
15
14
11
5
4
19
9
3
17
5
5
19
1
11
9
6
2
11
19
7
6
12
2
3
12
17
8
11
19
14
2
19
1
4
12
9
10
6
20
