11
17
13
8
18
20
16
16
7
6
5
17
15
18
15
13
13
10
5
10
20
6
4
13
18
13
6
11
4
2
11
7
14
20
4
7
4
9
18
2
10
16
18
14
2
17
14
11
14
20
13
10
3
10
4
2
15
13
3
10
10
18
5
6
19
2
19
16
12
13
12
4
2
12
6
9
14
14
10
18
16
2
10
12
9
6
7
19
13
20
15
16
15
20
16
17
2
16
18
2
5
12
2
13
12
18
2
16
7
19
13
16
7
9
17
20
7
12
9
12
12
15
12
5
3
13
12
5
1
5
9
2
15
6
15
17
10
6
13
17
9
15
9
4
1
7
13
20
2
4
19
5
17
17
12
7
19
5
14
10
12
10
7
12
15
11
10
6
14
5
7
14
7
7
2
9
4
5
10
16
16
17
17
12
9
12
15
12
18
15
6
15
5
9
15
15
14
10
13
4
15
16
5
10
14
4
19
19
4
16
12
17
7
2
2
15
12
9
6
3
5
10
13
6
14
17
10
14
1
20
8
5
15
19
9
4
19
8
7
12
2
15
17
7
10
2
10
1
17
9
7
15
19
4
20
18
19
10
4
6
14
6
4
7
12
9
15
5
5
5
13
18
15
1
2
7
17
10
13
5
3
9
11
19
12
20
14
3
16
2
6
13
19
5
10
1
10
18
12
17
16
15
4
15
6
11
6
10
7
12
4
12
9
19
15
19
7
11
4
20
5
4
15
16
6
19
2
19
17
20
17
16
15
19
16
17
17
19
12
6
16
6
5
6
20
6
2
2
16
13
13
14
4
14
13
13
19
13
4
17
9
18
18
18
9
17
1
19
18
5
9
14
20
5
17
17
7
10
6
5
16
9
7
6
9
13
5
4
17
19
2
18
17
12
13
14
2
13
10
20
