19
8
1
7
1
15
19
13
17
15
1
6
9
20
18
9
6
18
10
5
8
6
6
16
2
8
6
10
10
6
20
15
4
14
9
16
20
16
9
4
6
6
20
14
3
1
5
20
20
17
6
12
17
16
19
1
16
6
19
8
19
1
5
13
9
13
9
13
3
5
5
6
1
11
11
16
1
13
20
9
19
12
15
12
8
9
8
10
20
20
6
8
11
18
17
13
14
13
19
3
6
6
7
10
9
7
17
8
6
19
9
19
6
8
6
14
1
13
9
11
19
6
10
13
1
12
9
3
3
3
8
6
17
19
18
15
6
9
2
8
19
6
9
11
17
12
10
3
19
6
1
8
5
20
13
9
9
20
19
18
4
17
10
9
8
13
12
16
3
7
18
9
1
1
16
17
2
8
2
1
9
9
7
12
8
7
1
19
6
8
20
6
9
1
5
19
14
12
17
14
8
15
8
3
20
10
9
2
16
14
8
17
13
13
19
9
4
12
8
12
4
9
6
8
5
6
20
3
16
10
5
16
19
12
9
6
17
8
3
6
16
11
20
9
6
2
20
16
4
19
3
8
10
6
19
10
18
19
10
13
14
20
6
6
10
3
17
13
4
13
7
5
19
11
6
7
6
11
13
13
5
3
8
4
7
11
1
11
16
1
3
15
8
1
8
1
6
20
8
5
4
13
8
17
10
20
19
19
5
1
2
10
5
19
17
10
7
19
8
7
5
13
8
11
1
1
16
6
9
10
17
17
4
6
13
10
14
2
1
8
12
13
6
6
16
2
16
20
6
13
19
12
10
8
1
5
20
8
10
14
6
14
9
12
7
11
5
9
8
16
8
11
3
5
20
3
5
19
6
9
1
1
5
19
19
6
19
13
10
11
14
8
9
19
1
6
6
16
19
16
