2
17
14
19
8
10
7
15
2
17
2
11
7
15
16
5
9
16
9
2
6
15
20
7
7
6
19
9
5
2
3
8
13
17
15
17
18
13
10
20
17
3
20
19
10
6
15
5
7
20
7
17
14
6
11
2
15
9
11
17
7
16
5
5
6
2
12
17
15
14
17
20
9
12
20
3
3
13
7
9
9
18
8
15
14
6
7
15
7
18
13
11
13
17
6
7
13
11
19
15
12
17
9
5
2
6
2
9
12
16
15
5
5
20
20
7
20
20
9
17
16
16
6
8
12
6
17
14
3
15
10
11
11
12
9
14
12
3
16
17
16
16
14
16
2
13
9
17
14
17
16
8
9
5
20
16
18
17
2
8
17
20
9
5
6
13
3
7
15
6
5
7
6
16
7
12
10
6
7
3
7
6
13
18
3
9
14
12
16
14
13
13
19
9
6
2
4
12
6
7
7
18
13
11
13
17
20
17
6
15
6
5
16
15
17
8
19
13
2
13
7
19
14
19
19
17
15
15
7
2
5
16
17
6
12
20
20
6
7
5
6
10
19
20
7
16
13
2
5
7
20
20
14
7
17
20
16
7
20
9
15
9
7
5
14
20
7
16
11
3
17
10
5
20
14
20
3
20
15
14
19
5
20
11
6
2
16
17
15
7
17
19
14
5
2
9
13
15
7
16
16
15
17
6
19
9
12
7
5
13
4
15
2
8
18
14
9
7
12
7
17
11
14
17
13
2
20
7
14
15
17
9
8
17
19
9
7
19
9
8
5
11
16
20
12
17
14
17
19
9
12
6
5
2
11
2
15
6
17
14
5
5
2
20
17
15
11
5
5
20
1
8
4
16
13
16
16
5
10
2
6
20
5
6
16
7
14
17
19
9
15
14
7
2
2
5
9
3
10
7
