12
9
8
18
18
14
10
20
18
18
10
15
9
9
5
5
19
18
20
20
20
11
9
20
18
4
3
6
18
5
3
7
12
9
18
3
3
4
9
14
15
16
19
18
8
18
9
4
3
12
11
8
18
2
4
12
7
14
2
9
12
12
18
3
19
10
16
5
18
18
18
5
15
18
12
19
4
19
16
7
19
16
11
20
19
16
16
9
19
9
16
4
3
2
3
18
14
6
18
7
8
20
10
4
5
9
7
17
18
18
16
18
10
5
14
20
18
2
7
16
4
9
8
15
19
7
6
19
10
14
3
7
20
16
18
14
11
5
3
8
20
18
5
9
8
1
14
14
18
9
16
9
4
3
9
4
16
3
7
16
5
18
16
18
4
19
16
3
19
16
19
4
14
2
20
18
3
16
14
3
18
18
4
10
5
9
12
2
14
7
18
15
14
7
18
18
3
4
9
18
11
3
20
18
3
11
5
4
3
19
6
4
15
3
5
12
10
18
12
20
7
6
18
11
20
18
5
9
18
7
5
10
7
4
18
3
3
3
16
19
18
19
15
3
4
20
2
20
15
3
15
16
7
4
16
8
9
17
5
18
7
18
4
7
3
8
16
19
18
8
17
3
18
18
3
8
16
7
18
9
10
7
10
2
11
3
19
19
4
18
2
18
5
18
3
19
18
18
17
8
6
16
18
19
12
15
3
3
18
14
12
15
4
14
12
9
5
1
18
11
12
14
20
15
9
6
7
1
14
20
8
20
9
7
7
14
2
10
6
4
5
20
20
20
9
7
10
10
11
7
7
13
15
7
15
18
18
16
14
9
20
16
7
7
5
4
9
6
19
17
10
18
19
7
5
19
5
13
4
18
9
3
11
18
8
5
5
4
9
5
15
3
19
4
18
12
18
15
4
2
