6
19
10
10
18
1
18
3
5
12
16
1
8
14
3
12
14
17
2
13
13
14
18
11
11
10
5
13
13
10
14
13
19
7
14
7
18
13
15
8
19
10
13
12
6
16
1
14
19
10
16
13
8
8
6
14
14
7
3
10
10
12
20
2
18
18
1
5
18
12
1
2
1
17
18
13
2
12
14
14
13
4
4
17
19
13
14
18
19
12
14
20
20
14
14
13
8
8
1
18
15
13
15
18
2
8
8
11
10
3
18
14
18
14
10
15
14
18
8
18
17
20
17
10
15
9
18
11
19
1
2
8
17
9
14
3
10
10
17
1
10
13
13
1
5
10
9
4
1
1
18
14
1
13
14
2
9
8
2
15
9
18
11
12
7
9
10
10
17
8
18
12
10
6
18
14
10
11
17
8
18
13
17
19
16
18
11
14
8
17
20
6
7
12
6
12
10
10
17
5
8
7
10
17
15
14
13
17
10
8
13
18
9
1
1
18
18
19
13
13
18
2
12
2
14
2
8
2
16
12
2
6
6
10
2
17
8
16
14
8
10
13
11
10
15
9
2
17
8
8
19
18
14
1
9
1
15
14
8
14
2
18
17
15
2
7
1
3
5
12
10
8
13
15
18
8
18
13
15
14
18
11
15
18
17
8
2
3
18
17
8
13
14
8
19
2
16
2
12
13
5
8
16
10
10
18
2
8
10
12
6
8
13
8
11
17
13
10
17
2
18
14
13
6
4
5
3
1
17
8
15
11
10
14
18
4
8
11
14
17
16
13
13
11
19
18
8
10
11
14
16
14
2
14
17
1
8
14
10
15
15
17
16
18
15
14
10
5
5
8
17
14
8
14
8
10
10
13
3
12
6
20
17
6
17
5
8
9
17
10
18
8
14
17
13
11
8
9
18
11
