15
17
17
19
12
6
12
16
18
8
13
3
19
16
20
15
12
15
17
17
13
4
10
15
13
16
16
3
8
13
13
16
6
8
16
4
16
13
6
6
20
19
18
16
3
19
4
7
15
15
12
18
16
16
16
19
12
7
7
7
16
6
16
6
10
6
15
19
6
12
20
3
10
12
15
16
15
14
17
13
13
12
15
13
4
12
6
18
4
19
7
13
11
8
12
16
8
8
16
18
3
13
7
18
17
10
7
7
15
12
12
18
15
11
16
15
16
16
12
11
3
16
17
19
6
17
13
10
10
14
20
11
12
1
15
13
15
16
19
7
6
14
12
8
12
19
20
15
6
19
12
16
7
8
16
15
20
18
8
13
19
16
6
15
3
16
12
11
19
7
13
12
9
15
4
16
6
5
16
12
20
19
16
12
10
18
9
8
9
15
20
5
19
15
7
13
7
19
12
14
7
15
15
4
12
16
15
9
13
15
10
16
11
13
3
7
16
9
19
6
16
14
12
3
8
14
18
20
10
19
20
18
10
6
12
12
14
18
18
18
10
14
10
6
3
15
20
15
4
8
13
15
13
7
16
2
13
15
16
15
8
14
12
18
12
16
18
8
13
5
12
16
19
13
4
15
14
10
10
5
16
15
13
17
10
3
13
17
9
3
12
20
11
12
11
19
19
12
3
6
10
18
8
19
20
19
12
3
7
15
12
3
15
16
19
1
15
19
10
12
19
12
15
11
8
4
20
10
6
17
12
16
16
17
18
16
3
10
3
9
17
15
15
15
15
18
6
13
16
6
17
19
7
7
9
15
20
9
7
15
7
14
15
4
2
15
14
3
17
12
16
20
2
19
18
8
10
6
20
12
16
4
12
6
13
14
3
3
13
10
16
6
7
19
16
19
7
15
1
10
