14
20
9
16
12
19
7
9
19
9
17
9
9
19
18
19
16
9
9
6
11
9
1
9
6
9
1
6
9
14
6
17
5
5
19
11
16
3
6
15
2
6
1
17
3
9
20
19
14
4
5
17
10
1
13
9
11
12
9
9
17
1
3
8
6
2
17
17
3
9
1
6
9
15
5
5
14
19
9
13
9
15
17
9
17
2
6
16
11
9
2
11
13
14
9
9
3
7
8
9
16
4
6
9
6
6
13
6
5
8
6
1
5
18
8
9
5
19
14
15
19
18
1
14
14
1
5
17
11
17
5
18
1
14
9
20
6
16
16
16
10
17
9
5
1
19
5
6
18
19
18
5
1
9
18
11
14
9
17
9
8
9
16
17
2
11
5
5
17
20
14
8
17
2
9
9
20
20
6
11
16
2
16
7
4
16
9
9
18
16
10
17
9
19
1
10
17
12
1
20
6
9
17
20
5
17
5
11
5
1
17
17
17
13
20
3
17
11
4
8
3
7
18
18
9
2
19
4
13
4
16
1
20
12
9
9
4
7
17
11
1
9
1
11
17
19
5
8
18
10
17
15
6
13
2
6
17
6
17
3
6
8
1
10
20
11
18
7
6
9
18
17
5
5
6
16
13
9
2
1
11
5
14
1
6
17
16
11
13
9
1
9
14
17
8
9
11
16
6
19
11
6
8
11
2
16
19
17
19
9
14
9
11
9
15
6
18
14
9
9
3
5
6
8
15
4
9
13
12
15
17
7
3
3
5
13
9
10
9
9
18
17
4
9
17
15
9
16
14
13
9
16
3
17
5
20
9
12
4
2
9
9
18
18
9
17
14
3
9
4
19
6
9
8
5
18
6
13
18
11
10
11
15
18
11
17
4
17
17
9
11
9
11
11
10
15
15
1
13
13
