15
17
10
8
8
12
18
6
3
15
15
10
20
4
6
14
8
5
10
14
6
5
20
20
15
3
2
5
11
9
14
16
2
15
3
9
17
11
3
11
20
9
5
19
11
19
11
7
9
14
7
9
11
10
4
6
7
11
5
9
10
4
20
11
10
10
11
6
1
16
6
19
17
16
17
10
19
5
1
20
4
18
7
7
20
15
11
9
3
10
7
19
5
9
20
9
7
2
4
5
12
15
10
3
10
8
11
20
10
7
5
15
13
4
15
9
11
9
3
6
20
2
1
13
20
6
6
15
14
15
18
15
15
2
18
4
7
5
17
6
1
15
18
6
13
11
15
6
8
6
15
10
11
6
1
6
1
11
6
3
6
5
10
6
6
9
17
5
6
17
15
11
6
17
11
7
10
6
10
7
2
15
6
16
9
5
3
8
10
11
3
10
11
3
20
1
6
16
9
1
10
14
16
10
11
9
11
11
14
20
17
8
17
11
20
4
14
9
17
16
2
14
10
6
6
4
11
15
4
16
2
16
2
10
7
5
9
2
16
10
15
3
14
12
15
10
6
20
17
11
6
15
3
16
18
5
15
2
16
11
3
11
19
15
11
2
1
14
18
11
10
15
3
3
10
3
3
15
1
6
20
17
11
10
7
9
8
15
15
10
15
9
3
2
2
7
15
20
6
6
10
20
17
18
10
11
4
12
18
17
14
10
11
1
6
9
16
16
3
7
2
5
16
16
20
5
20
9
18
10
11
4
15
6
3
11
16
1
3
12
6
17
3
20
10
11
4
3
14
20
3
6
2
10
14
11
8
10
7
20
10
15
18
10
17
18
13
10
3
11
17
6
5
4
15
10
16
6
15
16
17
11
5
6
15
5
9
15
16
6
10
3
7
4
7
5
8
6
14
2
