15
1
19
9
12
10
4
7
3
2
10
18
8
1
17
1
10
9
9
2
19
19
7
19
17
3
15
15
5
2
20
13
8
2
14
6
2
16
15
20
18
16
2
19
15
16
11
4
20
17
18
15
8
19
11
18
4
2
14
18
3
15
16
11
9
16
10
17
19
9
4
2
16
9
14
1
2
13
18
15
14
15
18
13
8
2
7
12
8
19
13
9
16
8
2
3
19
2
4
6
8
1
20
8
9
19
7
20
8
18
9
19
14
3
2
15
8
17
17
6
18
4
20
3
8
2
20
3
3
16
2
3
9
18
18
9
18
1
8
3
2
3
3
8
16
2
3
3
18
3
16
19
18
18
4
16
8
2
4
3
2
8
15
8
9
18
4
16
16
7
18
16
7
11
20
13
8
4
15
19
14
8
8
14
2
9
2
17
4
9
8
13
8
10
6
20
19
19
16
7
3
8
18
3
14
19
9
20
7
9
16
3
2
15
8
8
2
4
6
16
20
18
2
1
4
8
16
10
20
16
18
8
20
19
16
5
16
10
16
8
16
9
18
2
16
15
20
14
9
18
8
9
19
16
18
16
11
2
2
16
18
9
7
4
8
1
3
10
8
19
10
20
6
9
19
2
9
3
1
3
18
18
8
9
20
8
4
9
10
3
2
17
16
16
6
8
16
14
3
4
16
2
16
18
18
1
8
2
6
9
11
18
13
8
18
3
13
18
4
4
6
7
17
10
16
19
18
7
19
8
9
6
3
7
3
16
18
3
3
13
2
3
14
19
8
13
8
14
10
3
7
3
3
15
18
2
9
9
15
6
16
19
20
2
3
1
9
16
13
4
16
20
20
10
19
4
16
12
3
13
9
4
2
9
1
11
15
9
8
19
3
14
1
20
8
18
12
3
3
3
