16
5
7
6
2
6
14
16
19
7
5
11
13
12
14
3
7
4
18
16
3
19
6
10
19
1
5
5
8
5
15
5
15
3
8
18
19
9
6
8
16
13
5
14
14
7
13
4
19
14
16
13
6
19
20
16
14
15
15
11
11
3
11
15
2
3
6
13
15
6
3
3
8
15
7
15
15
7
13
6
8
11
18
3
7
18
7
12
20
5
16
6
1
19
13
10
16
14
13
7
1
3
8
6
18
14
1
11
13
10
12
11
2
4
8
7
6
19
5
1
19
16
20
4
20
14
14
4
8
10
14
4
6
6
2
5
9
8
4
20
18
11
1
8
10
6
3
20
16
13
14
3
9
6
15
3
8
19
7
18
6
7
13
20
19
14
15
15
8
7
5
8
18
5
9
2
9
3
11
7
16
5
3
5
15
14
5
16
19
19
15
6
1
5
9
12
7
2
2
6
18
7
3
20
17
8
6
17
1
7
14
11
17
5
4
5
19
20
6
8
15
14
20
5
3
5
13
13
5
6
15
8
3
6
13
20
8
14
18
11
6
7
4
16
5
14
14
1
10
7
8
19
3
11
11
7
3
11
14
3
8
14
6
12
13
6
14
13
16
11
20
4
3
19
19
8
18
17
3
14
16
18
17
7
19
19
6
6
19
14
6
11
2
15
14
17
2
9
19
15
9
4
13
15
5
8
14
7
17
6
18
9
3
11
1
19
6
8
14
5
13
4
5
14
20
20
14
16
2
16
19
15
7
19
2
5
15
12
19
16
14
1
8
14
15
2
3
16
14
11
13
16
8
3
15
19
7
19
7
3
18
11
3
14
1
6
5
5
15
20
3
7
7
7
6
9
4
6
11
3
18
8
5
6
8
3
13
7
4
12
19
8
10
11
16
12
15
3
3
6
