9
20
2
17
4
17
15
9
5
14
12
15
20
10
20
15
17
3
7
8
15
9
6
7
19
19
18
9
17
4
9
19
9
20
8
4
17
14
18
20
9
4
3
8
12
14
11
9
9
9
17
17
14
14
17
17
2
6
14
7
6
17
12
5
12
17
14
8
11
5
6
6
19
20
1
3
5
4
9
20
9
19
17
19
9
15
20
17
12
20
20
15
18
19
4
20
18
20
20
9
9
9
12
12
12
17
4
7
20
3
15
17
15
4
5
18
10
5
2
17
9
16
9
4
3
17
19
17
15
15
2
17
17
9
20
18
3
7
9
3
17
9
14
9
14
18
5
9
9
19
14
9
14
4
4
9
19
1
15
3
5
14
17
19
17
9
7
2
18
3
13
5
1
18
20
4
10
13
1
19
9
1
10
5
9
5
9
13
20
17
3
15
18
19
5
4
9
14
17
1
4
9
3
18
17
4
1
17
9
18
4
1
15
7
17
3
1
4
16
20
4
20
9
12
7
7
9
17
13
4
1
20
15
5
13
8
5
12
5
1
7
19
14
17
3
6
4
19
20
14
9
14
9
3
12
17
3
19
3
4
4
18
9
2
14
19
9
20
14
18
14
10
18
9
17
15
7
9
15
17
19
4
1
17
4
14
20
9
7
1
5
1
3
17
9
4
20
9
14
19
17
3
17
7
3
19
20
16
17
4
3
9
10
19
14
10
18
19
18
5
13
15
14
11
18
3
13
3
13
17
14
9
5
16
12
20
4
7
3
12
14
20
14
20
17
19
13
14
17
18
4
11
4
17
18
5
13
6
20
17
20
3
7
4
14
7
15
17
9
17
4
18
3
17
4
20
1
19
3
20
17
10
17
9
4
13
17
10
15
20
19
3
5
14
4
1
17
17
20
3
