15
13
15
12
19
9
8
20
12
15
1
7
10
9
3
15
6
10
15
14
8
7
19
8
15
7
18
18
19
19
7
13
10
12
19
1
16
7
7
11
7
7
15
3
3
20
14
20
7
12
13
3
8
12
19
15
8
11
10
3
6
3
15
17
11
4
5
18
19
8
1
4
2
9
7
7
4
7
11
2
5
6
7
7
5
9
15
3
11
15
10
19
17
20
10
3
15
4
12
15
6
8
14
3
4
19
15
8
14
16
13
11
6
5
11
19
6
16
19
16
6
19
4
9
20
19
14
17
15
19
1
15
3
18
9
17
2
13
8
4
2
6
10
8
19
19
11
2
12
6
14
4
1
19
8
11
19
17
12
15
11
18
15
5
19
15
8
10
11
6
15
3
11
4
15
3
9
11
13
19
4
11
11
16
3
7
19
11
15
4
13
20
20
19
15
2
6
2
14
15
15
13
6
15
9
11
6
1
18
18
15
13
16
13
19
6
4
17
1
18
13
13
13
19
4
7
13
8
7
11
14
8
2
13
8
8
11
19
19
19
1
6
16
10
15
14
1
11
15
11
16
20
11
2
19
11
2
13
14
16
6
10
7
16
16
4
20
20
5
15
15
9
10
16
15
10
10
20
12
2
20
20
1
17
13
17
2
19
17
2
17
2
3
5
4
7
10
3
13
3
13
20
8
18
9
1
2
16
8
20
19
9
1
6
10
13
6
8
7
11
13
1
7
1
8
1
17
10
3
16
20
6
5
19
11
2
8
8
18
12
10
3
6
5
10
12
19
10
9
8
10
8
7
14
15
6
8
15
19
12
13
16
18
7
16
4
10
15
19
8
15
4
17
8
15
3
1
19
9
16
4
2
8
8
15
9
7
6
2
6
8
19
6
5
17
19
5
6
4
17
