14
15
17
8
19
8
5
11
13
5
11
15
1
19
13
2
1
15
18
16
4
14
1
15
19
14
5
18
12
16
16
13
1
4
14
4
11
10
3
7
7
19
5
4
5
3
19
7
19
20
7
4
8
4
12
15
12
17
5
18
15
4
18
14
19
18
5
3
20
8
5
15
10
3
13
15
1
3
8
5
5
10
3
14
3
11
6
15
8
14
4
13
15
15
3
10
3
8
13
14
5
14
16
16
15
5
15
2
17
3
4
19
10
5
4
15
4
14
8
6
11
16
4
3
8
15
5
10
19
15
15
3
7
10
4
13
16
2
4
3
14
11
18
4
12
13
8
15
12
14
18
14
15
7
20
3
9
10
7
12
13
15
1
11
11
11
5
20
14
5
8
16
2
5
3
18
13
15
20
2
5
13
1
13
13
4
7
12
1
19
19
3
15
3
3
16
10
4
4
1
4
12
8
14
10
2
11
13
13
16
10
15
12
3
5
3
1
18
11
7
19
13
19
16
7
7
10
13
7
19
16
1
3
13
4
5
15
8
16
4
5
3
11
7
13
4
12
16
17
12
8
3
3
12
3
12
12
19
12
11
19
18
5
2
3
13
12
16
19
12
4
14
3
2
9
18
12
13
19
12
19
5
4
19
2
16
14
13
2
4
11
7
16
11
14
7
13
3
13
4
5
11
5
17
5
19
9
14
7
13
12
13
7
7
5
4
3
15
12
13
10
2
2
12
10
20
1
19
5
5
11
18
5
13
3
6
9
12
14
3
14
13
5
3
19
15
14
20
18
19
10
13
14
5
16
4
5
16
13
19
13
5
5
19
11
11
20
3
16
13
16
12
5
19
15
19
1
15
11
12
15
16
3
6
19
5
3
19
11
3
19
19
5
11
15
9
4
16
19
12
