1
14
5
6
13
16
1
11
9
7
2
18
7
14
7
9
20
3
6
15
9
14
9
1
12
14
11
16
3
1
2
2
8
1
7
20
3
20
18
9
13
16
12
20
3
9
16
7
9
19
2
6
6
17
2
10
10
1
13
20
7
10
1
15
16
3
12
15
2
19
15
12
13
3
8
1
2
9
13
10
13
4
19
7
10
6
7
10
13
18
12
6
19
13
19
9
20
20
20
10
13
7
13
19
6
19
12
7
5
13
10
20
14
7
2
16
3
14
9
1
20
13
16
14
11
14
17
18
17
9
3
16
13
3
18
16
18
9
15
20
2
6
20
14
14
3
11
14
20
1
6
18
18
16
15
9
17
4
1
1
16
1
9
11
14
7
6
20
9
13
14
15
10
20
1
12
10
14
13
3
2
5
10
9
19
10
9
3
13
6
3
17
6
11
11
14
14
15
4
10
13
9
7
15
3
13
9
6
3
1
12
6
12
18
18
19
4
1
4
2
7
12
6
19
11
18
7
18
9
2
3
18
6
18
17
18
13
19
11
1
9
17
8
16
16
1
14
8
6
13
6
18
9
12
7
2
3
1
9
10
19
15
15
12
20
9
3
11
16
11
18
6
20
1
7
18
9
3
19
9
19
10
10
6
16
18
18
18
12
3
16
9
10
6
2
20
18
3
2
3
10
1
4
11
13
14
16
20
12
18
9
10
18
14
6
16
1
10
3
17
16
18
10
14
3
18
11
3
13
19
14
7
16
11
16
12
5
3
9
2
18
16
6
12
14
20
16
10
18
1
12
18
12
16
9
14
19
7
15
1
18
15
2
2
14
9
3
19
10
11
11
11
15
18
7
3
4
7
9
1
10
6
1
18
15
14
7
14
14
18
9
15
6
1
10
15
12
17
10
15
