16
1
1
20
1
15
13
20
12
20
1
17
16
17
15
2
9
6
1
3
18
18
19
13
6
2
19
5
17
20
12
2
2
14
6
17
15
5
1
10
6
12
19
15
13
11
16
17
19
11
1
11
2
12
12
11
17
19
20
10
5
11
6
13
17
3
20
6
5
18
5
10
1
11
8
14
18
19
14
12
13
13
14
18
10
5
20
18
11
3
7
18
15
14
19
2
12
1
15
12
6
20
18
18
15
5
6
11
2
14
19
19
18
14
18
5
19
1
5
11
3
7
15
15
4
12
19
5
13
19
1
17
6
12
12
1
12
14
19
11
12
15
13
19
15
16
18
4
10
12
17
15
15
15
15
12
4
12
14
20
17
1
1
12
3
11
2
17
14
14
2
18
1
15
12
12
13
8
11
14
18
12
16
2
1
15
12
19
16
13
15
20
1
5
5
6
17
17
15
12
11
20
12
2
19
15
6
19
2
7
1
6
1
11
15
20
5
12
1
13
19
13
17
12
3
10
17
12
5
15
3
17
15
15
5
19
17
15
20
18
12
2
16
17
19
14
20
13
17
14
2
13
2
1
3
16
11
17
11
6
6
5
6
1
16
1
9
7
17
18
19
12
1
5
12
11
19
14
15
19
17
11
17
2
6
19
7
4
19
17
17
17
17
19
15
19
6
19
18
12
3
12
16
4
13
13
19
11
18
20
13
14
15
11
15
12
11
20
15
18
6
6
15
14
12
5
3
20
15
10
20
15
19
19
11
17
19
20
18
20
12
11
9
1
11
1
1
8
19
12
20
5
15
2
14
20
2
12
5
16
17
13
17
12
12
15
9
15
19
20
18
1
11
15
13
20
15
12
20
20
11
12
19
20
15
15
11
12
17
1
20
6
16
17
5
2
17
20
17
12
