3
11
11
11
15
20
1
2
3
7
18
11
1
15
10
19
1
12
9
1
1
2
1
12
15
7
20
20
4
9
19
17
12
12
20
14
20
19
15
7
8
2
12
6
9
17
10
2
5
10
19
8
4
19
17
15
2
8
11
11
2
11
5
8
10
11
2
10
1
16
11
5
17
16
2
11
9
1
20
11
12
20
4
15
1
19
4
15
20
6
11
12
20
15
2
20
20
13
20
15
1
20
16
20
2
11
20
17
11
17
1
1
5
6
20
1
7
19
2
15
16
8
9
17
11
12
12
11
8
19
19
20
15
19
15
19
1
7
12
12
20
11
4
7
1
20
15
12
2
19
15
12
17
4
20
17
18
13
8
9
2
17
3
17
13
16
5
4
6
1
14
12
20
15
15
15
3
8
9
18
19
20
2
11
15
20
1
13
9
12
8
14
1
12
1
10
1
4
18
19
2
19
18
2
9
8
2
11
13
12
19
12
11
4
7
1
1
2
2
2
15
17
20
12
19
1
12
19
13
2
3
8
8
1
20
1
9
17
7
2
15
11
11
1
15
19
8
11
20
19
14
1
4
11
7
13
12
3
13
11
2
8
15
15
2
7
7
20
17
20
15
15
1
8
15
7
1
20
18
1
8
6
1
1
2
12
11
1
20
9
1
17
19
1
20
7
9
19
1
12
13
12
15
1
20
17
15
1
2
12
1
11
9
8
17
16
20
19
14
1
1
15
12
7
1
15
1
13
1
15
15
13
8
3
11
15
4
15
1
10
5
3
17
17
10
6
3
7
20
6
18
12
7
12
15
1
17
9
1
7
4
15
10
14
2
5
1
18
15
11
1
17
8
7
1
19
7
15
20
15
6
11
7
13
18
1
6
14
15
18
9
3
7
19
13
17
15
10
4
2
