4
3
8
3
19
3
20
3
20
18
5
7
2
7
8
9
4
16
18
19
19
5
9
14
5
19
18
14
4
19
8
10
16
5
7
4
18
8
3
12
14
5
3
10
18
13
3
14
2
16
17
5
3
11
10
4
9
10
2
10
20
17
3
4
10
8
10
17
10
4
17
10
8
18
2
2
3
10
8
3
19
12
9
17
17
3
16
8
16
7
10
5
8
3
14
15
8
18
18
8
16
3
10
16
1
11
4
16
6
8
8
5
8
17
6
6
13
18
1
18
5
1
16
4
5
18
17
2
16
8
10
5
4
4
19
18
8
8
8
1
18
1
20
18
4
12
4
10
4
10
1
2
14
8
17
3
19
11
18
8
8
5
1
9
8
10
2
10
18
3
5
8
4
12
7
14
10
14
8
3
17
2
2
4
4
5
3
16
8
16
4
10
18
20
6
18
7
2
4
4
14
5
1
14
5
5
7
5
17
13
10
14
8
12
2
10
8
14
10
4
2
10
15
9
17
5
4
19
10
5
16
10
1
10
4
14
1
5
14
19
10
9
1
5
2
7
5
7
14
9
10
8
5
14
5
5
9
16
14
5
10
14
5
17
13
18
10
3
14
15
17
18
3
16
1
9
11
13
17
16
3
5
4
16
1
14
19
8
15
20
17
17
14
10
2
8
8
10
20
7
13
14
9
8
18
8
10
18
4
10
3
17
5
10
4
7
14
17
2
2
10
10
16
19
5
14
13
4
10
1
14
5
17
2
13
14
14
18
3
17
18
20
14
5
14
5
8
14
12
17
9
6
8
19
12
9
5
12
1
18
4
2
2
20
18
2
8
17
3
9
16
8
8
14
3
4
10
1
10
3
15
19
10
4
18
1
1
3
18
7
4
1
17
5
9
18
2
20
5
4
