19
12
16
19
3
2
18
4
1
17
1
8
8
15
19
12
19
15
10
7
4
7
1
20
3
17
20
11
6
19
3
1
20
5
5
10
3
10
10
18
18
18
17
7
10
15
19
10
4
17
19
4
9
11
12
17
8
9
17
11
4
11
8
15
16
5
14
20
3
6
6
13
8
12
13
18
20
17
4
8
18
4
14
4
8
18
8
20
10
17
6
6
8
17
20
20
11
17
12
3
12
12
11
11
17
20
18
14
10
18
14
7
11
3
18
1
17
15
1
2
17
9
16
8
11
14
8
14
20
1
15
8
19
3
6
14
12
17
11
19
11
12
15
18
18
1
5
12
12
19
18
2
6
2
8
19
2
4
15
17
19
18
12
18
12
8
11
14
6
15
11
15
18
4
19
11
14
1
20
15
13
19
16
14
15
16
11
3
1
11
18
9
12
19
11
7
8
1
19
6
19
19
8
5
7
1
6
11
18
2
13
19
1
8
20
11
2
10
17
12
17
18
5
6
4
9
5
4
7
5
4
12
5
18
5
1
1
9
8
16
16
20
7
18
11
7
20
17
3
16
11
15
5
20
13
5
17
13
11
19
12
17
9
17
4
4
1
20
17
12
2
17
17
12
19
18
11
1
8
15
14
17
10
9
11
5
17
12
3
12
19
11
17
7
5
12
15
14
18
6
5
4
14
4
1
12
9
15
1
8
5
19
11
7
19
12
12
18
17
18
16
11
12
4
15
20
19
9
12
14
17
4
18
7
18
19
3
13
9
14
18
12
4
9
13
19
19
17
17
4
5
2
5
17
19
10
19
6
16
20
18
19
13
4
1
3
8
11
1
19
11
8
11
9
14
14
10
2
1
14
1
14
14
12
7
10
11
13
14
6
15
5
20
9
14
11
12
18
2
9
