7
9
20
16
2
2
8
14
7
18
10
4
9
1
12
15
10
9
7
16
15
16
10
10
7
9
9
18
20
19
1
2
8
20
1
14
2
8
2
8
3
1
14
9
10
4
16
10
9
9
13
5
16
16
8
13
16
9
1
13
10
9
16
2
15
4
13
1
1
3
2
5
13
14
14
16
3
7
1
8
11
7
13
13
16
7
8
11
19
16
3
11
1
16
9
6
1
10
5
6
10
20
16
20
6
10
2
19
12
2
13
16
2
18
7
11
13
4
14
9
10
8
19
1
2
9
18
5
6
8
9
1
1
16
12
9
4
9
20
20
2
8
19
9
9
16
9
9
16
18
1
14
8
9
7
9
13
20
11
16
6
6
4
15
10
13
2
8
8
18
16
10
2
9
10
2
2
16
7
12
8
10
10
10
9
17
8
9
14
9
2
8
8
16
9
16
6
20
19
16
12
7
13
10
17
8
19
5
7
9
20
13
15
12
16
15
10
13
5
9
13
10
6
12
13
9
11
19
2
16
18
19
3
3
16
2
4
10
2
18
17
2
8
9
10
12
17
10
1
18
19
12
16
18
8
10
9
1
9
10
1
9
18
2
7
13
10
18
8
16
19
20
14
10
3
9
15
10
10
1
20
20
9
20
18
2
7
17
9
1
9
17
14
5
1
10
10
19
2
10
10
7
14
16
9
12
7
18
2
9
10
17
12
16
19
3
5
17
5
1
10
12
5
2
10
16
17
16
6
10
8
12
18
18
2
9
15
2
13
18
7
8
13
10
5
5
9
20
12
4
10
15
9
9
20
9
16
10
13
15
16
10
9
9
2
5
19
1
8
17
10
10
10
18
16
9
18
10
13
20
5
4
9
19
10
2
1
10
9
16
1
17
2
10
18
9
15
8
13
7
