19
12
17
8
6
9
15
14
19
4
16
15
19
17
15
17
5
8
6
11
13
12
14
13
17
1
9
16
15
13
5
6
8
14
17
17
2
10
19
3
13
19
1
7
12
15
17
13
1
18
6
13
16
13
4
15
8
12
15
17
14
4
8
14
5
19
17
2
15
14
6
4
2
2
19
6
19
12
6
13
17
19
2
13
2
17
1
2
14
15
18
17
1
17
3
2
9
2
13
17
8
15
17
2
2
9
8
6
13
15
15
17
13
6
1
15
1
19
2
6
3
4
15
19
14
9
14
13
15
14
2
13
1
4
2
17
6
19
9
6
8
6
3
17
17
6
15
4
4
3
13
6
14
14
16
13
4
17
2
2
13
1
17
1
6
13
9
15
4
19
16
6
2
5
1
1
7
15
12
2
13
6
6
6
6
7
6
1
4
12
14
15
13
13
4
3
4
5
4
12
14
14
9
2
13
13
2
17
3
4
15
15
17
4
4
15
2
9
1
3
14
8
12
20
6
15
4
6
2
19
8
9
15
14
1
14
2
4
4
12
5
6
1
2
19
2
4
4
4
19
5
2
6
6
17
9
2
15
2
5
16
2
6
2
1
14
19
13
8
8
5
1
4
12
1
13
17
9
1
14
19
6
17
14
13
8
15
10
6
13
14
14
15
6
6
18
17
14
2
19
2
14
1
1
2
6
10
19
5
6
7
5
3
1
13
2
19
17
14
1
12
2
16
17
17
15
6
1
9
8
4
17
1
17
3
2
2
6
13
15
6
6
12
17
6
1
13
4
12
14
14
12
17
12
17
4
13
13
4
6
17
19
13
5
5
14
9
8
1
11
2
14
13
15
13
19
8
19
2
18
12
16
1
6
5
13
14
20
13
15
12
6
1
2
15
2
4
1
17
9
