5
7
12
5
13
17
12
6
6
13
13
7
6
6
19
3
13
1
6
2
10
19
3
3
2
1
11
14
5
20
3
6
12
5
20
14
10
7
3
20
13
2
10
7
5
5
14
12
3
7
3
3
6
8
6
2
14
6
15
2
3
13
15
20
6
6
1
1
13
20
13
3
6
4
1
3
4
5
13
1
19
3
13
12
10
13
5
18
2
13
20
3
5
15
5
15
2
3
1
6
5
11
12
19
13
20
2
6
3
8
13
6
2
12
13
20
4
20
6
5
20
20
19
10
14
3
6
3
3
10
4
13
7
11
19
14
7
5
6
16
2
3
9
13
5
12
20
3
13
13
10
9
2
6
3
4
16
2
19
4
5
5
2
4
6
5
12
6
7
2
8
5
3
3
6
1
10
13
3
5
6
13
9
13
2
13
3
14
10
3
7
3
5
20
13
8
6
7
14
3
19
11
2
4
14
1
5
7
6
5
7
13
2
5
13
14
6
2
11
20
3
2
5
10
20
12
2
8
3
3
18
5
3
6
20
10
8
13
6
13
10
20
20
5
14
8
14
13
5
15
7
6
4
6
14
5
2
5
2
19
14
3
2
7
3
5
20
3
19
15
14
4
4
5
1
6
2
5
15
5
16
1
10
19
2
2
5
16
5
13
16
17
8
18
5
10
6
3
7
5
12
7
17
1
19
2
3
6
4
5
6
5
4
16
4
2
14
5
3
8
13
19
3
2
13
3
3
5
5
3
20
13
13
12
5
15
8
20
3
4
5
5
16
3
13
15
3
6
5
1
5
13
19
7
12
15
5
20
3
10
3
2
13
3
16
8
3
7
13
2
13
5
10
20
10
8
10
2
15
13
5
20
3
2
13
10
13
13
8
7
5
13
15
4
12
3
13
13
20
8
