3
13
8
11
11
5
11
8
18
7
16
15
9
4
12
7
1
8
18
17
1
8
3
15
18
8
11
11
8
11
20
11
16
3
16
4
4
7
15
15
4
10
14
11
16
3
3
2
3
11
16
2
8
15
16
2
3
14
17
8
4
3
18
17
16
15
5
15
15
9
11
7
14
16
3
16
4
16
4
10
3
11
1
3
12
11
3
2
3
11
11
9
8
14
3
15
3
11
4
15
3
3
7
11
3
10
4
3
4
15
4
9
3
12
11
2
7
20
15
15
2
8
19
20
15
17
16
8
18
11
2
4
16
2
16
12
8
4
12
15
4
16
13
17
8
3
16
20
11
15
16
9
7
2
20
17
16
12
16
15
4
12
15
11
16
4
2
14
18
3
11
19
15
17
16
9
3
15
6
15
16
16
1
11
3
16
20
12
17
12
17
18
8
17
14
19
8
15
9
4
11
4
11
13
6
11
16
11
4
4
11
11
4
11
12
6
17
17
7
14
3
16
16
8
16
17
16
8
5
9
4
16
2
18
16
12
11
2
2
8
1
11
16
11
16
8
16
4
14
16
8
14
16
3
17
7
3
11
19
3
11
8
9
2
3
20
16
7
6
16
11
3
3
1
1
11
20
11
4
11
9
3
12
1
7
3
11
4
7
9
15
2
2
4
4
16
20
8
3
13
4
17
5
17
10
9
17
17
4
17
11
17
14
15
11
16
3
16
13
20
17
8
18
20
7
6
6
11
13
16
4
8
11
7
17
16
15
18
16
3
8
18
3
12
3
15
11
17
15
15
16
3
4
16
7
11
17
17
17
11
2
2
2
16
12
1
8
3
10
11
15
16
11
11
16
9
12
13
11
4
11
10
15
11
9
15
16
20
8
7
12
4
16
16
3
8
15
16
7
18
