7
8
10
3
6
9
20
18
3
18
20
11
5
15
5
13
4
5
14
11
5
5
20
17
5
4
4
9
12
2
5
5
16
3
9
19
5
17
7
12
12
11
12
5
18
15
12
10
8
2
18
3
2
5
5
13
8
17
2
19
5
2
14
11
14
3
5
10
9
5
5
14
10
14
19
18
20
5
11
9
2
5
16
19
2
12
3
2
5
16
4
12
8
18
20
12
14
5
11
5
4
2
5
3
15
16
7
5
12
2
12
20
7
20
10
5
5
16
7
14
12
7
5
19
12
7
8
9
14
16
3
1
8
10
6
11
14
9
9
12
14
14
16
17
20
2
14
12
7
11
14
18
14
9
20
16
9
6
7
14
12
4
15
3
7
16
12
7
12
18
3
6
7
4
2
3
17
2
17
15
20
3
14
18
2
4
6
19
11
8
7
2
19
19
12
15
3
17
15
14
4
12
6
10
5
7
11
20
12
19
12
5
12
17
7
7
18
3
7
15
12
2
19
10
8
6
2
4
2
11
11
13
2
14
17
5
15
10
6
3
4
20
9
14
10
4
15
14
14
9
11
16
19
12
8
20
12
8
10
5
11
10
2
17
9
11
5
2
2
2
12
11
17
3
7
19
1
15
3
14
14
20
16
14
17
2
3
18
6
6
17
14
3
5
19
11
19
12
9
6
11
7
10
15
5
12
19
15
20
11
2
14
14
12
12
19
5
20
3
8
3
12
14
16
14
16
20
15
7
13
16
17
19
20
11
9
12
4
7
14
2
14
19
14
16
14
3
4
9
10
13
6
6
14
20
14
11
14
4
6
15
6
2
20
12
9
15
16
8
10
2
10
4
9
14
7
14
2
17
19
12
5
9
12
7
12
4
17
6
19
8
12
14
14
15
12
12
18
14
16
