4
16
15
3
9
6
12
16
1
2
3
2
12
4
12
12
6
19
5
18
1
12
20
19
20
1
3
13
20
19
17
6
12
19
17
9
16
3
12
14
12
13
12
8
17
18
16
15
11
12
1
4
13
4
6
17
11
11
6
8
11
5
12
13
9
8
19
1
2
19
1
6
19
2
20
8
19
3
17
15
1
13
14
11
19
14
8
5
19
9
10
18
15
11
13
12
14
3
15
2
20
12
13
12
9
18
6
16
18
19
8
16
11
15
13
15
8
11
17
2
16
3
12
13
17
10
3
10
16
1
20
6
15
17
11
20
2
2
17
15
19
1
17
2
6
20
6
12
9
2
9
2
19
12
11
2
2
3
12
6
15
17
2
13
1
1
11
18
1
6
20
2
20
6
2
15
13
13
1
2
12
18
11
19
2
2
1
1
17
2
19
19
6
19
1
16
20
3
20
10
13
8
3
14
2
3
8
19
19
13
13
19
20
19
6
3
2
17
6
9
19
9
12
12
12
12
9
4
4
6
2
12
13
2
15
10
8
19
1
12
20
17
7
13
6
13
19
1
15
8
19
12
3
11
17
11
12
3
13
1
16
6
6
8
13
16
12
17
2
2
13
7
16
12
20
15
16
4
16
16
16
9
2
2
8
17
6
12
19
19
13
3
14
6
9
17
12
13
12
2
11
2
13
2
15
17
1
15
12
12
3
19
9
19
11
8
15
12
16
11
13
12
13
13
18
14
1
1
19
9
2
14
19
13
2
16
19
12
7
7
5
3
7
13
3
1
18
14
14
15
19
14
16
9
12
2
16
17
18
5
1
17
2
12
12
1
4
2
8
3
9
6
6
12
6
12
16
13
15
17
6
18
16
4
3
11
18
4
13
14
9
8
7
10
20
3
12
2
6
9
