3
17
4
11
17
15
7
9
9
17
1
4
3
19
11
1
14
14
11
1
5
16
4
17
13
3
1
4
19
4
13
3
16
1
7
15
17
7
3
12
1
17
1
19
1
4
20
15
19
1
1
20
17
8
17
19
3
17
16
1
18
7
4
1
17
19
8
11
7
19
19
7
4
17
3
17
19
1
20
4
13
7
1
15
19
1
1
19
3
20
17
17
20
19
1
4
4
17
13
4
3
1
19
15
16
11
3
17
13
16
17
1
1
19
3
4
7
4
11
15
4
9
4
15
16
4
17
14
3
4
4
1
5
16
3
8
3
8
20
1
19
20
3
5
1
19
14
12
3
15
11
16
17
11
1
4
6
4
16
20
12
1
1
19
4
17
20
19
18
4
16
17
3
13
6
16
1
11
10
12
11
19
19
20
7
15
17
19
13
20
20
14
13
18
1
13
17
1
1
17
7
1
16
19
1
17
16
15
18
7
19
19
1
8
12
1
17
1
1
11
1
5
1
1
17
9
1
1
1
15
1
18
18
15
7
1
9
17
9
19
16
17
3
19
20
1
17
1
11
1
19
12
16
16
7
1
17
15
19
16
14
14
17
7
1
1
14
16
17
18
17
19
14
3
4
8
11
3
17
2
1
13
17
13
1
1
16
19
15
15
11
11
18
1
11
4
19
13
19
11
17
8
1
3
4
1
19
2
4
8
19
15
4
17
4
5
11
13
17
16
19
17
1
20
17
16
4
1
12
19
9
11
17
19
11
3
14
1
17
15
19
11
15
1
1
19
11
4
7
1
17
15
14
8
5
1
2
16
19
1
17
1
4
2
15
19
17
8
12
17
1
8
16
2
17
1
1
7
1
5
7
4
7
3
19
17
4
5
17
6
1
17
16
11
7
17
13
17
1
16
