17
11
18
4
9
10
9
2
16
11
9
4
9
18
4
13
9
16
4
10
16
10
11
11
19
10
11
19
12
2
4
9
19
4
10
16
20
5
16
2
7
7
17
16
13
12
16
9
4
19
18
7
7
14
5
11
19
13
4
11
5
7
10
9
16
19
19
5
2
8
16
2
6
8
16
1
9
10
18
4
18
4
16
7
10
13
7
6
19
4
8
18
4
8
10
10
9
11
18
8
9
18
8
18
19
1
8
10
9
20
11
4
19
11
6
10
16
16
19
18
15
17
4
9
12
9
9
19
10
4
7
2
8
15
12
18
11
9
18
2
15
16
10
14
15
2
2
18
20
19
14
19
16
3
18
15
4
8
2
10
11
8
11
2
7
3
7
13
13
6
7
11
17
4
19
15
4
16
4
4
2
2
3
18
11
20
9
4
9
10
14
18
15
9
5
9
4
16
4
9
19
11
2
11
11
2
3
18
5
3
15
4
18
19
19
1
18
1
9
16
5
4
9
4
17
11
3
15
10
8
9
18
16
12
11
3
12
14
2
14
8
10
10
8
11
18
6
2
4
4
4
10
1
10
8
16
11
10
8
10
16
8
16
16
9
17
12
10
9
2
19
8
11
9
3
13
11
11
11
8
4
2
11
8
18
12
20
12
4
20
8
10
16
11
11
2
8
9
7
3
19
11
9
18
10
16
2
19
18
1
8
16
12
16
7
9
12
4
11
16
16
4
2
16
11
8
8
8
14
11
3
4
18
12
18
10
8
4
8
9
9
18
18
16
1
2
9
16
4
18
14
10
2
16
11
13
8
8
15
19
8
9
19
9
20
14
18
18
2
8
12
8
18
16
7
16
6
10
9
11
9
9
9
11
11
9
18
1
10
18
7
18
15
16
15
11
16
16
10
8
