3
15
18
2
6
17
12
1
15
9
8
2
10
10
20
13
15
15
3
4
12
20
2
19
2
8
19
3
2
6
13
8
9
19
4
2
8
17
19
19
12
20
13
12
4
8
15
8
4
19
2
20
2
10
5
5
19
5
8
2
8
8
2
16
4
20
2
13
20
2
19
8
12
2
8
8
10
8
18
14
4
5
8
10
13
3
3
7
5
13
13
7
8
1
6
3
1
4
13
13
4
19
17
15
14
5
10
13
13
17
8
8
2
4
20
5
3
3
2
16
4
1
19
14
8
8
20
8
6
20
20
13
19
11
2
7
9
2
5
13
13
20
15
8
20
18
20
15
13
14
8
9
5
4
11
6
4
20
6
6
13
4
19
2
2
19
5
5
20
9
5
1
19
5
19
5
7
18
7
20
10
18
6
8
13
20
20
2
4
17
4
2
20
2
9
20
4
8
20
19
13
10
8
13
20
7
17
4
4
1
1
20
13
8
4
8
2
20
9
7
11
8
15
19
17
20
3
10
17
13
8
19
3
9
19
8
10
2
8
20
13
8
2
8
14
3
13
5
6
20
8
13
13
6
5
2
19
3
19
7
5
9
20
4
13
8
20
2
15
10
7
4
19
8
10
13
19
4
19
15
2
8
2
8
4
19
5
20
5
2
15
2
4
2
20
1
7
4
13
20
15
16
8
19
3
8
2
4
9
18
4
2
10
2
7
8
10
20
3
8
4
8
7
2
8
5
2
4
15
18
4
1
9
20
15
7
8
2
19
13
2
2
3
10
2
17
20
17
8
2
20
8
15
8
8
10
16
17
8
18
4
13
5
4
3
8
16
2
10
14
20
13
13
9
18
6
9
4
13
16
2
10
12
13
1
12
2
8
7
3
4
13
10
2
14
8
17
2
8
9
