14
9
20
20
10
10
8
16
9
12
3
5
1
17
20
9
10
5
16
7
20
20
5
16
5
9
16
15
8
16
17
14
14
9
7
20
8
8
9
16
19
10
20
10
19
8
7
3
5
4
19
10
2
20
9
9
15
20
2
4
9
9
8
17
4
8
2
17
10
19
14
7
13
4
13
16
8
8
13
14
11
2
6
15
14
8
4
12
20
13
19
9
9
2
4
13
8
20
7
2
16
7
20
8
4
20
20
6
19
2
2
4
13
16
2
2
3
10
9
8
2
17
16
5
8
17
9
20
16
3
14
9
8
13
15
9
4
20
2
20
9
2
14
2
3
2
1
8
19
9
7
19
10
2
4
9
15
9
16
20
8
20
5
7
10
2
8
2
3
9
16
4
11
14
11
7
19
20
2
15
2
2
2
8
19
2
14
20
3
1
20
2
15
14
9
16
5
14
8
7
20
9
13
16
4
16
17
4
20
7
5
8
8
20
20
7
20
8
15
16
14
3
5
3
8
19
20
15
9
17
3
6
3
14
1
16
11
2
17
8
8
3
9
1
14
17
3
10
20
14
9
8
16
4
3
10
2
8
20
4
9
8
19
2
20
7
20
16
18
4
8
4
20
18
20
9
2
16
16
2
2
20
11
17
1
5
1
15
6
11
3
2
8
17
20
9
16
14
4
19
11
3
16
20
2
16
9
16
7
3
16
20
19
16
20
2
10
10
1
20
8
15
20
8
14
16
16
20
8
8
5
8
8
2
16
12
4
15
14
6
8
16
20
10
1
16
5
6
16
19
9
16
2
4
6
16
16
17
16
17
10
14
8
15
4
9
18
7
15
9
16
14
19
2
8
9
15
17
9
2
4
16
17
5
9
9
9
15
11
14
20
9
3
16
4
13
4
16
4
10
