8
19
5
1
2
5
16
20
6
13
20
16
7
20
3
8
8
7
10
13
8
3
5
7
2
14
19
17
3
19
16
20
19
2
3
9
20
10
5
3
20
20
20
18
16
13
18
16
5
20
3
13
20
13
10
3
10
5
16
6
4
3
6
8
19
8
2
1
1
16
16
13
8
1
18
5
18
13
5
16
1
17
10
3
1
7
7
3
3
19
7
20
3
13
3
3
1
3
16
3
19
20
6
5
5
17
10
16
5
17
20
16
3
16
20
1
19
20
3
5
16
9
8
16
7
3
14
5
8
3
16
17
17
5
3
3
3
20
3
8
16
7
17
16
14
10
17
19
10
16
1
3
3
20
16
10
20
18
20
5
5
9
16
1
7
12
18
3
18
12
3
13
16
6
3
20
2
16
1
5
18
9
20
8
9
6
20
1
16
5
9
15
19
16
16
16
20
6
5
16
3
18
16
16
13
16
1
1
20
20
15
3
1
17
16
7
1
8
16
16
19
16
10
3
7
16
17
17
3
19
3
10
8
16
3
16
19
11
3
16
16
19
15
18
13
1
16
18
16
5
16
20
5
20
18
6
2
5
10
16
15
15
7
17
5
11
3
16
10
16
20
5
20
16
16
8
7
1
16
17
16
14
5
16
11
3
4
6
5
13
1
17
1
16
5
18
1
3
18
3
8
3
20
14
3
9
17
10
9
3
16
3
7
8
9
17
18
15
20
10
10
16
15
16
6
10
17
20
16
3
4
16
18
19
19
16
1
19
19
7
16
16
10
19
3
20
19
5
5
5
4
1
3
3
5
19
4
1
14
20
14
3
2
3
5
10
3
18
16
19
20
6
10
3
4
13
6
20
20
16
5
10
15
16
6
17
3
6
1
20
13
1
3
16
3
15
5
3
16
16
