3
3
15
11
6
1
19
15
17
6
3
14
4
13
3
11
16
9
5
3
8
19
9
20
7
20
3
15
15
20
9
9
3
17
14
15
14
15
4
8
3
18
7
15
5
14
9
18
10
20
19
18
9
14
9
4
2
3
1
3
15
3
20
4
7
9
11
10
3
9
10
13
20
3
6
15
11
20
9
5
11
4
19
9
15
6
6
20
9
18
5
2
13
6
14
20
10
4
10
4
11
9
14
10
1
19
15
7
13
20
18
11
19
10
9
3
8
20
13
14
12
4
20
15
11
7
18
18
15
3
2
9
10
10
20
10
3
3
3
4
14
11
20
3
13
9
15
9
19
20
19
3
9
15
14
15
3
11
18
6
15
10
19
18
2
6
19
19
10
18
13
14
20
2
20
4
18
6
15
14
20
6
6
4
9
10
9
9
15
13
9
19
14
14
17
15
5
13
4
4
2
4
9
19
20
15
3
2
15
11
3
17
13
3
14
19
18
15
13
3
15
4
9
20
19
4
14
15
9
6
7
9
6
3
17
6
14
1
6
11
20
18
4
14
6
19
14
17
15
19
14
4
19
20
9
3
20
9
10
4
19
6
15
19
20
14
3
17
14
15
11
3
20
6
4
20
14
20
4
14
15
12
10
9
20
12
6
9
15
13
15
19
14
6
15
13
10
14
2
4
9
19
7
4
20
4
9
20
4
20
4
18
19
15
19
7
3
3
1
11
18
15
4
11
8
3
11
7
4
9
3
3
10
7
4
9
11
5
9
17
18
3
10
15
14
20
5
20
6
14
11
20
3
15
18
10
20
15
15
9
18
10
5
15
19
14
20
19
1
10
9
11
10
20
10
11
2
4
19
13
4
3
19
14
1
5
9
4
6
1
9
3
11
18
20
16
4
14
14
3
