17
29 14 29 13
29 2 28 2
22 18 21 18
20 12 20 11
16 17 16 16
16 16 16 15
13 26 12 26
9 22 8 22
2 31 1 31
30 5 30 4
25 18 24 18
21 30 21 29
17 6 17 5
3 20 3 19
22 19 22 18
15 32 15 31
5 16 5 15
187
32 3 32 10
31 21 31 26
31 6 31 7
29 11 29 13
29 5 29 11
28 15 28 18
28 13 28 15
28 13 29 13
28 7 28 13
28 3 32 3
28 2 28 3
27 26 28 26
27 6 31 6
26 26 27 26
26 18 28 18
26 13 28 13
26 12 26 13
26 12 27 12
26 6 26 12
26 6 27 6
26 5 26 6
25 27 25 28
25 27 30 27
25 21 25 27
25 9 25 10
25 6 26 6
25 1 25 6
24 21 25 21
24 6 25 6
22 2 28 2
21 18 21 19
21 1 25 1
19 24 21 24
19 19 21 19
19 11 20 11
19 1 21 1
17 13 17 15
16 15 17 15
16 10 16 15
16 10 25 10
15 10 16 10
14 4 14 7
14 4 16 4
12 26 12 27
12 4 14 4
11 30 18 30
9 32 14 32
8 22 8 23
8 20 8 22
7 26 7 29
7 0 7 9
7 0 8 0
6 9 7 9
5 27 12 27
5 18 5 27
5 0 5 4
5 0 7 0
4 4 5 4
2 26 2 29
2 3 2 7
1 31 1 32
0 22 8 22
32 24 32 25
29 19 29 26
29 4 30 4
29 0 29 4
28 28 28 29
27 25 32 25
26 20 26 24
26 20 31 20
25 15 27 15
24 19 29 19
24 18 24 19
23 29 23 30
21 9 21 12
20 29 21 29
20 26 20 29
20 20 20 26
20 20 26 20
20 17 20 20
19 26 20 26
19 17 19 18
19 17 20 17
19 12 19 14
19 12 21 12
19 7 23 7
18 12 19 12
18 7 19 7
17 26 19 26
17 2 17 5
16 5 17 5
15 7 15 8
15 7 18 7
13 5 16 5
13 3 13 5
13 3 26 3
12 24 14 24
12 21 12 24
12 18 12 21
12 13 12 18
12 10 12 13
12 7 12 10
12 7 13 7
12 3 13 3
11 10 12 10
11 2 11 10
10 26 11 26
10 21 10 26
10 19 10 21
9 25 9 29
9 7 12 7
8 26 10 26
7 12 18 12
7 10 7 12
7 10 11 10
4 10 7 10
3 18 3 19
3 6 3 18
2 19 3 19
2 15 2 19
1 21 1 26
1 20 1 21
0 30 1 30
0 23 0 30
0 7 0 10
0 0 0 7
31 28 31 30
31 28 32 28
30 30 31 30
30 9 30 19
30 9 31 9
30 7 30 9
29 31 29 32
29 30 29 31
29 30 30 30
27 31 29 31
23 18 23 25
22 18 23 18
22 12 22 18
22 6 22 12
22 6 23 6
20 5 21 5
18 25 23 25
18 23 18 25
18 13 25 13
18 5 20 5
17 25 18 25
17 24 17 25
16 31 18 31
16 25 16 31
16 25 17 25
15 31 16 31
15 17 15 31
14 17 15 17
14 15 14 17
14 15 15 15
14 10 14 15
13 6 22 6
12 0 12 1
10 29 12 29
10 6 13 6
10 1 10 6
10 1 12 1
9 23 11 23
9 14 13 14
9 13 9 14
9 11 9 13
9 11 17 11
8 30 9 30
6 15 14 15
6 13 6 15
6 13 9 13
5 15 6 15
5 7 6 7
4 21 4 26
4 15 4 18
4 15 5 15
4 11 4 15
3 21 4 21
2 14 9 14
1 28 19 28
1 11 4 11
1 10 1 11
1 9 1 10
0 15 0 18
0 13 0 15
0 13 6 13
