26
31 28 30 28
18 11 18 10
25 33 25 32
18 9 17 9
33 33 33 32
21 9 20 9
15 10 15 9
15 9 15 8
11 21 11 20
1 36 0 36
38 11 37 11
35 0 34 0
32 22 31 22
29 2 29 1
26 20 26 19
20 4 20 3
8 7 8 6
7 7 7 6
1 12 0 12
38 3 38 2
37 37 37 36
31 38 31 37
23 5 22 5
17 2 17 1
6 19 6 18
4 19 4 18
212
36 17 38 17
36 1 36 2
35 2 36 2
34 6 34 7
34 3 34 6
33 0 33 14
32 6 34 6
30 28 30 29
26 13 26 17
26 7 26 13
26 4 26 7
24 11 24 12
24 4 26 4
21 29 30 29
19 20 19 22
19 20 25 20
19 10 19 14
18 32 19 32
18 10 19 10
14 11 14 14
13 29 13 31
13 29 21 29
11 35 11 37
11 17 11 18
10 18 11 18
9 15 9 20
9 11 14 11
8 22 10 22
8 8 11 8
7 31 7 34
7 3 7 5
7 2 7 3
6 34 7 34
6 32 6 34
6 31 6 32
6 31 7 31
3 16 3 27
3 11 3 16
2 17 2 19
0 24 0 25
0 21 7 21
37 30 37 32
36 32 36 33
36 32 37 32
36 30 36 32
36 30 37 30
36 15 36 16
33 23 33 31
33 23 35 23
33 16 33 23
33 16 36 16
32 14 32 18
32 9 32 14
31 18 32 18
25 1 25 7
24 32 25 32
24 5 28 5
24 1 25 1
21 6 21 8
19 30 19 31
19 30 21 30
17 9 17 10
14 31 19 31
14 30 14 31
14 30 19 30
12 32 12 33
10 3 14 3
9 12 10 12
8 26 11 26
8 11 8 14
7 26 8 26
5 14 8 14
5 9 5 12
4 4 4 7
3 33 3 34
3 33 12 33
1 34 1 35
1 34 3 34
1 26 1 34
0 26 1 26
37 13 37 18
32 32 33 32
32 29 32 32
32 29 38 29
32 28 32 29
32 26 32 28
31 3 31 6
27 9 31 9
26 1 26 2
26 0 26 1
24 18 24 19
22 25 22 30
22 23 22 25
22 19 22 23
21 37 22 37
20 9 20 10
19 33 26 33
19 25 22 25
18 0 18 1
17 0 18 0
15 15 15 16
14 32 14 33
14 8 14 9
14 8 15 8
13 33 14 33
13 14 13 18
12 14 12 15
12 14 13 14
12 12 12 14
12 8 12 12
12 8 14 8
11 16 15 16
11 12 12 12
10 20 10 21
10 20 11 20
5 27 7 27
2 11 2 12
0 36 0 37
0 32 0 36
37 26 37 27
37 11 37 12
36 12 37 12
36 11 36 12
36 11 37 11
34 24 35 24
34 0 34 1
31 23 31 25
31 22 31 23
30 36 32 36
30 34 30 36
30 34 34 34
28 16 28 19
28 1 29 1
26 19 28 19
25 30 25 31
25 30 26 30
25 19 26 19
25 17 25 19
25 14 25 17
25 14 30 14
24 31 25 31
21 3 23 3
20 38 21 38
20 3 21 3
19 38 20 38
19 2 19 5
16 10 16 14
16 9 16 10
12 18 12 30
10 19 11 19
9 32 9 35
9 6 10 6
8 6 9 6
7 19 10 19
7 11 7 19
7 6 8 6
6 26 6 29
5 5 6 5
5 4 5 5
4 24 4 27
4 23 4 24
4 23 9 23
2 35 2 36
1 7 2 7
1 3 1 7
1 1 1 3
0 31 3 31
0 13 4 13
0 12 0 13
0 9 0 12
0 1 1 1
38 12 38 14
37 4 37 8
37 2 37 4
37 2 38 2
36 36 36 37
36 36 37 36
35 32 35 34
35 31 35 32
34 37 36 37
34 36 34 37
34 36 36 36
31 33 31 37
31 13 31 14
31 12 31 13
30 37 31 37
29 6 29 7
27 11 27 17
27 4 27 8
27 4 37 4
25 37 25 38
25 35 25 37
24 37 25 37
22 5 22 6
21 13 22 13
20 28 20 35
20 19 20 21
19 15 19 18
18 37 18 38
18 18 19 18
17 27 17 32
17 26 17 27
16 35 16 36
16 34 16 35
16 1 17 1
15 11 20 11
14 34 16 34
10 36 16 36
6 3 6 4
5 18 6 18
4 18 5 18
3 6 6 6
