13
28 12 27 12
14 8 13 8
11 21 11 20
11 2 11 1
9 27 9 26
7 27 7 26
6 4 5 4
5 5 4 5
5 4 4 4
3 15 2 15
28 15 28 14
21 2 21 1
20 4 20 3
178
27 12 27 13
26 23 28 23
26 19 27 19
25 19 25 20
25 19 26 19
25 14 25 19
25 14 26 14
25 12 25 14
25 2 25 8
24 20 25 20
23 2 25 2
21 26 23 26
21 12 21 13
21 12 25 12
20 19 25 19
20 15 20 16
20 10 20 15
20 7 20 10
20 6 20 7
19 10 20 10
19 5 19 10
19 5 24 5
19 4 19 5
18 18 23 18
18 6 20 6
18 4 18 6
18 4 19 4
18 1 18 4
18 0 18 1
16 18 18 18
15 26 21 26
13 28 15 28
13 9 13 15
13 8 13 9
12 28 13 28
12 22 12 28
12 10 19 10
12 8 12 10
12 8 13 8
12 1 18 1
11 15 11 20
11 15 13 15
11 1 12 1
11 0 11 1
11 0 18 0
10 20 11 20
10 15 10 20
10 15 11 15
10 14 10 15
10 10 10 14
10 7 10 10
10 6 10 7
10 6 18 6
10 4 10 6
10 4 18 4
9 24 9 26
9 15 10 15
9 12 9 15
9 9 9 12
9 9 13 9
9 5 9 9
9 4 9 5
9 4 10 4
8 26 9 26
8 16 8 17
7 26 8 26
7 6 10 6
6 22 12 22
6 9 6 22
6 9 9 9
5 26 7 26
5 16 5 26
5 16 8 16
4 10 10 10
4 8 4 10
4 6 4 8
4 5 4 6
4 4 4 5
4 1 4 4
4 1 11 1
3 26 5 26
3 1 4 1
2 19 20 19
2 16 2 19
2 16 5 16
2 15 2 16
2 0 11 0
1 7 1 18
1 7 10 7
28 13 28 14
27 14 28 14
27 9 28 9
26 12 26 13
26 11 26 12
26 10 26 11
26 8 26 10
26 7 26 8
26 6 26 7
25 24 28 24
25 10 26 10
24 24 25 24
24 7 26 7
24 6 24 7
24 6 26 6
23 20 23 23
23 15 24 15
23 11 23 15
22 21 22 28
21 15 23 15
21 14 21 15
20 24 20 25
20 24 24 24
20 23 20 24
20 23 23 23
20 3 24 3
20 1 20 3
20 1 21 1
19 21 22 21
19 15 19 21
19 3 20 3
19 2 19 3
18 20 18 27
18 20 23 20
18 9 27 9
18 8 18 9
18 7 18 8
17 11 23 11
17 8 17 11
17 8 18 8
16 28 22 28
16 12 16 16
16 9 16 12
16 9 18 9
16 8 16 9
16 8 17 8
15 27 18 27
15 25 20 25
15 14 15 25
15 11 15 14
15 11 17 11
15 3 15 11
15 3 19 3
14 27 15 27
14 23 20 23
14 22 14 23
14 22 26 22
14 11 14 22
14 11 15 11
14 2 14 11
14 2 19 2
13 25 13 26
13 22 13 25
13 22 14 22
13 3 15 3
12 20 18 20
12 18 12 20
12 13 12 18
11 14 15 14
11 10 11 14
10 26 13 26
9 16 16 16
8 11 8 15
8 11 14 11
8 8 8 11
8 5 8 8
8 4 8 5
8 3 8 4
8 3 13 3
7 25 13 25
7 17 7 25
5 13 12 13
5 6 5 13
5 6 6 6
3 20 8 20
3 12 4 12
3 10 3 12
2 20 3 20
0 14 2 14
