23
19 1 19 0
18 29 17 29
16 1 16 0
11 5 11 4
7 21 6 21
26 19 25 19
23 17 23 16
21 24 21 23
21 10 21 9
14 25 13 25
14 24 13 24
14 19 13 19
7 15 7 14
3 31 2 31
31 5 31 4
23 30 23 29
20 4 20 3
14 31 13 31
12 22 11 22
8 9 7 9
7 10 6 10
7 9 6 9
3 21 3 20
179
31 27 32 27
31 22 31 27
30 23 30 24
30 19 30 23
29 31 29 32
29 26 29 31
26 25 26 30
26 12 29 12
26 11 26 12
26 9 26 11
25 13 25 15
25 11 25 13
25 11 26 11
25 2 25 11
25 2 31 2
24 8 24 18
24 3 24 8
22 30 22 31
22 8 24 8
20 16 20 18
20 8 22 8
19 11 19 15
18 6 18 19
18 0 19 0
17 30 22 30
17 29 17 30
17 27 17 29
17 27 18 27
17 9 17 10
17 0 18 0
16 24 16 26
16 16 16 24
16 12 16 16
16 8 16 12
16 0 17 0
15 15 15 20
13 7 13 8
13 6 13 7
13 1 13 6
13 0 13 1
13 0 16 0
12 8 12 11
12 8 13 8
11 28 11 30
11 2 11 4
10 8 12 8
10 5 10 8
10 4 10 5
10 4 11 4
7 26 7 28
7 25 7 26
7 24 7 25
6 21 6 22
5 5 10 5
5 4 5 5
4 25 7 25
2 12 2 17
2 2 11 2
1 19 1 23
0 19 0 26
0 19 1 19
32 3 32 5
32 2 32 3
31 3 32 3
30 3 31 3
28 21 28 28
28 17 28 21
27 28 28 28
27 26 27 28
26 17 28 17
26 16 26 17
26 15 26 16
26 3 26 6
25 20 25 26
25 19 25 20
23 12 23 16
22 16 22 18
22 16 23 16
22 12 23 12
22 9 22 12
22 0 30 0
21 18 21 23
21 18 22 18
21 9 22 9
21 3 21 5
20 23 21 23
20 9 21 9
19 19 19 29
18 31 18 32
18 31 19 31
17 15 17 23
16 6 16 7
15 27 16 27
14 15 14 16
13 26 13 29
13 25 13 26
13 24 13 25
13 21 13 24
13 20 13 21
13 19 13 20
13 14 13 19
13 11 13 14
13 9 13 11
11 20 13 20
10 20 11 20
10 19 10 20
10 19 13 19
10 18 10 19
9 24 13 24
9 21 9 24
9 21 13 21
7 0 8 0
6 19 10 19
6 14 6 19
6 14 7 14
2 31 2 32
2 29 2 31
2 29 8 29
2 27 2 29
2 25 2 27
2 1 10 1
0 8 0 10
0 3 0 8
0 3 1 3
32 17 32 25
31 14 31 16
30 30 30 31
30 4 30 5
30 4 31 4
29 5 30 5
28 4 30 4
28 3 28 4
27 4 28 4
24 20 24 26
23 29 24 29
23 28 23 29
23 20 23 28
23 20 24 20
22 29 23 29
22 25 22 29
22 23 22 25
21 14 22 14
21 12 21 14
21 7 22 7
20 10 20 11
20 0 20 3
19 3 19 8
19 3 20 3
17 5 17 8
14 23 14 26
13 32 17 32
13 31 13 32
12 27 12 28
12 25 12 27
11 22 11 23
11 11 11 14
10 14 11 14
9 16 9 18
8 25 8 26
8 25 12 25
6 11 11 11
6 10 6 11
6 9 6 10
5 15 5 19
5 13 5 15
5 12 5 13
5 11 5 12
5 11 6 11
4 28 6 28
4 26 4 28
4 20 4 24
3 20 4 20
3 15 3 16
3 15 5 15
2 18 2 19
1 29 1 31
1 25 1 29
1 18 2 18
0 31 1 31
