38
22 24 22 23
22 17 22 16
18 31 17 31
16 26 16 25
12 18 11 18
8 4 8 3
5 16 5 15
4 6 3 6
3 7 2 7
3 6 2 6
29 22 29 21
28 29 28 28
28 16 27 16
26 8 25 8
23 13 22 13
16 32 16 31
14 25 14 24
12 12 12 11
11 14 11 13
5 3 5 2
2 4 1 4
1 5 0 5
28 9 28 8
24 17 23 17
23 7 23 6
15 0 14 0
13 9 13 8
11 28 11 27
11 10 11 9
1 3 0 3
31 6 31 5
29 29 28 29
21 31 21 30
20 19 19 19
20 18 19 18
18 22 17 22
18 13 18 12
1 31 0 31
184
32 21 32 23
31 23 32 23
29 4 30 4
29 0 29 4
28 20 28 21
28 17 30 17
27 4 29 4
25 32 27 32
25 31 25 32
25 20 25 27
25 20 28 20
24 31 25 31
24 20 25 20
23 16 24 16
22 16 23 16
21 23 22 23
20 25 24 25
19 5 22 5
19 2 19 5
17 31 17 32
17 27 17 31
17 25 17 27
17 25 20 25
16 25 17 25
16 6 16 11
12 2 12 9
11 19 14 19
11 18 11 19
11 15 13 15
10 19 11 19
9 25 9 26
9 25 10 25
9 3 9 10
8 3 9 3
6 10 9 10
6 9 6 10
4 15 5 15
4 12 4 13
3 15 4 15
3 0 3 3
2 21 2 22
2 7 2 8
2 6 2 7
0 12 4 12
30 27 30 29
30 21 30 27
29 21 30 21
29 6 29 10
27 28 28 28
27 17 27 19
27 16 27 17
27 12 27 16
25 19 27 19
25 16 25 19
25 16 27 16
25 8 25 9
24 5 28 5
24 2 24 5
22 13 22 14
21 27 21 29
21 13 22 13
21 4 23 4
18 32 20 32
18 4 18 11
16 29 16 31
16 20 16 21
16 18 16 20
16 18 18 18
15 31 16 31
15 9 15 10
14 23 14 24
13 31 15 31
13 24 13 25
13 24 14 24
13 21 16 21
13 18 16 18
12 21 13 21
11 11 11 13
11 11 12 11
10 13 11 13
9 19 9 23
9 18 9 19
9 13 10 13
8 23 8 28
8 23 9 23
8 18 8 23
8 18 9 18
8 2 9 2
6 23 8 23
6 2 8 2
5 2 6 2
3 18 3 28
3 16 3 18
3 16 21 16
1 18 1 20
1 9 5 9
0 27 1 27
0 20 1 20
0 18 0 20
0 18 1 18
0 5 0 6
32 17 32 19
32 9 32 11
31 9 32 9
30 9 31 9
30 3 32 3
29 31 29 32
29 30 29 31
28 19 32 19
27 8 28 8
24 6 24 14
23 17 23 18
23 6 24 6
22 6 23 6
22 1 25 1
21 18 23 18
21 17 21 18
21 17 23 17
21 1 22 1
18 15 22 15
15 24 24 24
15 5 15 8
14 29 15 29
14 15 18 15
14 8 14 15
14 8 15 8
14 1 21 1
14 0 14 1
13 8 14 8
13 5 13 6
13 2 13 5
12 1 14 1
11 27 13 27
11 22 11 27
11 3 11 9
10 27 10 31
10 27 11 27
10 26 10 27
10 9 11 9
6 18 6 21
5 6 5 7
5 6 6 6
4 18 6 18
0 26 1 26
0 14 3 14
0 3 0 4
30 30 30 31
30 5 31 5
30 0 30 2
30 0 31 0
28 29 28 30
26 29 28 29
26 11 26 14
26 9 27 9
26 7 26 9
26 6 26 7
26 3 27 3
25 14 26 14
23 8 23 12
21 30 28 30
20 30 21 30
19 30 20 30
19 29 19 30
19 19 19 20
19 18 19 19
19 0 24 0
18 20 19 20
18 12 23 12
17 22 17 23
17 12 18 12
14 4 15 4
13 7 14 7
12 28 13 28
8 1 9 1
6 4 6 5
5 28 5 32
5 13 5 14
5 0 6 0
4 20 4 21
4 14 5 14
3 32 5 32
2 18 2 19
1 13 3 13
0 31 0 32
