18
23 13 22 13
16 1 16 0
13 16 12 16
7 2 7 1
6 5 6 4
5 10 5 9
13 5 12 5
8 18 7 18
14 9 13 9
19 1 19 0
17 13 16 13
13 2 12 2
6 20 6 19
12 19 11 19
11 17 11 16
7 21 6 21
6 22 5 22
4 4 3 4
186
22 13 22 14
21 18 21 19
21 13 22 13
20 19 21 19
20 6 20 7
18 23 20 23
18 20 18 21
18 20 19 20
18 18 18 20
17 14 17 15
17 4 18 4
16 4 17 4
15 0 15 1
15 0 16 0
14 1 15 1
14 0 14 1
14 0 15 0
12 16 12 17
12 0 12 1
10 8 10 9
10 4 10 5
10 3 10 4
8 1 9 1
7 17 9 17
7 16 7 17
7 13 8 13
7 1 8 1
6 11 6 12
5 4 6 4
4 13 4 14
4 9 5 9
4 7 5 7
2 18 2 19
1 22 1 23
1 19 1 20
1 19 2 19
1 2 1 3
1 1 1 2
0 22 1 22
0 3 1 3
21 8 21 9
21 7 21 8
20 21 20 22
16 16 17 16
16 2 17 2
15 20 16 20
15 2 16 2
14 13 14 14
14 2 15 2
13 21 13 22
13 7 13 8
12 12 12 13
12 8 13 8
12 5 12 6
11 6 11 7
11 6 12 6
10 6 11 6
9 14 9 16
9 6 10 6
9 2 10 2
8 6 9 6
7 18 7 19
6 18 7 18
6 17 6 18
6 16 6 17
6 0 6 1
5 16 6 16
4 20 4 22
4 19 4 20
4 0 6 0
3 10 3 11
3 10 6 10
3 8 4 8
1 21 2 21
0 21 1 21
0 20 0 21
0 17 0 20
0 17 1 17
0 4 2 4
23 18 23 20
23 5 23 6
22 20 22 21
22 20 23 20
22 0 22 2
20 1 20 2
18 13 19 13
17 22 18 22
16 17 17 17
15 21 15 22
15 21 16 21
15 17 16 17
15 16 15 17
15 15 15 16
15 15 16 15
15 5 16 5
15 4 15 5
14 12 15 12
14 4 15 4
13 9 13 10
12 20 12 21
11 21 11 22
11 21 12 21
10 18 10 19
9 9 9 10
8 0 10 0
7 20 8 20
4 15 5 15
4 1 4 2
4 1 5 1
3 23 4 23
2 5 2 6
1 10 2 10
1 5 2 5
0 11 0 12
0 7 1 7
23 22 23 23
23 8 23 9
22 23 23 23
22 6 22 7
21 23 22 23
21 6 22 6
20 11 21 11
20 4 21 4
20 3 20 4
18 10 19 10
18 0 19 0
16 13 16 14
15 13 16 13
14 11 15 11
13 15 14 15
13 14 13 15
12 18 13 18
12 15 13 15
12 14 12 15
12 14 13 14
12 2 12 3
11 18 12 18
11 9 12 9
10 20 10 22
10 13 10 14
10 12 10 13
8 22 8 23
8 14 8 15
8 4 8 5
7 5 7 6
7 5 8 5
5 19 6 19
5 5 7 5
4 3 5 3
2 11 2 12
0 5 0 6
23 12 23 14
23 11 23 12
23 2 23 3
21 22 22 22
21 17 22 17
21 15 22 15
21 2 21 3
20 10 22 10
19 18 20 18
19 16 19 18
19 4 19 5
17 6 17 7
17 5 17 6
16 7 16 8
16 7 17 7
15 8 16 8
14 21 14 22
14 8 14 10
14 8 15 8
11 19 11 20
10 16 11 16
9 23 10 23
9 22 9 23
9 11 9 12
9 7 9 8
9 3 9 4
8 19 9 19
8 12 9 12
8 11 8 12
8 11 9 11
6 2 6 3
6 2 8 2
5 22 5 23
3 21 3 22
3 4 3 5
