25
19 5 19 4
17 16 16 16
16 7 16 6
13 22 12 22
13 21 13 20
13 10 13 9
8 20 8 19
2 23 2 22
2 16 2 15
2 15 2 14
1 23 1 22
1 15 1 14
23 23 23 22
23 6 23 5
20 21 20 20
20 20 20 19
20 19 20 18
19 15 18 15
18 16 17 16
18 15 17 15
15 14 15 13
13 18 13 17
13 17 13 16
12 7 11 7
11 20 10 20
164
23 18 23 21
23 16 23 18
23 14 23 16
23 3 23 4
22 21 23 21
22 0 23 0
21 16 23 16
21 8 21 10
20 16 21 16
20 4 23 4
19 16 20 16
19 4 20 4
18 17 18 20
18 13 19 13
18 8 18 13
18 8 21 8
17 20 18 20
17 0 22 0
16 16 16 17
15 17 15 19
15 17 16 17
15 6 15 9
15 6 16 6
14 20 17 20
14 19 14 20
14 19 15 19
14 13 14 19
14 11 14 13
14 11 16 11
14 9 14 11
14 9 15 9
13 20 14 20
13 19 13 20
13 19 14 19
13 9 14 9
13 6 13 9
12 23 15 23
12 22 12 23
12 20 12 22
12 20 13 20
12 9 13 9
12 6 13 6
12 5 12 6
11 22 12 22
11 5 12 5
11 1 11 2
10 22 11 22
10 11 10 12
9 9 12 9
8 19 13 19
8 9 9 9
7 19 7 20
7 19 8 19
7 14 11 14
7 13 7 14
7 12 7 13
7 12 10 12
7 6 7 12
7 6 12 6
6 17 9 17
6 15 6 17
5 22 10 22
5 13 5 22
5 13 7 13
5 7 6 7
4 22 5 22
4 18 4 22
4 14 4 18
4 7 5 7
3 22 4 22
3 21 3 22
3 14 4 14
3 13 3 14
3 11 3 13
3 11 4 11
3 3 5 3
2 22 3 22
2 14 3 14
2 11 2 14
2 11 3 11
2 3 3 3
1 22 2 22
1 14 2 14
0 22 1 22
0 14 1 14
0 9 0 14
0 5 0 6
0 5 1 5
22 22 23 22
22 17 22 18
22 9 22 10
22 8 22 9
22 5 23 5
21 18 22 18
20 18 21 18
19 22 22 22
19 21 19 22
19 20 19 21
19 19 19 20
19 18 19 19
19 18 20 18
19 11 19 12
19 2 19 3
19 2 20 2
18 22 19 22
17 16 17 17
17 15 17 16
17 13 17 15
17 11 17 13
17 10 17 11
16 22 18 22
16 15 17 15
16 13 16 15
16 13 17 13
15 21 19 21
15 13 16 13
15 10 17 10
14 22 16 22
14 6 14 8
14 5 14 6
14 5 22 5
14 1 14 5
14 1 23 1
13 14 13 16
13 11 13 14
12 16 12 17
12 16 13 16
12 14 12 16
12 14 13 14
12 1 14 1
11 17 12 17
11 7 11 8
10 20 10 21
10 7 11 7
9 21 10 21
9 20 9 21
9 20 10 20
9 15 10 15
9 4 9 5
9 3 9 4
9 0 9 3
8 8 11 8
8 7 8 8
8 7 10 7
7 21 9 21
7 15 9 15
7 5 9 5
6 5 6 6
6 5 7 5
6 0 6 5
6 0 9 0
4 8 5 8
4 0 4 1
4 0 6 0
3 5 6 5
2 8 2 9
2 8 4 8
2 5 2 8
2 5 3 5
1 21 2 21
1 9 2 9
0 21 1 21
0 20 0 21
0 8 2 8
