37
26 8 25 8
25 9 24 9
23 25 23 24
23 18 22 18
10 11 10 10
5 9 4 9
27 3 27 2
23 14 23 13
20 12 20 11
16 13 15 13
15 22 15 21
12 17 12 16
10 13 9 13
10 12 9 12
10 9 9 9
9 23 9 22
5 26 5 25
5 25 5 24
1 27 1 26
22 3 21 3
16 23 15 23
13 26 13 25
12 15 12 14
11 24 11 23
9 11 8 11
7 17 6 17
6 5 6 4
2 7 2 6
25 18 25 17
19 25 18 25
19 13 19 12
17 10 17 9
17 1 17 0
6 9 6 8
3 27 3 26
2 17 1 17
2 9 2 8
217
26 22 26 24
26 21 26 22
26 4 27 4
25 15 26 15
25 1 25 3
24 24 26 24
24 9 24 10
24 1 25 1
23 24 24 24
23 4 26 4
23 1 23 4
23 1 24 1
22 19 22 20
22 18 22 19
21 24 23 24
21 19 22 19
21 17 21 19
20 15 20 16
20 13 20 15
20 10 22 10
19 19 19 22
19 16 20 16
18 15 20 15
17 22 19 22
17 20 17 22
17 3 17 4
16 2 19 2
15 26 17 26
15 20 17 20
15 16 15 17
14 26 15 26
14 16 15 16
14 15 14 16
14 13 14 15
12 10 12 12
12 3 13 3
11 25 11 26
11 13 14 13
11 12 11 13
11 12 12 12
11 10 11 12
11 10 12 10
10 10 11 10
8 17 9 17
7 15 8 15
6 11 7 11
4 17 4 19
4 15 4 17
4 15 7 15
4 13 4 15
4 12 4 13
4 11 4 12
4 11 6 11
4 10 4 11
4 9 4 10
3 13 4 13
2 5 3 5
1 10 4 10
27 15 27 16
26 2 27 2
22 13 23 13
21 26 21 27
21 21 21 23
21 21 22 21
21 2 22 2
20 21 21 21
20 19 20 21
20 17 20 19
20 2 21 2
19 11 20 11
19 6 20 6
18 6 19 6
17 27 21 27
17 17 18 17
16 17 17 17
16 3 16 4
15 13 15 14
15 9 15 13
14 21 15 21
14 8 14 11
14 3 16 3
14 2 14 3
13 0 14 0
11 16 11 17
11 16 12 16
10 22 11 22
10 16 11 16
9 22 10 22
9 16 10 16
9 13 9 14
9 12 9 13
9 9 9 10
9 5 9 9
9 4 9 5
8 26 9 26
8 22 9 22
8 21 8 22
8 16 9 16
8 13 9 13
7 14 9 14
7 13 7 14
7 13 8 13
6 13 7 13
5 24 6 24
4 25 4 27
4 24 4 25
4 24 5 24
3 1 3 3
2 1 3 1
0 26 0 27
0 26 1 26
26 7 26 10
26 6 26 7
25 26 26 26
25 14 26 14
25 7 26 7
24 26 25 26
22 7 22 9
22 7 25 7
21 4 21 5
21 3 21 4
21 0 22 0
20 7 22 7
19 9 22 9
17 7 20 7
16 16 18 16
15 23 15 24
13 8 13 10
12 25 13 25
12 22 12 25
11 14 11 15
11 14 12 14
11 8 11 9
11 8 13 8
11 0 12 0
10 23 11 23
10 15 11 15
10 14 10 15
10 14 11 14
10 8 11 8
10 6 12 6
10 5 10 6
10 4 10 5
8 11 8 12
7 22 7 25
7 9 7 10
6 22 7 22
6 21 6 22
6 18 6 21
6 18 8 18
6 17 6 18
6 2 9 2
5 10 7 10
5 4 5 10
5 4 6 4
1 20 1 21
1 20 2 20
1 6 1 7
1 6 2 6
1 3 1 6
1 1 1 3
0 7 1 7
27 17 27 21
26 17 27 17
25 17 26 17
25 16 25 17
25 10 25 11
24 13 24 22
23 27 24 27
23 22 24 22
23 20 23 22
23 15 23 16
23 11 23 12
22 22 23 22
21 12 23 12
21 11 21 12
21 11 23 11
19 12 21 12
18 26 20 26
18 25 18 26
18 12 19 12
18 11 18 12
18 9 18 11
18 0 20 0
17 18 19 18
17 9 18 9
17 0 18 0
16 11 16 14
16 11 18 11
15 25 18 25
10 7 11 7
10 1 10 3
9 24 9 25
9 19 13 19
9 3 10 3
8 3 8 4
8 3 9 3
7 7 7 8
7 5 7 7
7 4 7 5
7 4 8 4
7 3 7 4
7 3 8 3
6 8 7 8
6 7 6 8
6 7 7 7
6 3 7 3
6 1 10 1
5 12 5 13
5 1 5 2
5 1 6 1
4 2 5 2
3 20 3 21
2 26 3 26
2 23 4 23
1 17 1 18
1 8 2 8
