28
41 27 40 27
36 6 36 5
31 6 30 6
25 0 24 0
17 43 16 43
7 37 7 36
4 15 4 14
42 44 42 43
35 35 34 35
32 13 32 12
28 20 27 20
21 31 20 31
4 31 4 30
26 12 25 12
9 12 9 11
6 41 6 40
4 44 4 43
32 27 31 27
32 11 32 10
24 37 24 36
10 20 9 20
2 5 1 5
44 23 43 23
41 24 41 23
37 22 37 21
16 12 16 11
13 32 13 31
1 19 1 18
174
41 20 41 21
40 27 40 28
39 20 41 20
38 2 38 3
35 5 36 5
32 28 32 35
30 6 30 7
27 3 38 3
24 0 24 1
20 25 29 25
19 28 19 30
19 26 19 28
19 26 27 26
19 25 19 26
19 25 20 25
17 30 19 30
17 14 19 14
16 43 16 44
16 28 19 28
16 24 16 28
16 18 16 24
15 31 15 33
12 28 16 28
11 18 16 18
6 36 7 36
6 3 9 3
4 14 8 14
3 20 3 27
3 14 4 14
1 20 3 20
1 0 1 1
0 42 2 42
0 5 0 10
0 3 0 5
0 1 0 3
0 1 1 1
44 34 44 35
43 20 43 22
42 40 42 41
41 43 42 43
34 36 34 38
34 35 34 36
33 18 33 28
33 17 33 18
33 12 33 17
33 12 34 12
32 12 33 12
30 18 30 30
30 18 33 18
28 6 28 10
27 37 28 37
27 20 27 21
26 36 26 40
26 29 26 36
24 21 27 21
23 6 25 6
20 32 20 42
20 31 20 32
20 19 20 24
19 7 19 10
18 31 20 31
18 0 18 2
17 32 17 34
11 21 11 28
11 21 14 21
11 4 13 4
10 42 20 42
9 15 22 15
6 13 10 13
5 18 5 20
5 18 8 18
4 28 4 30
4 3 4 8
3 30 3 38
3 30 4 30
3 18 5 18
42 18 42 21
41 18 42 18
32 25 32 26
32 4 32 7
30 43 31 43
30 37 30 43
30 9 30 17
30 9 37 9
27 41 29 41
26 41 27 41
25 12 25 13
24 44 41 44
23 29 23 31
21 44 24 44
20 16 21 16
19 17 30 17
19 16 19 17
19 16 20 16
12 36 12 41
12 34 12 36
9 16 19 16
9 11 11 11
8 11 8 12
8 11 9 11
7 23 7 32
6 34 12 34
5 40 6 40
3 43 4 43
2 1 11 1
38 12 42 12
35 12 38 12
35 10 35 12
33 37 33 43
33 10 35 10
32 43 33 43
32 10 33 10
31 28 31 29
31 27 31 28
30 2 36 2
28 0 35 0
25 24 26 24
23 36 23 37
23 36 24 36
23 2 30 2
22 37 23 37
20 18 21 18
20 9 25 9
18 35 18 36
18 35 19 35
16 36 18 36
15 35 18 35
10 44 11 44
9 20 9 21
4 34 5 34
2 15 2 18
1 35 2 35
1 6 1 7
1 5 1 6
0 39 0 41
0 35 1 35
43 23 43 24
43 10 43 11
42 35 42 38
42 23 42 27
42 23 43 23
41 23 42 23
40 8 40 9
39 38 42 38
39 8 40 8
38 23 41 23
38 19 38 23
38 19 39 19
37 5 37 7
36 21 37 21
34 8 39 8
33 32 35 32
32 36 32 41
32 8 34 8
30 4 30 5
29 27 29 28
29 10 29 16
29 5 29 10
29 5 30 5
28 28 29 28
24 12 24 13
23 3 23 4
20 13 24 13
15 11 16 11
15 6 16 6
12 31 12 33
12 31 13 31
10 39 11 39
6 5 6 7
5 4 9 4
5 2 5 4
5 2 8 2
1 16 1 18
0 18 1 18
