20
25 8 24 8
24 23 23 23
24 22 24 21
24 15 24 14
18 20 17 20
15 26 15 25
11 26 11 25
10 26 10 25
5 8 4 8
26 17 26 16
25 25 24 25
24 17 24 16
20 18 20 17
14 11 14 10
12 21 12 20
10 13 10 12
8 23 8 22
8 15 8 14
8 4 8 3
1 25 0 25
152
25 21 26 21
25 19 25 21
25 10 25 11
24 21 25 21
24 9 24 14
24 8 24 9
23 23 23 24
23 14 24 14
23 9 24 9
23 6 23 9
23 6 26 6
22 23 23 23
22 17 22 20
22 16 22 17
22 14 22 16
22 14 23 14
21 14 22 14
21 8 21 14
20 22 20 24
18 14 18 16
18 14 21 14
18 13 18 14
17 24 20 24
17 23 17 24
17 21 17 23
17 20 17 21
17 18 17 20
16 10 20 10
16 0 16 10
16 0 22 0
15 24 15 25
15 9 15 15
15 7 15 9
14 25 15 25
14 20 14 25
14 20 17 20
13 17 13 19
13 17 16 17
13 1 13 2
13 0 13 1
13 0 16 0
12 25 14 25
12 24 12 25
12 22 12 24
12 19 13 19
12 16 12 19
12 16 18 16
12 9 15 9
11 25 12 25
10 25 11 25
10 24 10 25
10 24 12 24
10 18 10 24
10 6 11 6
9 9 12 9
9 5 9 9
9 0 9 5
8 18 10 18
8 6 8 7
7 12 7 15
6 19 6 20
6 6 6 11
6 6 8 6
5 19 6 19
5 2 5 4
5 0 5 2
5 0 9 0
4 19 4 25
4 19 5 19
4 8 4 9
4 2 5 2
3 19 3 23
3 19 4 19
2 23 3 23
2 0 5 0
1 19 3 19
0 13 0 17
0 13 3 13
0 9 4 9
0 1 0 9
26 14 26 16
26 11 26 14
26 10 26 11
25 16 26 16
25 14 25 16
25 14 26 14
24 25 24 26
24 16 25 16
24 2 24 3
23 17 23 22
23 3 24 3
22 22 23 22
21 24 22 24
21 21 21 24
20 16 20 17
19 26 20 26
19 17 19 20
19 17 20 17
18 1 19 1
17 26 19 26
14 19 15 19
14 6 14 7
13 20 13 24
13 10 14 10
13 7 13 8
13 7 14 7
13 3 13 7
12 20 13 20
12 11 12 14
12 3 13 3
11 11 11 12
11 11 12 11
11 10 11 11
11 10 13 10
11 7 13 7
10 12 11 12
10 3 12 3
9 14 12 14
8 21 8 22
8 20 8 21
8 14 9 14
8 12 10 12
7 22 8 22
7 21 7 22
7 21 8 21
7 18 7 21
7 3 8 3
6 21 7 21
6 18 7 18
6 14 6 18
5 24 5 25
5 21 5 24
5 21 6 21
5 18 6 18
5 7 5 18
4 4 4 6
3 6 3 8
3 6 4 6
3 4 3 6
3 4 4 4
2 17 3 17
2 15 2 17
2 6 3 6
1 18 5 18
1 17 1 18
1 17 2 17
1 16 1 17
1 15 1 16
1 15 2 15
0 26 17 26
0 25 0 26
0 20 0 25
