22
21 17 21 16
21 5 21 4
21 4 21 3
18 20 18 19
12 13 12 12
10 0 9 0
9 20 9 19
9 13 8 13
7 17 7 16
6 7 6 6
20 17 19 17
20 11 20 10
17 15 16 15
16 8 16 7
6 21 6 20
4 12 3 12
21 12 20 12
14 6 14 5
13 2 13 1
6 11 6 10
3 15 2 15
2 17 1 17
169
20 16 21 16
20 3 20 4
20 3 21 3
18 14 18 15
18 14 19 14
18 11 18 12
17 19 18 19
17 11 18 11
17 6 17 9
16 2 16 4
15 17 16 17
15 9 15 13
15 9 17 9
14 17 15 17
14 2 16 2
13 14 14 14
11 12 12 12
11 3 11 4
11 2 11 3
11 1 11 2
9 18 9 19
9 17 9 18
9 0 9 1
8 19 8 21
8 19 9 19
8 13 8 14
8 11 8 13
8 9 8 11
8 9 9 9
8 5 8 9
8 5 9 5
7 13 8 13
7 12 7 13
7 0 9 0
6 17 6 18
6 16 6 17
6 16 7 16
5 6 5 7
5 6 6 6
5 4 5 6
5 4 6 4
5 0 7 0
4 21 5 21
4 14 4 21
4 13 4 14
4 11 5 11
4 0 5 0
3 14 4 14
3 11 4 11
2 21 4 21
2 19 2 21
2 18 2 19
2 11 3 11
2 2 4 2
1 11 2 11
1 8 1 9
1 8 2 8
1 2 1 3
1 2 2 2
0 13 0 15
0 11 1 11
0 10 0 11
20 19 21 19
20 10 21 10
20 9 20 10
20 0 21 0
19 19 20 19
19 18 19 19
19 17 19 18
18 17 19 17
18 10 20 10
18 9 18 10
18 8 18 9
17 17 17 18
17 17 18 17
17 10 18 10
16 18 17 18
16 15 16 16
16 13 17 13
16 10 16 13
16 10 17 10
16 5 16 7
15 7 16 7
15 5 15 7
15 5 16 5
15 4 15 5
14 12 14 13
14 9 14 12
14 8 14 9
13 20 16 20
13 8 14 8
13 3 14 3
12 16 16 16
11 21 12 21
11 14 11 21
11 6 11 7
11 6 12 6
10 14 11 14
9 6 9 7
9 6 11 6
8 4 9 4
7 18 7 19
6 19 6 20
6 19 7 19
5 20 6 20
4 1 8 1
3 12 3 13
3 10 4 10
2 5 3 5
1 13 1 14
1 12 1 13
1 12 3 12
0 12 1 12
21 8 21 9
20 18 21 18
20 13 20 14
20 12 20 13
20 1 20 2
19 15 21 15
19 5 19 9
19 5 20 5
19 3 19 5
18 6 18 7
18 5 18 6
18 5 19 5
17 16 18 16
17 14 17 16
16 14 17 14
16 1 17 1
14 4 14 5
14 1 16 1
13 18 13 19
13 18 15 18
13 5 14 5
13 1 14 1
12 11 13 11
12 8 12 11
12 5 13 5
11 8 12 8
10 5 12 5
10 4 10 5
8 17 8 18
8 2 9 2
7 15 8 15
7 5 7 6
7 4 7 5
7 3 7 4
7 2 7 3
7 2 8 2
6 9 6 10
6 8 6 9
6 5 7 5
5 17 5 18
5 13 5 17
5 10 6 10
5 9 5 10
5 9 6 9
4 9 5 9
3 9 4 9
3 7 3 9
3 6 3 7
3 6 4 6
2 15 2 16
2 13 2 15
2 9 2 10
2 9 3 9
1 17 1 18
1 15 2 15
0 5 1 5
