32
26 27 25 27
26 9 26 8
25 28 24 28
25 27 25 26
19 19 18 19
17 7 17 6
14 8 14 7
20 21 20 20
20 2 20 1
16 19 16 18
28 5 27 5
27 22 27 21
24 19 24 18
22 20 21 20
19 22 19 21
11 12 11 11
9 15 9 14
8 6 8 5
6 15 6 14
5 3 4 3
3 8 2 8
2 14 2 13
28 14 27 14
28 9 28 8
23 20 23 19
21 27 21 26
19 25 19 24
13 13 13 12
12 21 11 21
7 28 6 28
7 8 7 7
2 10 1 10
195
29 25 29 28
29 12 29 15
29 9 29 12
29 1 29 3
28 15 29 15
26 7 26 8
25 21 25 22
25 8 26 8
25 7 25 8
25 7 26 7
24 28 24 29
24 26 25 26
24 2 25 2
23 26 24 26
22 2 22 4
21 13 21 15
20 15 21 15
20 13 20 15
20 13 21 13
19 13 20 13
18 28 24 28
18 19 18 20
18 6 21 6
17 22 17 27
17 6 18 6
15 15 20 15
14 28 18 28
14 13 14 17
14 13 16 13
13 28 14 28
13 27 13 28
13 7 14 7
12 7 12 8
12 7 13 7
12 6 12 7
11 18 12 18
10 10 12 10
10 6 12 6
9 6 9 7
9 6 10 6
8 0 10 0
7 12 8 12
5 14 5 20
4 0 8 0
3 5 3 6
3 3 3 5
3 0 4 0
2 16 3 16
1 1 1 6
1 0 1 1
0 26 2 26
26 18 27 18
24 7 24 10
23 7 24 7
23 5 23 7
22 29 23 29
22 11 23 11
22 6 22 11
21 11 22 11
20 16 20 20
20 11 21 11
20 10 20 11
19 20 20 20
19 18 19 20
19 12 24 12
19 3 19 4
19 1 20 1
18 4 19 4
17 12 19 12
15 18 16 18
14 21 14 25
14 11 20 11
14 10 14 11
14 10 20 10
13 15 13 16
13 14 13 15
11 29 22 29
10 27 12 27
10 24 12 24
9 8 9 10
8 27 8 29
8 15 8 18
7 27 8 27
7 26 7 27
7 24 7 26
7 24 10 24
7 10 9 10
7 1 7 3
7 1 8 1
6 1 7 1
5 26 7 26
4 1 6 1
3 20 3 21
3 9 5 9
2 20 3 20
1 20 2 20
0 25 3 25
28 24 29 24
28 21 28 24
28 0 28 1
27 21 28 21
27 19 27 21
27 5 27 6
27 0 28 0
26 21 27 21
25 5 27 5
25 4 25 5
24 18 25 18
24 14 24 18
23 18 24 18
23 3 24 3
23 2 23 3
22 18 23 18
21 22 21 23
21 21 21 22
21 20 21 21
21 18 21 20
21 18 22 18
19 21 21 21
18 21 19 21
18 5 20 5
16 23 16 27
16 6 16 8
16 3 16 6
16 3 18 3
16 2 16 3
15 6 16 6
15 4 15 6
14 6 15 6
13 18 13 20
13 8 13 10
13 8 16 8
13 3 13 5
12 3 13 3
10 11 11 11
8 14 9 14
7 20 7 21
7 20 8 20
7 14 7 20
7 14 8 14
7 9 8 9
7 5 8 5
6 14 7 14
4 3 4 4
3 28 3 29
2 8 2 9
1 13 2 13
28 26 28 29
28 25 28 26
27 16 28 16
27 15 27 16
27 14 27 15
27 11 27 12
27 11 28 11
27 8 28 8
26 11 27 11
25 19 26 19
25 15 27 15
24 4 24 6
23 19 25 19
22 19 23 19
22 15 23 15
21 24 21 26
21 24 26 24
20 26 21 26
20 24 21 24
20 22 20 24
19 24 20 24
16 20 16 21
16 1 17 1
15 23 15 24
12 12 12 14
12 12 13 12
11 21 11 22
11 5 12 5
11 3 11 5
10 22 11 22
10 20 10 22
10 5 11 5
6 28 6 29
6 8 6 10
6 7 6 8
6 7 7 7
6 4 7 4
6 3 6 4
5 10 5 12
5 10 6 10
5 4 6 4
4 5 4 6
2 0 2 4
1 10 1 11
0 22 4 22
0 20 0 22
0 18 0 20
0 14 0 18
