35
40 18 40 17
33 18 32 18
33 17 32 17
14 31 13 31
5 37 5 36
5 36 5 35
4 36 4 35
0 36 0 35
41 32 40 32
35 35 34 35
34 36 33 36
32 23 32 22
29 41 28 41
20 26 19 26
7 21 6 21
28 17 28 16
28 16 28 15
23 24 22 24
16 24 16 23
13 5 13 4
6 24 5 24
3 19 2 19
38 4 38 3
21 16 20 16
6 0 5 0
5 16 4 16
37 25 36 25
34 8 34 7
22 31 21 31
20 11 20 10
15 34 14 34
12 17 11 17
11 8 11 7
2 31 2 30
2 25 2 24
199
42 26 43 26
39 17 40 17
38 20 38 21
34 27 37 27
32 18 32 19
32 17 32 18
30 17 32 17
29 28 30 28
29 25 29 28
29 25 31 25
28 19 28 22
28 19 32 19
28 5 28 8
27 22 27 24
27 22 28 22
27 20 27 22
25 22 27 22
23 25 24 25
21 10 21 14
21 8 21 10
21 2 24 2
20 43 27 43
20 6 22 6
20 1 27 1
18 7 18 9
17 1 20 1
16 1 17 1
16 0 16 1
15 3 15 12
13 31 13 32
9 30 9 34
9 30 11 30
5 35 6 35
4 35 5 35
2 8 7 8
1 35 4 35
1 28 2 28
0 35 1 35
43 17 43 23
41 12 41 14
40 32 40 33
39 14 41 14
39 5 39 14
38 22 39 22
37 14 39 14
33 36 33 37
33 31 37 31
33 26 33 31
33 22 33 26
33 22 38 22
32 33 32 35
32 22 33 22
31 37 33 37
28 41 28 42
28 37 28 41
27 36 33 36
26 16 26 18
25 37 25 38
25 37 28 37
20 41 20 42
20 41 24 41
19 26 19 27
18 26 19 26
16 4 21 4
14 42 18 42
13 42 14 42
12 1 13 1
10 13 10 15
10 12 10 13
6 21 6 22
6 17 6 21
6 16 6 17
5 13 10 13
3 28 8 28
3 26 3 28
1 40 1 42
1 3 1 8
0 29 0 30
43 5 43 7
42 33 42 35
42 7 42 8
42 7 43 7
39 29 39 30
38 19 40 19
35 38 35 41
32 7 32 15
32 1 36 1
31 27 31 33
31 26 31 27
31 15 32 15
29 12 29 13
28 15 31 15
27 15 27 16
27 15 28 15
23 16 25 16
23 4 23 8
22 24 22 25
22 22 22 24
17 9 17 16
17 7 17 9
15 23 16 23
12 4 13 4
10 0 14 0
7 27 9 27
7 6 8 6
7 2 9 2
5 25 8 25
5 24 5 25
4 3 4 7
4 0 4 3
3 38 4 38
2 19 2 20
43 34 43 39
39 27 41 27
38 29 38 34
37 42 38 42
37 29 38 29
37 28 37 29
37 15 40 15
37 3 38 3
36 15 37 15
35 18 36 18
34 34 38 34
34 29 37 29
29 42 37 42
29 39 29 42
29 37 29 39
28 32 29 32
24 0 29 0
20 16 20 17
18 29 19 29
18 22 18 24
18 12 18 22
17 39 17 40
17 39 23 39
17 35 17 39
16 39 17 39
15 39 16 39
15 18 15 20
14 18 15 18
13 43 15 43
13 40 17 40
11 22 18 22
10 43 13 43
10 36 14 36
10 28 16 28
10 17 10 28
10 1 10 5
7 36 7 37
7 36 10 36
7 34 7 36
7 34 8 34
6 5 6 7
5 0 5 1
4 16 4 17
3 30 3 33
1 23 1 26
1 17 1 23
0 24 0 28
0 10 0 13
39 31 41 31
37 36 37 41
36 25 36 26
35 26 36 26
35 16 36 16
34 5 34 7
34 5 37 5
34 2 34 5
33 33 33 35
33 7 34 7
32 2 34 2
29 2 32 2
27 2 29 2
25 28 26 28
25 26 25 28
24 28 25 28
21 31 21 32
21 28 24 28
21 22 21 28
19 10 20 10
18 32 18 33
18 32 21 32
18 5 18 6
14 34 14 35
13 35 14 35
12 39 12 42
11 17 11 18
11 5 11 7
10 42 12 42
10 38 10 42
10 7 11 7
6 39 6 43
5 20 5 23
3 24 4 24
2 29 2 30
2 24 3 24
1 30 2 30
0 34 5 34
0 18 0 21
