28
26 27 26 26
21 27 21 26
21 22 20 22
20 23 19 23
20 22 19 22
17 19 17 18
16 15 16 14
15 12 14 12
15 9 15 8
14 21 13 21
13 22 12 22
13 21 13 20
5 3 5 2
4 26 3 26
3 16 3 15
27 17 26 17
25 14 25 13
24 3 24 2
22 24 21 24
20 11 19 11
20 2 19 2
19 12 18 12
19 11 18 11
17 16 16 16
16 22 15 22
5 14 5 13
4 7 4 6
1 26 1 25
151
27 8 27 11
27 3 27 8
26 11 27 11
26 9 26 11
25 26 26 26
25 11 26 11
25 9 25 11
25 9 26 9
24 13 24 16
24 5 24 13
23 6 23 7
22 26 25 26
22 16 24 16
21 26 22 26
19 24 19 25
19 23 19 24
19 22 19 23
19 16 19 22
19 8 19 9
18 22 19 22
18 20 18 22
18 18 18 20
18 14 18 18
18 8 19 8
18 4 18 8
18 1 18 4
17 18 18 18
17 14 18 14
17 2 17 6
16 14 17 14
16 10 16 14
16 8 16 10
16 8 18 8
15 8 16 8
14 12 14 13
14 9 14 12
14 6 14 9
14 2 14 3
13 18 13 20
13 18 17 18
13 17 13 18
13 15 13 17
13 5 13 15
13 3 13 5
13 3 14 3
12 22 12 23
12 20 12 22
12 20 13 20
12 17 12 20
12 17 13 17
11 2 11 4
11 2 14 2
11 1 11 2
11 1 18 1
10 19 10 22
10 18 10 19
10 15 13 15
9 15 9 17
9 15 10 15
9 1 11 1
8 22 10 22
7 22 8 22
7 12 7 22
6 26 21 26
6 12 7 12
6 0 7 0
4 9 4 14
4 2 5 2
3 27 5 27
3 26 3 27
3 14 3 15
3 14 4 14
3 0 6 0
2 27 3 27
2 15 3 15
2 4 3 4
2 2 2 4
2 2 4 2
2 0 2 2
2 0 3 0
1 15 2 15
1 9 4 9
26 22 26 23
26 18 26 22
26 17 26 18
26 13 26 17
26 5 26 8
25 13 26 13
25 2 27 2
24 2 25 2
23 10 23 13
22 8 22 9
22 1 22 8
21 24 21 25
21 16 21 24
21 3 21 6
19 3 19 7
19 3 21 3
19 2 19 3
18 13 23 13
18 12 18 13
18 11 18 12
17 11 18 11
17 10 17 11
17 10 23 10
17 9 17 10
16 16 16 17
16 2 16 3
15 23 18 23
15 22 15 23
14 22 14 25
14 22 15 22
14 20 14 22
14 16 16 16
13 0 16 0
12 9 12 10
12 0 13 0
11 20 11 22
11 18 11 20
11 7 11 8
11 6 11 7
11 0 12 0
10 10 12 10
10 6 10 10
10 6 11 6
9 27 12 27
9 2 9 3
7 10 10 10
7 1 7 10
6 13 6 18
5 13 6 13
5 6 5 13
5 4 5 6
4 6 5 6
3 25 14 25
3 6 4 6
3 5 3 6
3 1 7 1
2 11 3 11
1 25 3 25
1 23 1 25
1 23 8 23
1 11 1 12
1 11 2 11
1 5 3 5
0 25 0 26
0 25 1 25
0 24 0 25
0 22 0 24
0 9 0 22
0 3 0 9
