29
22 18 22 17
20 22 20 21
13 1 13 0
11 13 10 13
9 0 8 0
8 1 7 1
8 0 7 0
6 18 6 17
5 5 5 4
5 4 5 3
3 20 2 20
3 19 3 18
1 4 0 4
13 16 13 15
13 4 12 4
13 3 12 3
10 16 10 15
9 8 8 8
9 1 9 0
3 8 2 8
3 0 2 0
2 4 1 4
2 3 2 2
18 18 17 18
14 12 14 11
14 6 14 5
10 21 10 20
4 8 3 8
1 11 1 10
199
22 16 22 17
22 15 22 16
21 17 22 17
21 15 21 17
21 15 22 15
21 8 22 8
21 2 21 8
20 20 20 21
20 15 21 15
20 8 21 8
20 7 20 8
19 21 20 21
19 8 20 8
19 2 19 5
19 1 19 2
19 0 19 1
18 17 21 17
18 16 18 17
18 1 19 1
17 11 18 11
17 5 19 5
17 1 18 1
17 0 17 1
16 16 18 16
16 11 17 11
16 6 16 8
15 18 15 19
15 18 16 18
15 16 16 16
15 8 16 8
15 6 16 6
14 10 15 10
14 0 17 0
13 20 13 21
13 7 13 9
13 0 14 0
12 21 13 21
12 9 13 9
12 7 13 7
11 9 12 9
10 13 10 14
9 13 10 13
9 4 9 5
9 4 10 4
9 2 9 4
7 6 7 8
7 1 7 2
7 0 7 1
6 15 6 17
6 6 7 6
5 17 5 18
5 17 6 17
5 14 8 14
5 12 5 14
5 10 5 12
5 2 5 3
5 2 7 2
4 18 5 18
4 15 4 16
4 6 6 6
4 4 4 6
4 3 4 4
4 3 5 3
4 2 4 3
4 2 5 2
4 0 4 2
4 0 7 0
3 18 4 18
2 20 2 21
1 12 1 16
1 6 1 8
1 6 4 6
0 4 0 5
22 1 22 2
20 14 21 14
20 12 20 14
19 6 19 7
18 8 18 9
18 6 18 8
18 6 19 6
18 3 18 4
16 21 18 21
16 20 16 21
16 20 17 20
16 14 20 14
16 10 17 10
16 9 16 10
16 4 18 4
15 1 15 2
14 20 16 20
14 18 14 20
14 17 14 18
14 17 15 17
14 15 14 17
14 14 14 15
13 15 14 15
12 15 13 15
12 13 13 13
12 11 12 13
12 5 12 6
12 4 12 5
12 3 12 4
12 1 12 3
12 1 15 1
12 0 12 1
11 19 13 19
11 15 12 15
11 12 11 15
11 10 11 12
11 5 12 5
10 15 11 15
10 12 11 12
10 0 12 0
9 12 10 12
9 0 10 0
8 10 11 10
8 9 8 10
8 8 8 9
7 12 9 12
7 9 8 9
6 10 8 10
4 19 4 20
4 19 6 19
4 11 4 13
3 16 3 17
3 15 3 16
2 22 5 22
2 17 3 17
2 8 2 9
2 1 2 2
2 0 2 1
1 4 1 5
1 2 1 4
1 2 2 2
1 1 1 2
1 1 2 1
0 22 2 22
0 20 0 22
0 19 0 20
0 15 0 17
22 12 22 13
21 21 22 21
21 18 21 21
21 10 21 11
21 0 21 1
20 10 21 10
20 9 20 10
17 18 17 19
17 6 17 9
16 19 17 19
16 15 17 15
16 3 17 3
15 22 19 22
15 21 15 22
15 15 16 15
15 14 15 15
15 11 15 14
15 3 15 4
15 3 16 3
14 21 15 21
14 11 15 11
14 4 14 5
14 4 15 4
14 2 14 4
13 5 14 5
12 22 13 22
12 10 13 10
11 22 12 22
11 20 11 22
11 3 11 4
11 1 11 3
10 20 11 20
10 19 10 20
10 8 12 8
10 3 11 3
10 1 11 1
9 15 9 18
8 11 9 11
8 5 8 7
8 4 8 5
7 20 10 20
6 20 7 20
6 7 6 9
5 20 6 20
5 15 5 16
5 9 6 9
4 7 6 7
3 9 5 9
3 8 3 9
2 12 2 13
2 10 2 12
2 7 4 7
1 19 1 21
1 10 2 10
0 13 0 14
0 10 0 13
0 10 1 10
0 9 0 10
0 1 0 3
