33
22 2 22 1
17 0 16 0
11 19 10 19
1 19 0 19
25 2 25 1
24 17 23 17
17 10 17 9
14 24 13 24
8 9 8 8
7 3 7 2
24 0 23 0
21 16 20 16
21 2 20 2
19 24 18 24
16 19 16 18
15 8 15 7
15 2 14 2
14 14 14 13
12 24 11 24
5 19 4 19
3 15 3 14
3 7 3 6
23 15 22 15
22 17 21 17
20 0 19 0
17 6 17 5
17 3 17 2
17 2 17 1
8 20 7 20
2 11 2 10
2 10 2 9
1 10 1 9
0 15 0 14
197
24 19 24 20
24 18 24 19
24 15 25 15
23 20 23 21
23 20 24 20
21 21 23 21
21 9 21 12
21 1 22 1
20 21 20 22
20 21 21 21
20 7 20 8
20 5 21 5
18 12 19 12
18 10 18 12
18 8 18 10
18 5 18 8
18 5 20 5
17 22 20 22
17 12 18 12
16 0 16 1
15 12 17 12
12 4 13 4
11 10 12 10
11 2 11 3
11 0 11 2
10 20 10 21
10 19 10 20
10 10 11 10
9 21 9 22
9 21 10 21
9 20 9 21
9 20 10 20
9 5 9 7
9 2 11 2
8 24 8 25
7 25 8 25
7 17 8 17
6 14 6 15
6 6 7 6
5 21 5 24
5 21 6 21
5 15 6 15
5 6 6 6
4 7 4 8
3 24 5 24
3 21 3 24
3 21 5 21
3 20 3 21
3 8 4 8
2 8 3 8
1 3 1 7
1 0 2 0
0 19 0 20
25 7 25 9
24 1 25 1
23 17 23 18
23 9 23 14
23 9 25 9
22 9 23 9
21 3 21 4
20 9 20 10
19 14 19 16
19 14 23 14
19 6 19 7
18 4 21 4
18 3 18 4
17 13 17 14
17 4 18 4
16 21 16 22
16 9 17 9
16 4 17 4
15 4 16 4
13 24 13 25
13 20 13 24
13 20 22 20
13 19 13 20
13 19 14 19
13 16 19 16
13 15 13 16
12 15 13 15
11 11 11 12
11 11 12 11
11 8 11 9
10 11 11 11
9 23 9 24
9 8 11 8
9 0 9 1
8 23 9 23
8 19 9 19
8 18 8 19
8 8 9 8
7 2 8 2
6 22 7 22
6 19 8 19
5 12 11 12
5 0 6 0
4 5 6 5
4 1 4 5
2 16 3 16
2 12 2 14
2 12 5 12
2 2 3 2
1 12 2 12
0 5 0 8
24 21 24 22
23 0 23 1
20 16 20 17
20 2 20 3
19 11 20 11
19 8 19 11
18 24 18 25
18 2 20 2
17 24 18 24
17 18 19 18
16 24 17 24
16 23 16 24
16 18 17 18
16 17 16 18
15 24 16 24
14 21 14 22
14 17 16 17
14 7 15 7
14 4 14 7
14 3 14 4
14 2 14 3
13 13 14 13
12 7 12 9
11 24 11 25
11 22 11 24
11 22 12 22
11 17 11 20
11 17 14 17
10 22 11 22
4 19 4 20
3 25 5 25
3 19 4 19
3 14 4 14
3 13 3 14
2 19 3 19
2 18 2 19
2 18 7 18
2 17 2 18
2 6 3 6
0 2 1 2
0 1 0 2
25 12 25 14
25 11 25 12
24 16 25 16
24 6 25 6
22 16 24 16
22 15 22 16
21 17 21 18
21 7 21 8
20 25 21 25
20 18 20 19
20 18 21 18
20 15 22 15
19 0 19 1
18 23 20 23
18 1 19 1
17 1 18 1
16 5 17 5
15 18 15 19
15 5 16 5
14 18 15 18
14 15 16 15
13 18 14 18
13 8 14 8
13 7 13 8
11 14 13 14
11 13 11 14
9 18 10 18
9 13 11 13
9 9 9 10
8 15 8 16
8 15 9 15
8 14 8 15
8 3 9 3
7 20 7 21
7 15 8 15
7 9 7 10
7 9 9 9
6 7 8 7
5 11 8 11
5 7 5 8
5 7 6 7
5 2 5 4
2 9 3 9
1 17 1 18
1 16 1 17
1 14 1 16
1 9 2 9
0 18 1 18
0 14 1 14
0 13 0 14
0 11 0 13
0 10 0 11
