29
41 20 41 19
16 7 16 6
16 6 16 5
15 6 15 5
6 41 6 40
33 27 33 26
29 21 29 20
25 30 24 30
19 42 19 41
14 38 14 37
6 34 5 34
37 31 37 30
15 33 14 33
15 32 14 32
9 30 9 29
8 17 8 16
7 39 7 38
28 25 28 24
25 17 24 17
22 38 22 37
20 14 19 14
12 33 12 32
11 45 11 44
2 41 2 40
39 15 38 15
36 42 35 42
35 19 34 19
31 17 31 16
3 35 2 35
164
42 19 42 28
42 4 42 6
41 44 42 44
41 41 41 44
41 40 41 41
41 19 42 19
39 14 44 14
39 10 39 14
39 9 39 10
39 8 39 9
38 44 41 44
38 14 39 14
38 10 38 14
38 10 39 10
37 6 37 19
37 6 39 6
36 29 39 29
30 38 36 38
28 8 35 8
25 4 36 4
24 4 25 4
21 41 21 43
21 29 21 32
20 29 20 37
20 29 21 29
17 5 19 5
16 5 17 5
15 41 15 44
15 41 17 41
15 5 16 5
9 9 9 20
8 0 10 0
5 40 6 40
5 6 7 6
4 20 9 20
4 5 15 5
1 31 9 31
1 12 1 15
45 9 45 17
45 8 45 9
35 23 35 25
35 23 37 23
35 20 35 23
35 16 35 17
33 25 33 26
32 26 33 26
31 2 31 3
31 2 34 2
30 26 32 26
28 39 31 39
28 20 29 20
28 17 28 20
25 21 27 21
24 30 24 31
24 28 24 30
18 41 18 44
18 41 19 41
18 37 18 41
17 10 19 10
15 37 18 37
14 37 15 37
13 17 16 17
11 2 11 3
10 2 11 2
9 26 10 26
8 40 8 41
8 3 11 3
5 35 11 35
5 34 5 35
5 26 5 30
5 26 9 26
42 34 42 39
42 29 42 34
41 3 41 4
38 36 39 36
36 30 37 30
33 37 35 37
33 20 33 21
28 44 30 44
28 41 28 44
28 28 34 28
26 15 30 15
24 6 24 8
19 26 19 34
19 22 19 26
17 11 17 18
16 25 17 25
14 34 19 34
14 33 14 34
14 32 14 33
13 38 17 38
13 36 13 38
12 13 12 14
11 20 20 20
9 29 13 29
8 38 13 38
8 29 9 29
7 38 8 38
7 16 8 16
3 22 11 22
1 16 7 16
0 34 0 35
44 43 45 43
44 34 44 43
40 23 41 23
38 42 38 43
37 42 38 42
37 34 37 42
36 16 36 21
36 11 36 16
36 0 45 0
35 11 36 11
29 13 33 13
28 9 28 10
27 24 28 24
27 6 31 6
24 17 24 18
21 37 22 37
19 14 19 15
11 32 12 32
11 30 11 32
10 44 11 44
10 32 10 33
10 32 11 32
5 33 10 33
4 42 9 42
4 24 4 25
4 23 4 24
4 21 7 21
2 25 4 25
1 40 2 40
0 45 5 45
0 43 0 45
45 26 45 34
45 20 45 26
45 1 45 2
40 33 41 33
38 15 38 16
35 43 35 44
35 42 35 43
34 20 34 22
34 19 34 20
34 0 35 0
32 35 36 35
32 30 32 35
30 16 31 16
26 32 26 35
26 32 28 32
26 16 30 16
23 25 23 30
23 22 34 22
21 7 22 7
18 22 18 25
16 9 16 11
10 41 12 41
9 7 15 7
8 4 13 4
2 35 2 36
2 6 3 6
1 36 2 36
0 37 0 39
0 11 0 32
0 10 0 11
0 10 6 10
