14
33 6 33 5
30 4 30 3
21 8 21 7
8 0 7 0
6 2 6 1
3 11 3 10
34 22 33 22
32 25 32 24
22 22 22 21
20 34 20 33
10 30 9 30
8 25 7 25
3 23 2 23
2 14 2 13
136
32 30 32 33
32 5 33 5
32 3 32 5
31 1 31 9
29 24 29 32
29 16 29 24
29 11 29 16
29 9 29 11
29 3 30 3
28 3 28 6
28 3 29 3
27 1 31 1
26 24 29 24
26 8 26 15
26 2 26 8
22 34 30 34
21 7 25 7
20 30 25 30
20 7 21 7
20 3 20 7
20 3 22 3
19 16 29 16
19 13 19 16
19 10 19 13
19 1 19 10
18 0 18 12
17 16 17 19
17 16 19 16
16 27 16 28
15 33 15 35
15 16 17 16
15 8 15 16
12 16 15 16
12 14 12 16
12 8 12 10
12 8 15 8
12 6 12 8
12 4 12 6
11 27 11 31
11 27 16 27
11 20 11 27
11 3 11 20
7 20 11 20
7 13 7 20
7 13 10 13
7 1 7 13
7 0 7 1
6 1 7 1
5 28 5 31
5 28 7 28
5 15 5 16
5 12 5 15
4 27 11 27
4 12 5 12
4 10 4 12
4 5 4 10
3 10 4 10
3 0 3 10
3 0 7 0
2 31 2 35
2 31 5 31
2 28 2 31
2 28 5 28
2 27 2 28
2 27 4 27
2 26 2 27
2 16 5 16
2 12 4 12
2 5 2 12
1 1 1 10
0 14 0 18
35 17 35 25
34 7 34 16
33 31 33 32
33 30 33 31
33 30 34 30
33 24 33 30
33 23 33 24
33 22 33 23
33 13 33 22
32 24 33 24
32 22 32 24
32 22 33 22
32 21 32 22
31 24 32 24
31 21 31 24
31 21 32 21
31 10 31 21
30 9 30 14
27 22 28 22
27 20 27 22
26 18 26 19
25 26 25 29
25 18 25 26
25 18 26 18
25 4 25 6
22 8 23 8
22 6 25 6
21 21 21 23
21 21 22 21
21 10 21 13
20 29 25 29
20 25 20 29
19 35 29 35
19 33 19 35
19 33 20 33
19 31 19 33
19 22 19 31
19 19 19 22
18 27 18 30
18 18 18 27
18 18 25 18
17 20 17 25
15 25 17 25
15 20 15 25
15 20 17 20
15 18 15 20
14 13 14 15
13 25 13 26
13 25 15 25
12 34 12 35
11 1 11 2
11 0 11 1
10 1 10 5
10 1 11 1
9 30 9 31
9 28 9 30
8 33 14 33
7 25 7 26
6 26 7 26
6 3 6 26
2 23 2 24
1 14 1 15
1 13 1 14
1 13 2 13
0 24 2 24
