19
21 14 21 13
10 16 10 15
10 12 9 12
5 2 5 1
8 11 7 11
7 14 7 13
6 19 5 19
5 16 4 16
20 12 20 11
20 11 20 10
17 19 16 19
15 4 15 3
14 9 13 9
10 8 9 8
10 3 9 3
7 16 6 16
7 15 6 15
7 6 7 5
1 6 1 5
182
21 3 21 7
21 2 21 3
20 13 21 13
19 16 19 19
19 7 19 9
19 2 19 4
19 2 21 2
18 7 19 7
18 4 18 5
18 4 19 4
17 14 17 15
17 13 17 14
17 7 18 7
17 1 17 2
16 15 17 15
16 13 16 15
16 13 17 13
16 5 18 5
16 4 16 5
16 4 18 4
15 15 16 15
15 13 15 15
15 13 16 13
14 15 15 15
14 12 14 15
13 18 13 19
13 17 13 18
13 15 14 15
13 6 13 8
13 5 13 6
13 5 16 5
13 4 13 5
13 3 13 4
12 20 12 21
12 12 12 14
12 8 12 9
12 8 13 8
11 15 13 15
10 20 12 20
10 15 11 15
9 15 10 15
9 14 9 15
9 13 9 14
9 12 9 13
9 7 11 7
8 19 9 19
8 15 8 19
8 15 9 15
8 13 8 15
8 13 9 13
8 12 8 13
8 12 9 12
8 5 8 6
6 3 7 3
6 1 6 3
5 21 7 21
5 7 6 7
5 5 5 7
5 1 6 1
3 12 3 13
2 20 2 21
2 18 2 20
2 18 6 18
2 8 2 9
1 13 3 13
1 4 2 4
0 18 2 18
20 20 20 21
20 19 20 20
20 15 21 15
19 20 20 20
19 5 19 6
18 16 18 17
18 6 19 6
17 17 18 17
17 16 17 17
17 16 18 16
17 10 19 10
17 9 17 10
16 17 16 18
16 17 17 17
16 3 17 3
16 2 16 3
15 18 16 18
15 17 15 18
15 17 16 17
14 7 16 7
14 2 16 2
14 1 14 2
13 1 14 1
12 5 12 6
11 19 12 19
11 13 11 14
11 12 11 13
11 6 12 6
11 0 11 3
10 17 10 18
10 17 12 17
10 14 11 14
10 6 11 6
9 20 9 21
7 20 9 20
7 12 7 13
7 11 7 12
6 13 7 13
6 10 6 13
6 9 6 10
5 20 7 20
5 19 5 20
5 0 6 0
4 16 4 17
4 0 5 0
3 19 5 19
3 6 3 7
3 0 4 0
2 15 3 15
2 6 3 6
1 15 2 15
1 14 1 15
1 8 1 9
1 0 3 0
0 20 1 20
0 0 1 0
20 10 21 10
20 8 21 8
20 7 20 8
20 6 20 7
20 5 20 6
19 0 20 0
18 20 18 21
16 19 16 20
16 10 16 12
16 8 16 10
16 8 18 8
15 16 16 16
15 12 16 12
15 1 16 1
14 16 15 16
14 8 16 8
14 3 15 3
13 16 14 16
13 11 14 11
13 10 13 11
13 9 13 10
13 0 14 0
12 16 13 16
11 18 12 18
11 9 11 10
10 11 13 11
9 11 10 11
9 9 9 11
9 9 11 9
9 8 9 9
9 4 9 5
9 4 11 4
9 3 9 4
8 8 9 8
8 4 9 4
8 2 8 4
7 4 7 5
7 4 8 4
6 16 6 17
6 15 6 16
6 5 7 5
5 10 5 11
5 9 5 10
4 10 4 14
4 10 5 10
4 6 4 10
3 21 4 21
3 14 4 14
3 10 4 10
3 9 3 10
3 8 3 9
3 1 3 5
2 5 3 5
1 16 1 17
1 16 2 16
1 5 2 5
1 1 1 2
1 1 3 1
0 10 3 10
