39
31 30 31 29
31 14 31 13
26 4 25 4
25 5 24 5
21 27 21 26
19 13 18 13
14 7 14 6
12 7 12 6
9 28 8 28
7 14 6 14
6 1 6 0
4 23 4 22
4 22 4 21
3 22 3 21
27 2 26 2
15 6 15 5
12 4 12 3
12 3 12 2
3 8 2 8
29 27 28 27
26 19 26 18
25 3 25 2
18 15 17 15
12 16 11 16
6 26 5 26
6 5 5 5
5 6 4 6
31 15 31 14
30 5 29 5
28 4 28 3
27 28 27 27
21 8 21 7
18 28 18 27
16 9 15 9
16 5 16 4
16 4 16 3
15 4 15 3
5 16 5 15
4 20 4 19
189
31 11 31 13
30 29 31 29
30 13 31 13
29 13 30 13
28 26 29 26
28 23 28 26
25 29 25 31
25 26 28 26
25 21 25 26
24 5 24 6
23 10 25 10
23 2 23 4
22 8 22 9
22 2 23 2
20 26 21 26
20 21 21 21
19 26 19 29
19 26 20 26
18 20 19 20
18 13 18 14
18 9 18 13
17 2 22 2
16 21 16 23
15 20 18 20
15 16 15 20
13 6 14 6
12 6 13 6
8 29 8 30
8 28 8 29
8 23 13 23
8 10 8 11
7 2 7 4
6 27 7 27
6 14 6 15
6 0 13 0
5 7 5 8
5 0 6 0
4 30 4 31
4 30 8 30
4 21 5 21
4 10 8 10
3 28 8 28
3 21 4 21
1 1 1 6
0 28 3 28
0 24 0 28
0 13 9 13
0 1 1 1
27 10 28 10
26 2 26 3
25 19 25 20
24 17 24 23
24 9 26 9
18 16 18 19
17 4 17 5
17 4 20 4
17 1 18 1
15 28 17 28
15 11 15 12
15 0 15 2
15 0 22 0
14 5 15 5
13 24 13 27
13 2 15 2
12 21 12 22
12 20 12 21
12 2 13 2
11 24 13 24
11 7 11 9
11 3 11 7
11 1 11 3
10 29 11 29
10 11 15 11
10 10 10 11
10 9 10 10
10 9 11 9
10 1 11 1
9 29 9 30
9 29 10 29
9 22 12 22
7 26 9 26
7 19 7 26
7 18 7 19
7 15 7 18
7 15 9 15
7 12 8 12
5 18 7 18
3 29 4 29
3 23 3 25
2 25 3 25
2 23 2 25
2 23 3 23
2 14 3 14
2 8 2 9
1 10 1 12
1 9 1 10
1 9 2 9
29 19 29 25
29 4 30 4
29 2 29 4
28 27 28 28
28 21 28 22
28 14 28 21
28 2 29 2
27 21 28 21
27 11 27 21
25 28 26 28
25 27 25 28
25 18 26 18
24 28 25 28
24 26 24 28
24 2 25 2
23 25 23 31
23 21 23 25
23 17 23 21
23 7 23 9
23 6 23 7
23 5 23 6
22 5 23 5
22 3 22 5
21 17 23 17
21 15 21 17
20 17 21 17
20 6 23 6
19 25 23 25
17 15 17 16
17 13 17 15
16 29 16 31
16 29 17 29
14 31 16 31
14 26 14 28
12 28 14 28
11 16 11 17
10 17 11 17
8 7 9 7
6 11 6 12
6 8 6 9
5 26 5 27
5 19 5 20
4 6 4 7
2 7 4 7
1 16 1 24
1 16 4 16
0 20 0 21
0 19 0 20
0 2 0 4
30 26 30 28
30 14 31 14
29 14 30 14
29 5 29 6
27 3 28 3
26 27 27 27
26 14 26 16
26 13 26 14
24 16 26 16
23 13 26 13
23 1 24 1
22 16 24 16
21 14 26 14
20 7 21 7
19 23 19 24
18 26 18 27
17 27 18 27
16 3 17 3
15 26 18 26
15 9 15 10
15 3 16 3
14 24 19 24
13 14 14 14
13 3 13 4
13 3 15 3
11 10 15 10
8 27 9 27
8 3 8 4
7 6 7 7
6 7 7 7
5 23 5 24
5 14 5 15
4 15 5 15
4 4 4 5
3 26 3 27
3 19 3 20
3 19 4 19
3 4 4 4
2 27 3 27
2 20 3 20
2 11 5 11
2 10 2 11
0 14 1 14
