30
35 27 34 27
32 30 31 30
32 29 31 29
1 5 1 4
33 25 33 24
30 6 29 6
17 20 17 19
15 23 15 22
10 19 10 18
10 18 10 17
8 19 8 18
33 7 33 6
31 10 30 10
26 25 25 25
22 21 22 20
14 36 13 36
9 23 9 22
29 5 28 5
23 7 23 6
21 16 21 15
20 13 20 12
19 13 19 12
18 9 17 9
10 24 9 24
5 22 5 21
34 15 34 14
18 34 18 33
17 8 16 8
16 25 16 24
13 11 12 11
188
37 24 37 26
36 3 38 3
35 37 35 38
35 33 35 37
35 24 37 24
35 23 35 24
34 27 34 28
31 30 31 31
31 29 31 30
31 20 31 29
30 36 31 36
30 33 30 36
30 33 35 33
28 19 28 23
28 16 32 16
28 15 28 16
27 33 27 34
27 0 27 4
27 0 29 0
24 24 26 24
23 24 24 24
23 23 23 24
21 21 21 25
19 33 19 35
19 8 21 8
18 32 21 32
18 0 19 0
17 36 17 38
17 27 18 27
16 38 17 38
16 17 18 17
14 17 16 17
10 35 10 38
8 38 10 38
7 34 7 36
7 8 7 9
5 34 7 34
2 28 2 31
1 31 1 33
1 31 2 31
0 13 0 14
0 4 1 4
37 10 37 12
36 28 36 29
35 28 36 28
33 22 33 24
33 22 35 22
32 24 33 24
29 7 29 11
29 6 29 7
27 11 29 11
27 7 27 9
26 33 26 35
25 35 26 35
24 26 24 29
24 23 27 23
23 8 25 8
20 19 23 19
16 19 17 19
14 22 15 22
12 34 15 34
10 16 10 17
9 26 9 27
9 17 9 18
9 17 10 17
9 10 11 10
9 9 9 10
9 4 9 9
9 4 10 4
8 18 9 18
7 33 10 33
6 2 6 8
3 33 7 33
3 17 5 17
2 17 2 20
2 17 3 17
0 38 3 38
32 6 33 6
30 18 34 18
30 10 30 11
29 32 29 34
29 18 30 18
28 18 29 18
28 17 28 18
26 10 26 14
26 2 26 4
25 25 25 26
24 32 29 32
23 20 25 20
22 20 23 20
22 4 26 4
21 9 21 10
20 17 20 18
20 16 20 17
19 36 22 36
19 26 19 31
19 19 19 20
19 17 19 19
19 17 20 17
13 36 13 37
13 30 13 32
13 18 17 18
13 0 13 8
12 32 13 32
12 13 18 13
11 19 15 19
11 17 11 19
11 8 13 8
11 3 11 8
10 13 12 13
8 22 9 22
5 35 6 35
3 7 4 7
2 12 9 12
2 11 2 12
34 31 35 31
34 29 34 31
34 20 37 20
29 12 29 13
28 33 28 36
28 5 28 6
25 5 28 5
25 0 26 0
23 34 23 35
23 30 23 34
23 3 24 3
22 15 24 15
22 6 22 15
22 6 23 6
21 15 22 15
21 12 21 15
20 27 22 27
20 12 21 12
19 12 20 12
18 6 22 6
17 25 17 26
17 9 17 10
16 16 17 16
15 26 15 27
12 10 17 10
12 9 12 10
11 35 11 36
9 24 9 25
5 14 12 14
4 21 5 21
4 16 8 16
4 13 4 16
3 30 8 30
3 19 3 30
2 26 2 27
0 30 1 30
35 14 35 18
35 11 35 14
34 14 35 14
33 14 34 14
33 13 33 14
30 3 31 3
27 14 27 15
26 6 26 7
25 28 25 29
24 7 26 7
23 37 25 37
21 1 21 5
19 21 19 24
19 5 21 5
18 21 19 21
18 5 19 5
18 2 18 5
17 33 18 33
17 24 19 24
16 24 17 24
16 23 16 24
16 8 16 9
15 21 18 21
14 2 14 3
12 11 12 12
11 11 12 11
10 11 11 11
10 7 10 8
8 7 8 8
7 19 7 24
4 36 4 38
3 36 4 36
2 7 2 9
2 6 2 7
1 21 1 26
0 35 0 37
0 9 0 10
