23
17 19 17 18
15 19 15 18
11 1 11 0
9 16 8 16
8 12 8 11
6 9 6 8
5 18 5 17
4 18 4 17
4 12 4 11
3 1 2 1
2 10 2 9
20 16 19 16
20 15 19 15
20 14 19 14
16 17 16 16
16 16 16 15
16 15 16 14
16 9 16 8
15 3 15 2
12 18 12 17
12 17 12 16
7 2 7 1
5 15 5 14
174
19 11 19 13
18 11 19 11
18 4 18 6
18 3 18 4
17 15 17 18
17 11 18 11
16 20 19 20
16 18 17 18
15 18 16 18
15 17 15 18
15 0 19 0
14 18 14 19
14 18 15 18
14 17 14 18
14 17 15 17
14 16 14 17
14 12 14 13
14 11 14 12
14 9 15 9
13 18 14 18
13 16 13 18
13 16 14 16
13 15 13 16
13 11 14 11
13 7 13 11
13 4 13 7
13 4 18 4
11 19 11 20
11 19 14 19
11 0 15 0
10 0 10 1
10 0 11 0
8 20 11 20
8 19 8 20
8 19 11 19
8 16 8 17
8 11 13 11
8 5 8 11
8 4 8 5
8 1 8 4
8 1 10 1
7 15 13 15
7 14 7 15
7 14 12 14
7 11 7 14
7 11 8 11
7 10 7 11
7 8 7 10
7 6 7 8
7 4 8 4
6 19 8 19
6 17 6 19
6 17 8 17
6 8 7 8
6 5 6 8
6 3 6 5
6 0 10 0
5 17 6 17
4 17 5 17
4 10 4 11
4 9 4 10
4 7 4 9
3 17 4 17
3 12 3 13
3 11 3 12
3 11 4 11
3 9 3 11
3 9 4 9
3 8 3 9
3 6 3 8
2 20 4 20
2 9 3 9
2 1 2 2
1 20 2 20
1 18 1 20
1 13 1 15
1 13 3 13
1 5 1 13
1 4 1 5
1 2 2 2
0 20 1 20
0 18 0 20
0 18 1 18
0 16 0 18
0 15 0 16
0 15 1 15
0 3 0 7
0 2 0 3
0 2 1 2
20 4 20 10
20 0 20 4
19 17 19 18
19 16 19 17
19 15 19 16
19 14 19 15
19 10 20 10
19 6 19 10
19 5 19 6
19 2 19 5
19 1 19 2
18 18 19 18
18 16 18 18
18 16 19 16
18 10 19 10
18 1 19 1
17 14 19 14
17 13 17 14
17 10 18 10
17 8 17 10
17 7 17 8
17 2 19 2
16 14 17 14
16 8 17 8
16 2 17 2
15 15 15 16
15 13 15 15
15 12 15 13
15 2 16 2
15 1 15 2
15 1 18 1
14 15 15 15
14 14 14 15
14 8 16 8
14 7 14 8
14 7 17 7
14 2 14 3
14 2 15 2
14 1 14 2
14 1 15 1
13 12 13 13
12 20 14 20
12 6 12 7
12 1 12 6
12 1 14 1
11 17 11 18
11 16 11 17
11 16 12 16
11 7 12 7
10 10 11 10
10 8 10 10
10 7 10 8
10 7 11 7
10 6 10 7
10 6 12 6
10 5 10 6
9 17 11 17
9 5 10 5
9 4 9 5
9 3 9 4
9 2 9 3
9 2 10 2
8 18 11 18
6 16 7 16
6 14 6 16
6 11 6 14
6 1 6 2
6 1 7 1
5 14 6 14
5 12 5 14
5 11 5 12
5 11 6 11
5 10 5 11
4 14 5 14
3 14 3 15
3 14 4 14
3 2 3 3
3 0 3 2
3 0 4 0
2 15 3 15
2 14 2 15
2 14 3 14
1 3 3 3
1 0 1 1
1 0 3 0
