39
37 11 37 10
35 19 34 19
29 8 29 7
13 36 12 36
8 28 8 27
8 6 8 5
35 32 34 32
34 1 34 0
32 35 32 34
30 11 29 11
15 14 14 14
13 22 13 21
13 21 13 20
9 32 8 32
6 19 5 19
29 20 28 20
24 25 24 24
23 9 22 9
21 14 21 13
4 11 3 11
3 35 3 34
36 11 36 10
28 2 28 1
23 18 22 18
23 10 23 9
21 8 20 8
13 19 12 19
11 23 11 22
8 23 7 23
1 35 1 34
38 7 37 7
30 1 30 0
17 35 17 34
15 30 14 30
14 31 13 31
14 30 13 30
8 18 8 17
6 15 6 14
4 26 4 25
195
38 10 38 13
37 10 38 10
34 19 34 20
34 17 34 19
32 36 35 36
32 19 32 28
32 19 34 19
31 31 35 31
31 24 31 31
30 7 30 10
30 7 34 7
29 14 36 14
29 7 30 7
28 10 30 10
24 32 26 32
21 26 21 30
20 30 20 34
20 30 21 30
19 9 19 14
18 31 18 33
16 32 16 35
16 30 16 32
16 9 16 11
15 6 15 7
13 15 13 16
13 7 13 15
13 7 15 7
13 1 13 7
12 36 12 37
11 7 13 7
10 15 10 21
10 15 13 15
10 7 10 15
10 7 11 7
9 4 9 5
8 27 11 27
8 9 8 11
8 5 9 5
8 4 8 5
8 4 9 4
7 27 8 27
7 21 7 22
7 21 10 21
4 9 8 9
1 14 4 14
0 20 3 20
38 17 38 18
36 34 36 36
34 32 34 33
33 0 34 0
31 34 31 35
31 34 32 34
30 17 32 17
29 11 29 12
28 17 30 17
27 26 29 26
27 24 27 26
27 23 27 24
27 23 28 23
27 7 27 9
27 6 27 7
27 5 27 6
25 22 25 27
25 2 26 2
22 37 22 38
22 34 22 37
22 22 25 22
22 21 22 22
20 0 21 0
17 37 22 37
17 31 17 32
17 9 18 9
14 20 14 27
14 14 14 15
13 33 14 33
13 20 14 20
8 33 8 34
8 32 8 33
8 29 8 32
7 33 8 33
6 38 10 38
5 19 5 20
2 37 2 38
2 33 2 37
2 33 7 33
2 19 5 19
2 3 2 10
1 33 2 33
1 31 1 33
0 13 0 14
0 7 0 13
36 24 38 24
36 21 37 21
32 0 32 5
30 5 32 5
28 37 32 37
28 20 28 21
26 13 34 13
23 33 23 34
23 24 24 24
23 11 26 11
22 13 26 13
22 9 22 10
21 13 22 13
20 25 20 26
20 15 20 17
19 24 19 31
19 2 20 2
18 15 18 19
18 15 20 15
18 14 18 15
18 4 25 4
17 19 18 19
17 14 18 14
16 7 23 7
15 18 15 27
15 11 15 18
12 33 12 35
10 28 10 34
9 26 11 26
7 10 7 12
6 12 7 12
4 34 4 38
3 34 4 34
3 22 3 24
3 12 6 12
3 11 3 12
1 8 1 9
0 29 1 29
0 21 0 29
36 2 36 10
36 1 36 2
36 0 36 1
35 10 35 12
35 10 36 10
33 1 36 1
30 34 30 35
28 7 28 9
27 36 27 37
27 29 27 30
27 22 28 22
27 1 28 1
25 14 25 16
24 34 30 34
24 29 27 29
23 30 23 32
23 30 27 30
23 9 24 9
23 8 23 9
23 3 25 3
22 18 22 19
22 16 22 18
20 19 20 22
20 19 22 19
20 8 20 9
18 27 18 30
16 5 21 5
12 19 12 20
10 22 10 25
10 22 11 22
7 23 7 24
4 29 4 31
3 36 3 38
3 15 4 15
0 34 1 34
37 22 37 23
37 14 37 15
37 8 37 9
37 7 37 8
35 17 35 20
29 0 30 0
28 25 29 25
26 23 26 24
22 12 25 12
17 34 18 34
16 18 16 20
16 16 16 18
14 8 19 8
13 31 13 32
13 30 13 31
12 1 12 3
11 20 11 21
11 19 11 20
11 18 11 19
9 29 9 30
9 6 9 14
7 29 7 31
7 17 7 19
7 17 8 17
5 35 10 35
5 14 6 14
3 28 4 28
3 25 3 28
3 25 4 25
0 30 0 33
