19
18 7 18 6
15 20 15 19
11 4 10 4
9 11 8 11
7 18 7 17
7 17 7 16
1 23 1 22
0 13 0 12
19 11 19 10
18 20 18 19
18 19 18 18
9 20 9 19
8 9 7 9
5 18 5 17
5 17 5 16
1 18 1 17
1 6 1 5
1 5 1 4
0 5 0 4
163
22 16 22 18
22 15 22 16
22 15 23 15
22 7 22 15
21 8 21 9
21 0 23 0
19 8 21 8
19 6 19 8
19 5 19 6
18 6 19 6
18 4 18 6
15 17 15 19
15 15 15 17
15 15 22 15
14 19 15 19
14 16 14 19
14 9 16 9
13 22 16 22
13 16 14 16
13 12 13 16
13 9 13 12
13 9 14 9
13 2 19 2
12 6 18 6
12 5 12 6
12 2 12 5
12 2 13 2
12 1 12 2
11 14 12 14
11 12 11 14
11 12 13 12
11 11 11 12
11 10 11 11
11 9 11 10
11 9 13 9
10 22 13 22
10 20 10 22
10 20 11 20
10 18 11 18
10 13 10 18
10 9 10 13
10 9 11 9
10 5 12 5
10 4 10 5
9 18 10 18
9 17 9 18
9 16 9 17
8 15 8 20
8 14 8 15
8 11 8 12
8 7 8 8
8 2 8 7
7 15 7 16
7 15 8 15
7 8 8 8
7 7 7 8
7 7 8 7
6 17 6 18
6 16 6 17
6 16 7 16
6 11 8 11
6 5 6 6
5 22 6 22
5 19 5 22
5 14 8 14
5 10 5 14
4 1 4 2
4 1 6 1
3 22 5 22
3 21 3 22
3 19 3 21
3 1 4 1
3 0 3 1
2 17 2 18
2 15 2 17
2 15 7 15
2 12 2 15
2 7 2 12
2 6 2 7
2 6 6 6
1 22 3 22
1 12 2 12
0 22 1 22
0 21 0 22
0 12 1 12
0 11 0 12
0 8 0 11
23 17 23 21
23 10 23 11
23 8 23 10
23 1 23 8
22 4 22 5
22 1 22 4
22 1 23 1
21 1 22 1
20 22 21 22
20 10 21 10
20 6 20 7
20 2 20 6
19 21 23 21
19 18 19 21
19 17 19 18
19 10 20 10
19 9 19 10
19 3 19 4
18 18 19 18
17 21 17 23
17 21 19 21
17 19 17 21
16 18 18 18
16 7 16 8
16 3 19 3
15 1 21 1
14 10 19 10
14 8 16 8
14 7 14 8
14 7 16 7
13 21 17 21
13 8 14 8
12 23 17 23
12 8 13 8
11 16 11 17
11 8 12 8
10 19 11 19
10 8 11 8
10 7 10 8
10 7 14 7
10 0 13 0
9 19 10 19
9 1 9 2
9 0 9 1
9 0 10 0
8 22 9 22
8 1 9 1
7 9 7 10
7 4 7 6
6 23 12 23
6 13 8 13
6 2 6 3
6 0 9 0
5 9 7 9
5 4 7 4
5 2 6 2
4 19 4 21
4 17 4 19
4 16 4 17
4 16 5 16
4 11 4 14
4 9 4 11
4 9 5 9
4 0 6 0
3 14 4 14
3 11 3 14
3 11 4 11
2 20 2 21
2 4 5 4
2 2 2 4
2 1 2 2
2 0 2 1
1 4 2 4
0 17 0 18
0 17 1 17
0 4 1 4
