18
30 32 30 31
27 1 26 1
22 21 22 20
20 35 20 34
17 8 16 8
16 21 16 20
14 7 13 7
3 23 3 22
35 32 34 32
29 5 28 5
24 28 24 27
20 33 20 32
20 25 19 25
2 24 1 24
21 6 20 6
18 12 18 11
9 25 8 25
5 11 5 10
161
35 28 35 29
34 29 35 29
34 26 34 29
33 29 34 29
33 3 33 7
32 16 32 28
30 29 30 31
30 29 33 29
29 31 30 31
29 13 29 15
26 30 26 34
26 26 26 28
26 25 26 26
26 18 26 25
26 16 26 18
26 16 28 16
26 10 26 16
26 8 26 10
26 4 26 8
26 2 26 4
26 1 26 2
25 10 26 10
25 4 26 4
23 24 25 24
23 20 23 24
22 20 23 20
22 17 22 20
22 16 22 17
21 34 26 34
21 20 22 20
20 34 21 34
19 34 20 34
17 20 21 20
16 20 17 20
16 8 16 9
15 8 16 8
13 25 13 26
13 22 13 25
13 22 15 22
13 8 15 8
13 7 13 8
13 0 13 1
12 31 14 31
12 14 12 18
12 6 12 14
12 5 12 6
12 5 19 5
10 13 10 24
8 16 8 22
8 10 8 16
8 10 9 10
7 34 7 35
6 16 8 16
6 9 6 16
5 16 5 18
5 16 6 16
5 0 6 0
4 35 7 35
4 22 8 22
3 22 4 22
1 28 6 28
1 26 1 28
0 26 1 26
34 33 34 34
34 32 34 33
34 13 34 14
34 8 34 13
31 8 34 8
31 7 31 8
30 33 34 33
28 5 28 6
27 19 27 22
27 18 27 19
24 9 24 16
23 27 24 27
23 25 23 27
22 11 22 14
22 4 22 5
22 1 22 4
21 8 21 19
21 2 21 3
21 0 21 2
21 0 27 0
20 31 20 32
20 31 25 31
19 32 20 32
19 26 19 32
19 25 19 26
19 4 22 4
17 19 21 19
17 13 17 19
16 19 17 19
16 12 16 19
16 11 16 12
13 19 16 19
13 3 18 3
11 35 23 35
10 3 13 3
9 13 9 14
8 2 8 6
7 32 7 33
7 30 7 32
5 5 5 7
4 17 4 19
4 11 4 17
3 2 3 6
3 0 3 2
2 32 7 32
1 24 1 25
1 14 1 21
1 14 3 14
1 2 1 4
1 2 3 2
0 0 0 10
33 16 33 28
33 15 33 16
31 15 33 15
31 14 31 15
31 2 34 2
30 23 30 27
30 23 31 23
30 16 30 23
30 0 30 1
29 16 30 16
28 20 28 22
27 25 27 28
25 25 25 27
25 21 25 23
24 29 26 29
23 11 23 18
22 23 22 25
20 6 20 7
17 24 19 24
17 11 18 11
15 20 15 21
15 10 15 18
14 21 15 21
12 20 15 20
11 21 11 33
11 21 14 21
11 19 11 21
10 30 10 31
8 33 11 33
8 31 8 33
8 31 10 31
8 26 8 31
8 25 8 26
7 12 7 15
7 11 7 12
6 2 6 8
6 2 7 2
4 10 5 10
4 6 4 10
4 1 4 6
3 25 8 25
3 24 3 25
2 8 2 9
1 9 2 9
0 30 2 30
0 19 0 21
0 15 0 19
