17
16 5 16 4
10 11 10 10
17 21 17 20
10 12 10 11
9 3 9 2
5 19 5 18
5 5 5 4
16 16 15 16
16 6 16 5
11 8 11 7
5 3 5 2
4 13 4 12
21 20 21 19
20 14 20 13
10 13 10 12
6 19 5 19
1 7 1 6
204
21 11 21 12
20 3 20 4
19 14 19 15
19 4 20 4
19 1 20 1
19 0 19 1
16 11 17 11
16 8 17 8
15 19 15 20
15 19 16 19
15 4 16 4
15 1 15 2
15 0 15 1
15 0 16 0
13 5 13 6
12 6 13 6
11 1 11 2
9 20 9 21
9 10 10 10
9 6 10 6
9 4 9 6
8 12 8 13
7 16 8 16
7 13 8 13
7 1 9 1
6 13 7 13
4 8 4 9
4 7 4 8
4 1 7 1
3 9 4 9
3 8 3 9
3 8 4 8
3 7 3 8
3 7 4 7
3 1 4 1
2 14 2 15
2 11 3 11
2 7 3 7
2 5 2 7
2 5 3 5
2 4 2 5
1 14 2 14
1 11 2 11
1 5 2 5
0 16 0 17
19 20 20 20
19 19 19 20
19 6 20 6
19 5 19 6
18 20 19 20
18 9 18 10
18 7 18 9
17 20 18 20
17 15 17 16
17 15 18 15
17 7 18 7
17 6 17 7
16 20 17 20
16 9 16 10
15 13 15 14
15 9 16 9
14 4 14 6
14 1 14 2
13 11 14 11
12 14 13 14
12 13 12 14
12 4 12 5
12 3 12 4
12 1 12 3
11 11 13 11
11 3 12 3
10 11 11 11
10 4 10 5
10 4 12 4
9 15 9 16
9 15 10 15
9 11 10 11
8 4 8 6
8 3 8 4
8 2 8 3
8 2 9 2
7 3 8 3
6 17 7 17
6 16 6 17
6 8 6 9
6 7 6 8
4 18 5 18
4 4 4 6
4 4 5 4
3 4 4 4
3 2 3 4
3 0 6 0
2 18 4 18
2 17 2 18
2 2 3 2
1 17 2 17
1 16 1 17
0 1 0 2
21 17 21 18
21 9 21 10
21 7 21 9
21 6 21 7
20 18 21 18
20 10 21 10
18 21 19 21
18 17 18 18
18 4 18 5
18 3 18 4
18 0 18 1
17 18 18 18
17 17 17 18
17 17 18 17
17 5 18 5
17 3 17 5
17 3 18 3
16 5 17 5
15 16 15 17
15 12 16 12
14 16 15 16
14 7 15 7
13 19 13 20
13 7 13 8
13 7 14 7
12 7 13 7
11 20 13 20
11 19 11 20
11 17 11 19
11 10 12 10
11 7 12 7
11 6 11 7
10 20 10 21
10 20 11 20
9 18 10 18
7 9 7 10
7 8 7 9
7 8 8 8
7 7 7 8
7 6 7 7
7 5 7 6
6 12 7 12
4 19 4 21
4 11 4 12
4 2 5 2
3 17 5 17
3 12 3 13
3 12 4 12
2 19 4 19
2 13 3 13
2 12 2 13
2 12 3 12
1 12 2 12
1 8 1 9
1 8 2 8
1 3 1 4
0 3 1 3
20 19 21 19
20 13 21 13
20 12 20 13
20 2 21 2
19 16 19 17
19 12 20 12
18 12 18 14
18 12 19 12
15 5 15 6
14 19 14 20
14 18 14 19
14 18 16 18
14 13 14 14
13 16 13 17
13 13 14 13
13 12 13 13
13 9 14 9
13 2 13 3
13 1 13 2
12 9 13 9
12 8 12 9
11 21 13 21
11 9 12 9
10 12 13 12
10 9 11 9
9 12 9 13
9 12 10 12
7 15 8 15
7 14 7 15
5 19 5 20
5 15 5 16
5 14 5 15
5 13 5 14
5 12 5 13
5 11 5 12
5 10 5 11
5 10 6 10
5 7 5 8
3 15 3 16
3 10 5 10
2 16 3 16
2 0 2 1
1 1 1 2
1 1 2 1
0 15 1 15
0 14 0 15
0 6 1 6
0 5 0 6
0 4 0 5
