36
28 17 27 17
18 26 17 26
18 25 17 25
12 12 11 12
9 5 9 4
5 15 4 15
5 7 5 6
24 6 23 6
17 12 16 12
15 18 15 17
7 25 6 25
2 26 1 26
2 7 1 7
29 17 28 17
28 6 28 5
25 6 24 6
24 21 24 20
21 8 21 7
19 17 19 16
13 27 13 26
13 26 13 25
3 3 3 2
26 28 25 28
22 2 21 2
13 29 13 28
10 10 10 9
5 26 4 26
25 23 24 23
22 28 21 28
20 18 19 18
20 17 19 17
17 10 17 9
8 14 7 14
7 23 6 23
5 19 4 19
1 20 1 19
203
28 11 28 12
27 23 29 23
27 18 27 19
27 17 27 18
27 11 28 11
24 13 24 14
24 12 24 13
23 13 24 13
23 12 23 13
23 12 24 12
22 14 24 14
20 20 20 22
20 10 20 15
20 4 22 4
18 20 18 21
18 8 19 8
17 26 17 27
17 25 17 26
16 26 17 26
16 15 18 15
15 6 16 6
14 22 14 23
14 22 15 22
13 22 14 22
13 15 16 15
13 14 13 15
13 2 17 2
12 7 12 9
11 15 13 15
11 12 11 13
10 4 11 4
9 4 10 4
8 16 8 19
6 8 9 8
6 6 6 8
6 6 7 6
5 10 7 10
5 9 5 10
5 6 6 6
4 15 4 16
3 21 7 21
3 0 6 0
29 15 29 16
29 14 29 15
28 16 29 16
26 19 26 22
26 18 26 19
23 11 24 11
23 10 23 11
23 6 23 7
21 10 23 10
19 6 23 6
18 6 19 6
17 17 18 17
16 17 17 17
16 12 16 13
15 17 16 17
14 18 14 21
13 10 13 11
13 8 15 8
13 0 14 0
11 29 12 29
11 19 12 19
11 0 13 0
10 17 10 18
10 17 13 17
10 16 10 17
10 15 10 16
10 14 10 15
10 12 10 14
9 27 10 27
9 16 10 16
8 27 9 27
8 13 9 13
6 26 6 27
6 25 6 26
6 20 7 20
5 1 5 2
1 26 1 27
1 23 1 26
1 7 1 8
0 14 1 14
28 17 28 18
27 5 27 6
27 5 28 5
25 3 25 4
24 27 25 27
24 19 24 20
24 16 27 16
24 6 24 7
23 20 23 21
23 20 24 20
23 19 23 20
23 19 24 19
22 24 22 25
22 20 22 24
22 20 23 20
22 16 22 20
22 16 24 16
20 16 22 16
20 7 21 7
19 16 20 16
19 4 19 5
19 1 19 4
18 10 19 10
17 18 18 18
16 23 19 23
14 29 16 29
14 6 14 7
12 25 12 26
12 25 13 25
10 2 10 3
9 25 12 25
9 23 9 25
9 10 9 11
9 6 9 7
8 15 9 15
8 2 8 5
8 2 10 2
7 16 7 17
6 22 7 22
3 23 3 26
3 22 3 23
3 22 6 22
3 11 5 11
2 28 4 28
2 23 2 24
2 23 3 23
2 22 2 23
2 22 3 22
2 2 3 2
1 18 2 18
0 22 2 22
0 18 1 18
28 21 28 22
25 28 25 29
24 26 28 26
24 9 24 10
21 2 21 3
20 24 20 26
20 0 23 0
19 24 20 24
18 7 19 7
18 2 18 3
17 21 17 22
17 3 17 5
17 3 18 3
16 22 17 22
16 7 16 8
16 7 18 7
16 0 17 0
15 7 16 7
15 3 17 3
13 28 16 28
12 28 13 28
12 27 12 28
10 7 10 9
9 9 10 9
8 25 8 26
5 17 6 17
4 26 4 27
1 21 2 21
1 9 1 10
0 17 5 17
0 4 2 4
29 25 29 26
28 13 28 14
26 24 26 25
26 24 28 24
26 3 29 3
24 23 24 24
22 26 22 27
22 5 23 5
21 28 21 29
19 18 19 19
19 17 19 18
19 9 20 9
18 11 19 11
16 14 18 14
16 9 17 9
14 27 15 27
14 24 14 27
13 24 14 24
12 20 12 21
12 16 14 16
11 21 12 21
10 23 10 24
9 20 12 20
9 18 9 20
7 14 7 15
6 23 6 24
6 9 7 9
6 1 11 1
5 14 7 14
4 19 4 20
3 19 4 19
3 8 4 8
2 19 3 19
1 19 2 19
1 3 5 3
0 19 1 19
0 9 0 11
0 3 1 3
