7
31 10 30 10
25 17 25 16
20 29 20 28
13 35 13 34
5 24 5 23
3 13 2 13
1 12 1 11
127
37 31 37 35
37 15 37 18
37 9 37 10
36 8 36 22
36 5 36 8
33 19 33 37
30 19 33 19
30 11 30 19
30 10 30 11
29 35 29 36
29 9 33 9
26 6 26 12
26 4 26 6
26 0 26 4
26 0 29 0
25 33 25 37
25 33 27 33
25 16 27 16
24 16 25 16
21 16 21 20
21 16 24 16
21 15 21 16
21 13 21 15
20 30 20 35
20 13 21 13
20 11 20 13
19 9 19 27
18 9 19 9
18 8 18 9
18 2 18 8
18 2 22 2
17 26 17 33
17 19 17 26
17 17 17 19
16 33 16 36
16 33 17 33
16 9 16 11
16 9 18 9
14 36 16 36
14 32 14 36
14 6 14 7
11 36 14 36
11 31 11 36
9 15 9 26
9 13 9 15
8 2 18 2
8 0 8 2
8 0 26 0
7 32 7 33
7 31 7 32
7 31 11 31
7 11 7 16
7 11 16 11
7 6 7 11
7 6 14 6
6 11 7 11
6 9 6 11
5 15 5 20
5 12 5 15
5 8 5 12
4 32 7 32
3 29 10 29
2 37 3 37
1 26 9 26
1 15 1 26
1 15 5 15
1 2 8 2
0 29 3 29
0 25 0 29
37 21 37 24
35 1 35 8
35 1 37 1
34 31 34 35
34 16 34 18
34 3 34 16
31 31 31 33
31 29 31 31
31 3 34 3
30 27 30 28
30 5 30 8
30 4 30 5
29 15 29 16
29 13 29 15
29 4 30 4
27 29 31 29
27 13 29 13
27 10 27 13
27 5 27 10
27 5 30 5
27 4 27 5
27 4 29 4
26 36 27 36
26 30 26 31
26 24 26 30
25 31 26 31
25 29 25 31
25 18 25 29
23 27 23 36
22 22 22 24
22 20 22 22
21 36 23 36
21 30 21 36
21 28 21 30
20 28 21 28
20 17 20 21
16 37 17 37
14 15 14 20
12 34 13 34
12 15 14 15
12 14 12 15
10 5 17 5
10 4 10 5
8 3 9 3
5 37 16 37
5 35 5 37
5 35 6 35
4 23 5 23
4 0 7 0
3 30 3 33
3 4 10 4
2 13 2 14
2 7 2 13
2 7 6 7
0 33 3 33
0 11 0 16
0 11 1 11
0 1 0 11
