25
32 3 32 2
19 15 19 14
14 30 13 30
13 5 13 4
13 1 13 0
10 24 10 23
8 12 7 12
5 16 5 15
5 7 5 6
5 6 5 5
32 8 31 8
28 19 27 19
27 7 27 6
20 30 20 29
20 29 20 28
19 31 18 31
19 16 19 15
15 14 14 14
13 16 13 15
11 12 10 12
10 16 9 16
27 18 27 17
23 15 23 14
5 14 4 14
1 9 1 8
153
32 5 32 7
31 2 32 2
26 18 26 23
26 16 32 16
25 18 25 25
25 18 26 18
24 28 24 32
24 28 28 28
23 9 26 9
22 20 22 22
20 10 20 12
18 14 19 14
17 28 19 28
16 25 16 27
16 25 25 25
15 16 15 19
15 15 15 16
14 24 15 24
14 4 19 4
14 0 14 4
13 30 13 31
13 28 13 30
13 4 14 4
13 0 14 0
11 20 11 28
10 22 10 23
9 23 9 24
9 23 10 23
8 25 8 28
8 22 8 25
8 22 10 22
8 8 9 8
8 0 8 1
7 12 7 13
6 15 9 15
5 15 6 15
5 13 7 13
5 4 5 5
4 19 7 19
4 6 4 8
4 5 4 6
4 5 5 5
3 23 3 24
3 8 3 10
3 8 4 8
2 13 2 15
2 13 5 13
1 21 4 21
1 5 4 5
0 16 0 20
0 15 0 16
0 13 0 15
0 13 2 13
31 17 31 18
31 10 31 15
31 9 31 10
31 8 31 9
31 5 31 8
28 17 31 17
27 19 27 20
27 10 27 13
27 10 31 10
26 6 27 6
23 1 24 1
21 27 21 28
20 28 21 28
18 31 18 32
18 15 18 17
18 15 19 15
18 10 18 12
17 31 18 31
17 30 17 31
17 29 17 30
17 29 19 29
17 5 17 8
14 20 15 20
14 18 14 20
14 15 14 18
14 14 14 15
13 15 14 15
12 27 12 28
10 13 27 13
10 12 10 13
10 10 18 10
10 8 17 8
9 16 9 17
9 6 9 7
9 2 13 2
8 6 9 6
7 6 8 6
6 4 6 5
6 2 6 4
6 2 9 2
4 22 4 27
4 11 5 11
3 30 9 30
3 27 3 30
3 27 4 27
3 11 4 11
2 30 3 30
2 8 2 10
1 15 1 18
0 30 0 31
0 30 2 30
0 10 2 10
30 29 30 32
30 25 30 29
29 22 29 23
28 9 30 9
26 25 30 25
26 17 27 17
25 17 26 17
25 10 26 10
24 17 25 17
24 10 25 10
22 31 22 32
22 14 23 14
22 10 24 10
22 7 22 10
22 2 22 7
22 1 22 2
21 32 22 32
20 32 21 32
20 31 20 32
20 31 22 31
19 9 19 12
17 26 19 26
17 22 17 24
17 9 19 9
16 20 16 21
16 20 20 20
14 9 17 9
13 22 17 22
12 25 15 25
12 18 12 20
12 15 12 18
10 18 12 18
10 14 10 18
10 9 14 9
9 9 10 9
7 18 10 18
7 17 7 18
7 9 9 9
7 8 7 9
6 18 7 18
4 20 6 20
4 18 6 18
4 15 4 18
4 14 4 15
3 31 5 31
1 20 4 20
0 8 1 8
0 2 2 2
