15
21 19 21 18
15 13 15 12
6 18 6 17
2 11 2 10
12 6 12 5
8 7 7 7
6 12 6 11
5 3 5 2
13 6 12 6
12 17 12 16
12 16 12 15
11 21 11 20
8 14 8 13
14 6 13 6
9 3 8 3
207
21 3 21 4
20 18 21 18
18 15 19 15
18 12 18 13
18 12 19 12
18 10 19 10
18 8 19 8
17 15 18 15
17 10 18 10
17 8 17 10
17 8 18 8
17 2 17 3
17 2 18 2
17 1 17 2
16 18 17 18
16 12 18 12
16 10 17 10
16 8 17 8
15 21 17 21
15 20 15 21
15 12 16 12
15 2 17 2
14 10 16 10
14 2 15 2
11 2 12 2
10 9 11 9
8 16 8 17
8 15 8 16
8 15 9 15
8 11 8 12
8 8 9 8
6 16 6 17
6 16 8 16
6 7 6 8
6 4 6 5
5 17 6 17
5 16 5 17
5 16 6 16
5 7 6 7
4 18 4 21
4 17 4 18
4 17 5 17
2 10 3 10
2 9 2 10
2 8 2 9
1 20 1 21
0 4 0 5
0 3 0 4
0 2 0 3
21 7 21 8
19 7 21 7
19 6 19 7
19 5 19 6
17 6 19 6
17 5 17 6
16 19 16 20
16 6 17 6
15 19 16 19
15 0 15 1
14 19 15 19
14 18 14 19
14 1 15 1
14 0 14 1
14 0 15 0
13 21 14 21
13 20 13 21
13 5 15 5
12 14 14 14
12 5 13 5
11 14 12 14
10 4 11 4
10 3 10 4
10 2 10 3
10 1 10 2
10 0 10 1
10 0 11 0
9 4 10 4
8 2 10 2
8 0 10 0
7 7 7 8
7 0 8 0
6 11 7 11
6 10 6 11
6 2 8 2
5 14 5 15
5 10 6 10
5 9 5 10
5 8 5 9
5 6 6 6
5 2 6 2
4 14 5 14
4 13 4 14
4 9 5 9
3 14 4 14
1 17 1 18
0 20 0 21
0 19 0 20
0 18 0 19
0 18 1 18
21 12 21 14
20 21 21 21
20 20 20 21
20 19 20 20
20 15 20 16
20 3 20 4
19 21 20 21
19 20 19 21
19 20 20 20
19 16 20 16
19 3 20 3
19 2 19 3
19 1 19 2
18 16 19 16
17 20 19 20
17 16 18 16
17 11 18 11
16 16 17 16
16 15 16 16
15 15 16 15
15 7 15 8
15 7 16 7
15 6 15 7
15 4 16 4
14 4 15 4
13 2 13 3
12 6 12 7
11 20 12 20
11 15 11 16
11 15 12 15
11 12 12 12
11 11 11 12
10 20 11 20
9 13 10 13
9 5 11 5
8 18 10 18
8 13 9 13
7 18 8 18
7 17 7 18
7 10 8 10
5 4 5 5
4 1 4 2
4 1 5 1
3 17 3 18
3 1 4 1
2 17 3 17
2 15 3 15
2 6 2 7
2 6 4 6
1 7 1 8
1 7 2 7
1 3 1 5
1 3 2 3
21 10 21 11
20 8 20 9
20 0 20 1
19 9 20 9
18 9 19 9
17 4 19 4
16 13 16 14
16 0 16 1
14 11 15 11
13 12 13 13
13 11 13 12
13 11 14 11
13 10 13 11
13 9 13 10
13 9 16 9
13 6 13 7
12 13 13 13
12 11 13 11
11 18 13 18
10 7 10 8
10 6 10 7
9 17 10 17
9 7 10 7
8 9 9 9
8 3 8 4
7 21 9 21
7 12 7 13
7 9 8 9
7 4 8 4
7 1 8 1
6 19 6 20
6 14 6 15
5 20 6 20
5 12 5 13
5 12 7 12
5 0 6 0
4 12 5 12
4 7 4 8
4 3 4 4
4 3 6 3
4 0 5 0
3 7 4 7
3 3 4 3
3 2 3 3
2 13 2 14
2 12 2 13
2 12 4 12
2 2 3 2
1 12 2 12
1 11 1 12
1 11 3 11
1 2 2 2
1 1 1 2
0 11 1 11
0 1 1 1
