23
29 5 29 4
25 11 25 10
23 9 23 8
11 13 10 13
11 2 11 1
18 4 18 3
9 20 8 20
7 14 7 13
30 14 30 13
26 18 26 17
25 3 25 2
22 10 21 10
10 0 9 0
3 9 3 8
21 29 20 29
13 9 12 9
6 24 6 23
3 28 3 27
2 4 2 3
2 3 2 2
29 18 28 18
27 27 27 26
3 1 3 0
188
30 18 30 20
30 3 30 4
29 4 30 4
29 3 29 4
29 3 30 3
27 23 29 23
26 10 26 14
25 10 26 10
24 8 25 8
23 29 23 30
23 29 27 29
23 8 24 8
23 7 23 8
23 2 23 3
22 30 23 30
22 3 23 3
22 2 22 3
22 2 23 2
21 18 21 21
21 7 23 7
20 7 21 7
20 6 20 7
20 4 20 6
19 22 19 24
19 22 22 22
19 6 20 6
18 7 18 8
18 7 20 7
17 16 17 18
16 25 16 26
16 8 16 14
16 8 18 8
16 5 17 5
14 5 14 7
14 5 16 5
14 0 14 2
12 15 12 18
10 14 10 16
10 13 10 14
10 1 11 1
9 14 10 14
6 12 7 12
6 10 7 10
4 11 4 12
4 0 6 0
3 11 4 11
30 8 30 9
29 8 30 8
27 18 27 19
25 7 26 7
24 3 24 4
22 21 24 21
18 22 18 28
18 18 18 22
18 12 18 18
18 12 19 12
18 0 18 3
18 0 19 0
17 3 18 3
16 18 16 19
15 16 15 17
15 6 15 8
14 19 16 19
14 3 17 3
13 4 13 6
12 8 15 8
12 4 12 8
12 4 13 4
11 10 11 11
9 19 14 19
8 21 8 22
8 20 8 21
6 28 6 29
6 28 12 28
6 13 7 13
5 16 9 16
3 18 4 18
29 13 30 13
28 24 28 26
28 13 29 13
27 24 28 24
27 17 28 17
26 17 27 17
24 2 25 2
22 26 22 27
21 27 22 27
21 10 21 11
21 6 22 6
13 20 13 22
12 14 15 14
12 12 13 12
11 6 11 7
10 20 10 21
10 20 13 20
10 12 12 12
9 12 9 13
9 12 10 12
9 0 9 1
8 17 9 17
6 26 7 26
6 19 7 19
3 30 4 30
3 24 4 24
2 8 3 8
1 15 1 17
1 12 1 13
1 9 1 12
1 5 4 5
0 5 1 5
29 15 29 17
29 14 29 15
28 27 28 29
26 2 26 4
25 22 25 23
24 23 25 23
23 26 24 26
23 24 23 26
23 23 23 24
23 23 24 23
21 12 25 12
20 29 20 30
20 12 21 12
20 1 20 2
20 0 20 1
19 25 19 26
15 22 15 23
15 21 15 22
13 2 13 3
12 9 12 10
12 0 12 1
11 3 11 4
11 3 13 3
9 25 11 25
6 23 10 23
6 2 6 5
5 23 5 25
5 23 6 23
5 22 5 23
5 5 6 5
5 2 5 5
5 2 6 2
4 27 15 27
4 22 5 22
4 21 4 22
3 27 4 27
3 22 4 22
2 25 2 26
2 2 3 2
1 25 2 25
0 25 1 25
0 10 0 11
0 9 0 10
28 18 28 19
26 26 27 26
26 24 26 26
26 23 26 24
26 22 26 23
24 20 27 20
24 5 26 5
23 20 24 20
23 1 25 1
22 16 25 16
22 15 22 16
22 15 24 15
22 1 23 1
20 15 22 15
18 9 18 11
15 20 16 20
14 10 15 10
14 9 14 10
12 26 13 26
9 4 9 5
7 15 9 15
7 8 9 8
5 21 7 21
5 6 6 6
4 15 4 16
4 8 4 9
4 8 7 8
4 7 4 8
4 3 4 4
3 16 4 16
3 15 3 16
3 15 4 15
2 18 2 19
2 0 3 0
1 4 4 4
0 4 1 4
