11
37 12 36 12
33 6 33 5
33 5 33 4
27 28 27 27
2 7 2 6
35 14 35 13
34 33 34 32
31 30 30 30
30 25 29 25
7 5 7 4
5 34 5 33
136
37 20 37 23
37 3 37 8
36 13 36 27
36 12 36 13
35 1 35 9
33 4 34 4
32 16 32 29
32 14 32 16
32 10 32 14
32 5 32 10
32 4 32 5
32 4 33 4
30 29 32 29
29 10 32 10
28 27 28 31
28 10 28 27
28 10 29 10
28 7 28 10
28 7 31 7
27 27 28 27
27 24 27 27
27 22 27 24
25 27 27 27
25 21 25 27
25 14 25 21
24 33 31 33
24 16 24 33
24 12 24 16
24 5 32 5
21 16 24 16
21 13 21 16
21 8 21 13
20 7 20 18
20 7 28 7
19 16 19 27
19 4 19 16
17 36 17 37
17 27 19 27
17 19 17 27
17 18 17 19
16 21 16 23
15 20 15 25
15 19 15 20
15 19 17 19
15 3 15 19
15 3 22 3
13 17 13 30
13 8 13 17
13 1 13 8
13 1 35 1
12 22 12 28
11 8 11 25
11 8 13 8
10 23 10 33
5 16 5 29
5 9 5 16
5 2 5 9
4 20 4 27
2 4 2 6
1 26 1 28
1 14 1 26
1 14 3 14
1 8 1 14
1 6 1 8
1 6 2 6
1 4 1 6
1 4 2 4
0 28 1 28
0 19 0 28
0 13 0 19
0 5 0 13
0 3 0 5
35 32 37 32
34 32 35 32
34 13 34 14
34 13 35 13
34 11 34 13
33 15 33 16
33 9 33 15
32 33 32 36
32 32 32 33
32 32 34 32
32 31 32 32
30 31 32 31
30 30 30 31
29 25 29 26
29 21 29 25
29 18 29 21
26 28 26 29
26 12 26 21
24 8 24 9
24 8 25 8
22 4 23 4
16 31 16 32
16 31 17 31
14 28 14 30
14 10 14 28
13 31 16 31
13 0 14 0
12 13 12 20
11 30 11 34
11 3 11 4
11 1 11 3
10 1 10 6
10 1 11 1
9 35 9 37
9 35 24 35
9 31 9 35
9 29 9 31
9 22 9 29
9 21 9 22
9 19 9 21
9 1 9 19
9 1 10 1
8 35 9 35
8 31 8 35
8 31 9 31
8 28 8 31
8 27 8 28
8 16 8 27
8 4 8 16
7 28 8 28
7 4 8 4
6 28 6 29
6 28 7 28
6 14 6 28
6 6 6 14
6 1 6 6
6 1 9 1
4 33 5 33
4 7 4 13
3 15 3 24
3 8 3 10
3 6 3 8
3 0 3 6
1 36 2 36
