6
9 7 8 7
3 10 3 9
8 10 8 9
5 11 5 10
3 11 3 10
3 1 2 1
198
17 10 17 11
17 9 17 10
17 0 17 1
16 13 16 14
16 10 17 10
16 9 16 10
16 9 17 9
15 10 16 10
15 6 16 6
15 5 15 6
14 15 15 15
14 12 14 13
14 7 14 8
14 6 14 7
14 6 15 6
14 5 14 6
14 5 15 5
14 0 15 0
13 17 14 17
13 8 14 8
13 5 14 5
13 4 13 5
13 3 13 4
12 17 13 17
12 16 12 17
12 8 12 9
12 8 13 8
12 5 13 5
11 17 12 17
11 10 11 11
11 9 11 10
11 9 12 9
11 3 11 4
10 14 11 14
10 9 11 9
10 8 10 9
9 9 10 9
8 7 8 8
7 15 8 15
5 16 6 16
5 12 6 12
5 7 5 8
4 16 4 17
4 16 5 16
4 7 5 7
4 6 4 7
4 5 4 6
3 16 4 16
3 15 3 16
3 14 3 15
3 9 4 9
3 7 4 7
2 14 3 14
2 13 2 14
2 12 2 13
1 13 2 13
1 12 1 13
1 12 2 12
1 9 1 10
1 9 3 9
1 8 1 9
1 5 1 6
1 0 1 1
1 0 2 0
0 10 1 10
0 6 0 7
0 6 1 6
0 1 1 1
17 6 17 8
17 5 17 6
16 11 16 12
16 8 17 8
16 3 16 4
15 16 15 17
15 16 16 16
15 13 15 14
15 12 15 13
15 12 16 12
15 4 16 4
14 16 15 16
14 4 15 4
13 16 14 16
13 15 13 16
13 9 13 10
12 2 13 2
11 6 12 6
11 2 12 2
10 4 10 5
9 11 9 12
9 11 10 11
9 4 10 4
8 17 9 17
8 16 8 17
8 14 9 14
8 13 8 14
8 2 9 2
7 17 8 17
7 11 7 12
7 10 7 11
7 9 7 10
7 9 8 9
7 7 7 9
7 6 7 7
7 6 8 6
7 5 7 6
7 4 7 5
6 13 6 14
6 10 7 10
6 6 7 6
6 4 6 6
6 4 7 4
6 3 6 4
6 1 7 1
5 14 5 15
5 14 6 14
5 10 6 10
5 3 6 3
5 2 5 3
5 1 5 2
5 1 6 1
4 14 5 14
4 12 4 14
4 11 4 12
4 3 5 3
4 1 5 1
4 0 4 1
3 12 4 12
1 11 2 11
1 7 2 7
1 3 1 4
1 2 1 3
0 11 1 11
0 8 0 9
0 4 1 4
17 14 17 15
17 13 17 14
17 12 17 13
16 15 17 15
15 8 15 9
15 2 15 3
15 1 15 2
15 1 16 1
14 9 14 10
14 9 15 9
14 3 15 3
14 2 14 3
14 2 15 2
13 14 14 14
13 13 13 14
13 11 15 11
13 1 15 1
13 0 13 1
12 14 12 15
12 14 13 14
12 11 12 12
12 11 13 11
12 10 12 11
11 15 11 16
11 15 12 15
11 12 11 13
11 12 12 12
11 7 12 7
11 0 11 1
10 16 11 16
10 15 10 16
10 15 11 15
10 12 11 12
10 1 11 1
9 15 10 15
9 10 10 10
9 6 9 8
9 6 10 6
9 5 9 6
9 1 10 1
8 3 8 4
8 1 9 1
6 0 7 0
5 17 6 17
5 9 6 9
5 5 5 6
5 4 5 5
4 4 5 4
3 10 4 10
3 8 4 8
3 4 3 5
3 4 4 4
3 3 3 4
2 8 3 8
2 4 3 4
2 3 2 4
2 3 3 3
2 2 2 3
2 1 2 2
1 17 2 17
1 15 1 17
0 17 1 17
0 13 0 14
0 12 0 13
