38
29 16 29 15
26 16 26 15
25 30 25 29
17 11 17 10
12 14 12 13
12 9 11 9
11 25 11 24
4 21 3 21
4 20 3 20
3 14 3 13
3 8 2 8
3 7 3 6
31 29 30 29
29 31 29 30
28 27 28 26
24 6 23 6
16 11 15 11
10 4 10 3
9 9 9 8
7 20 6 20
7 5 7 4
6 10 6 9
4 28 3 28
27 21 27 20
24 11 23 11
21 21 20 21
12 4 12 3
11 28 10 28
10 21 10 20
3 32 3 31
32 21 31 21
25 3 25 2
21 14 21 13
21 4 21 3
18 4 18 3
14 24 14 23
6 17 5 17
4 12 4 11
205
32 25 32 28
31 3 31 7
31 1 31 3
30 7 31 7
29 7 30 7
28 22 29 22
28 15 29 15
27 22 28 22
25 28 25 29
25 15 26 15
25 9 25 10
24 29 25 29
24 10 25 10
19 12 19 14
16 10 17 10
16 7 16 8
16 6 16 7
16 6 19 6
15 10 16 10
15 8 15 10
15 8 16 8
15 5 15 8
14 21 16 21
13 28 15 28
13 13 17 13
13 5 13 13
13 5 15 5
13 4 13 5
13 1 17 1
12 31 13 31
12 13 13 13
12 1 13 1
11 9 11 10
11 5 11 9
11 5 13 5
11 1 12 1
10 24 11 24
9 26 9 29
7 10 7 12
7 10 11 10
5 9 5 13
4 24 5 24
3 22 3 23
3 21 3 22
3 20 3 21
2 22 3 22
2 13 3 13
2 8 2 9
2 6 2 8
2 6 3 6
2 4 2 6
0 4 2 4
31 17 31 18
31 14 31 17
31 11 31 14
31 9 31 11
30 29 30 30
30 11 31 11
29 30 30 30
29 29 29 30
29 29 30 29
29 26 29 29
28 26 29 26
28 17 31 17
26 26 28 26
25 7 25 8
25 4 25 7
23 16 23 18
23 7 23 9
23 7 25 7
23 6 23 7
21 22 21 23
21 17 21 19
20 6 23 6
19 9 19 10
19 9 23 9
18 27 18 28
18 12 18 16
17 12 18 12
15 11 15 12
13 21 13 22
12 29 12 30
11 30 12 30
9 7 9 8
9 3 9 7
9 3 10 3
8 28 8 29
8 17 9 17
8 15 8 17
8 8 9 8
6 29 8 29
6 21 6 23
6 20 6 21
6 18 6 20
6 13 6 14
6 9 7 9
6 4 6 5
6 4 7 4
3 28 3 29
1 29 3 29
1 1 1 2
32 29 32 30
32 17 32 18
28 19 28 20
27 20 28 20
27 19 27 20
27 19 28 19
26 28 27 28
26 18 30 18
26 13 28 13
25 31 25 32
24 32 25 32
24 20 24 22
24 18 24 20
24 18 26 18
23 12 23 14
23 11 23 12
22 22 24 22
20 25 20 26
20 22 20 25
20 21 20 22
19 15 19 19
17 22 20 22
17 14 17 22
15 27 17 27
15 19 16 19
13 3 14 3
12 3 13 3
11 26 13 26
10 29 10 31
10 28 10 29
10 16 10 20
10 6 10 7
9 20 10 20
9 13 9 14
5 31 10 31
4 31 5 31
4 30 4 31
4 22 5 22
4 5 4 6
3 31 4 31
3 25 3 27
3 25 6 25
3 24 3 25
2 15 2 18
2 2 10 2
1 24 3 24
1 21 1 24
0 25 3 25
0 23 0 25
0 19 0 20
0 18 0 19
0 18 2 18
31 27 31 28
31 22 31 27
31 21 31 22
29 19 32 19
27 14 29 14
27 2 27 5
27 2 30 2
27 0 27 2
27 0 28 0
26 32 27 32
26 24 27 24
26 20 26 24
26 9 26 11
26 2 26 9
26 2 27 2
25 27 26 27
25 26 25 27
25 25 25 26
25 2 26 2
24 27 25 27
23 30 23 32
23 30 24 30
23 28 23 30
23 0 27 0
21 29 21 31
21 25 21 29
20 13 21 13
20 3 21 3
18 3 20 3
17 24 17 26
17 23 17 24
17 3 18 3
16 26 17 26
15 26 16 26
13 23 14 23
13 14 15 14
12 22 12 25
11 2 11 4
11 2 14 2
10 14 13 14
10 13 10 14
7 25 12 25
5 28 5 29
5 18 5 20
5 17 5 18
4 17 5 17
3 15 3 19
3 11 4 11
1 19 3 19
0 10 0 12
0 5 0 10
0 5 1 5
