27
41 4 41 3
33 25 33 24
20 40 20 39
16 27 15 27
34 7 34 6
34 6 34 5
26 22 26 21
22 25 21 25
20 33 19 33
9 6 9 5
6 11 6 10
19 11 19 10
10 24 10 23
39 5 39 4
33 19 32 19
23 7 22 7
16 19 16 18
6 37 6 36
4 43 3 43
43 27 42 27
43 7 42 7
37 15 37 14
36 20 36 19
32 36 31 36
31 14 30 14
17 10 16 10
14 39 13 39
177
44 33 44 34
41 1 41 3
41 0 41 1
40 29 42 29
40 3 40 7
40 3 41 3
39 26 39 27
39 1 41 1
37 39 42 39
37 20 37 21
37 3 40 3
36 35 37 35
35 26 39 26
34 34 34 36
32 24 33 24
32 13 32 15
32 12 32 13
32 12 36 12
30 3 37 3
29 26 35 26
25 13 32 13
23 16 23 19
21 39 22 39
20 39 21 39
19 5 19 7
19 4 19 5
18 18 18 19
18 7 19 7
15 28 15 30
15 27 15 28
15 0 15 6
13 11 13 28
12 7 18 7
12 3 12 7
8 28 13 28
6 34 14 34
2 24 2 29
2 13 2 15
0 31 0 42
0 31 10 31
40 11 40 13
33 5 33 6
33 5 34 5
32 22 39 22
27 18 27 24
25 21 26 21
21 25 21 26
21 19 21 25
21 12 21 19
21 10 23 10
19 34 19 37
19 33 19 34
19 30 19 31
19 29 19 30
19 28 19 29
18 33 19 33
16 30 19 30
14 42 15 42
8 5 9 5
6 10 15 10
5 16 10 16
5 10 6 10
3 12 3 13
3 10 5 10
0 27 0 29
44 20 44 27
42 20 44 20
40 26 41 26
39 20 42 20
35 42 35 43
35 32 37 32
35 24 36 24
34 32 35 32
34 24 35 24
29 33 29 37
29 29 29 33
29 28 29 29
27 4 32 4
25 33 29 33
23 38 31 38
22 38 23 38
22 33 22 38
22 33 25 33
22 19 22 20
22 11 22 15
21 27 28 27
18 10 19 10
15 13 15 14
15 9 21 9
14 14 14 19
14 14 15 14
10 20 10 23
10 9 11 9
9 23 10 23
6 12 6 13
5 9 10 9
4 25 4 27
0 21 0 24
0 21 2 21
44 43 44 44
41 10 41 16
38 4 39 4
37 4 38 4
35 25 39 25
34 25 35 25
32 19 32 20
31 17 37 17
28 25 34 25
26 28 26 32
24 32 26 32
22 8 34 8
22 7 22 8
21 8 22 8
20 43 34 43
15 18 16 18
14 35 14 38
14 35 16 35
13 42 13 44
8 25 10 25
8 2 8 3
7 25 8 25
6 36 11 36
6 21 6 22
5 36 6 36
3 43 3 44
3 23 3 24
3 22 3 23
3 22 6 22
3 3 8 3
1 9 1 12
1 6 1 9
1 6 10 6
1 5 1 6
44 17 44 19
42 27 42 28
42 7 42 8
40 34 40 38
40 34 42 34
40 19 44 19
38 19 40 19
38 17 38 19
36 19 38 19
36 14 37 14
35 19 36 19
33 9 35 9
31 36 31 37
30 14 30 15
26 3 26 4
26 3 27 3
25 36 25 37
25 36 26 36
25 6 27 6
25 5 25 6
24 14 30 14
23 36 25 36
22 6 25 6
22 2 22 6
16 11 21 11
16 10 16 11
15 40 25 40
15 36 15 40
15 11 16 11
13 40 15 40
13 39 13 40
13 0 13 1
12 11 12 19
10 42 10 44
10 38 10 42
8 30 9 30
6 44 10 44
6 42 6 44
6 42 10 42
5 19 12 19
4 44 6 44
4 38 4 44
4 19 5 19
3 8 3 9
