16
37 18 36 18
32 24 32 23
28 35 28 34
17 32 16 32
16 33 15 33
16 32 15 32
15 0 14 0
14 16 14 15
14 15 14 14
14 14 14 13
10 16 10 15
20 31 19 31
16 10 16 9
13 10 13 9
10 6 10 5
1 19 0 19
127
36 19 36 28
36 18 36 19
34 15 34 21
34 15 35 15
31 23 31 27
31 23 32 23
31 16 31 17
30 19 30 34
29 34 29 37
29 34 30 34
29 9 29 11
28 34 29 34
27 19 27 20
27 19 30 19
27 15 27 19
27 15 34 15
26 9 29 9
26 3 26 9
24 31 24 35
24 28 24 31
24 10 24 28
23 38 26 38
23 17 23 38
22 32 22 37
22 2 22 8
20 4 20 22
19 37 22 37
18 16 18 28
17 23 17 25
17 16 17 23
17 16 18 16
17 13 17 16
17 5 17 13
16 16 17 16
16 5 17 5
16 4 16 5
16 4 20 4
15 34 15 35
15 33 15 34
15 32 15 33
15 13 15 32
15 13 17 13
14 13 15 13
14 8 14 13
14 6 14 8
14 1 14 6
14 0 14 1
13 35 15 35
13 32 13 35
13 32 15 32
13 14 13 15
13 8 14 8
12 35 13 35
12 22 12 35
12 18 12 22
12 0 14 0
11 15 13 15
10 15 11 15
8 2 8 19
7 22 12 22
7 8 7 9
5 0 12 0
4 37 19 37
4 18 4 37
4 3 4 18
4 0 5 0
3 27 3 32
3 20 3 27
2 16 2 22
2 13 2 16
1 1 1 6
1 1 14 1
36 34 36 36
36 29 36 34
34 37 34 38
34 13 35 13
34 11 34 13
33 37 34 37
32 29 32 35
32 14 37 14
32 12 32 14
31 35 32 35
31 19 31 21
29 38 34 38
28 18 33 18
28 17 28 18
28 17 30 17
28 16 28 17
27 38 29 38
27 34 27 38
27 30 27 34
26 14 26 37
26 14 32 14
26 11 26 14
26 11 27 11
25 19 25 35
24 37 26 37
22 9 22 12
19 31 19 32
19 27 19 31
19 20 19 27
19 16 19 20
19 12 19 16
16 31 19 31
16 26 16 31
16 25 16 26
16 18 16 25
16 8 16 9
15 9 15 11
15 9 16 9
15 5 15 9
15 3 15 5
15 1 15 3
15 1 22 1
12 9 12 12
12 9 13 9
12 3 12 9
11 29 11 36
9 5 10 5
7 34 10 34
5 28 5 33
5 15 5 28
3 33 3 37
3 5 3 17
1 37 3 37
1 7 1 13
0 19 0 20
