20
21 15 21 14
14 13 14 12
13 20 12 20
7 1 6 1
6 15 6 14
19 14 19 13
14 18 14 17
13 19 13 18
9 5 8 5
8 18 8 17
4 8 4 7
3 21 3 20
3 20 3 19
1 3 1 2
18 11 18 10
17 14 16 14
11 22 11 21
7 15 6 15
5 2 5 1
0 9 0 8
183
21 18 22 18
20 14 20 16
20 14 21 14
19 8 19 11
19 6 19 8
19 6 20 6
17 17 17 18
15 17 17 17
14 21 14 22
14 21 15 21
14 12 15 12
14 8 17 8
13 12 14 12
13 11 13 12
13 10 13 11
12 21 12 22
12 21 14 21
12 20 12 21
12 11 13 11
11 16 11 17
10 16 11 16
10 7 10 8
8 20 8 22
8 19 8 20
8 19 9 19
8 14 8 15
8 11 8 12
8 8 8 9
7 14 8 14
7 11 8 11
7 10 7 11
7 9 7 10
7 9 8 9
7 4 7 9
7 4 8 4
6 14 7 14
6 13 6 14
6 10 6 13
6 10 7 10
6 1 6 2
5 20 5 21
5 20 8 20
5 13 6 13
5 12 5 13
5 10 5 12
5 10 6 10
5 9 5 10
5 9 7 9
5 8 5 9
4 17 5 17
4 13 5 13
4 5 6 5
4 3 5 3
2 18 2 19
2 11 3 11
2 5 2 6
2 4 2 5
2 2 2 4
2 1 2 2
1 10 5 10
1 9 1 10
0 18 0 22
0 15 1 15
0 10 1 10
21 17 22 17
21 1 21 2
19 3 19 4
19 3 20 3
18 21 18 22
18 20 18 21
18 15 18 16
18 13 18 15
18 13 19 13
18 4 19 4
18 1 18 4
16 0 17 0
15 7 16 7
15 0 16 0
14 4 14 6
14 0 15 0
13 17 13 18
13 17 14 17
13 15 13 17
13 13 13 15
13 13 16 13
13 9 14 9
13 8 13 9
12 18 12 19
12 18 13 18
12 8 13 8
12 7 12 8
11 12 11 13
10 18 10 20
10 18 12 18
10 17 10 18
10 15 13 15
10 13 10 15
10 13 11 13
9 15 10 15
9 4 14 4
9 3 9 4
9 3 10 3
8 17 10 17
8 6 8 7
8 5 8 6
8 0 8 1
8 0 9 0
7 17 7 19
7 17 8 17
4 18 4 19
4 18 5 18
4 4 6 4
3 19 4 19
3 15 3 19
3 13 3 15
3 7 3 8
3 7 4 7
3 5 3 7
2 7 3 7
0 17 1 17
0 13 0 14
0 11 0 13
0 11 1 11
0 2 1 2
22 10 22 16
22 8 22 10
21 20 22 20
21 8 21 9
21 8 22 8
20 18 20 19
20 4 20 5
20 1 20 2
19 19 20 19
19 18 19 19
19 18 20 18
19 17 19 18
19 1 20 1
18 17 19 17
18 7 18 8
17 12 20 12
17 10 18 10
17 9 17 10
17 7 18 7
16 15 16 16
16 14 16 15
16 10 17 10
16 4 16 5
15 22 16 22
15 14 16 14
15 5 15 6
15 5 16 5
15 3 15 5
15 1 15 3
15 1 16 1
14 16 16 16
14 10 16 10
12 6 13 6
12 3 15 3
11 5 11 9
11 3 12 3
11 1 11 3
10 21 11 21
10 11 11 11
10 5 11 5
9 21 9 22
9 21 10 21
7 0 7 2
6 17 6 19
6 16 6 17
6 15 6 16
4 21 4 22
4 15 6 15
4 14 4 15
4 1 5 1
3 22 4 22
3 9 4 9
3 1 4 1
3 0 3 1
2 13 2 17
1 8 2 8
1 6 1 8
1 4 1 6
0 8 1 8
