38
29 27 28 27
29 13 29 12
29 12 29 11
28 12 28 11
27 15 26 15
22 20 22 19
18 9 18 8
10 27 10 26
9 27 9 26
9 18 9 17
3 24 2 24
25 26 25 25
21 21 21 20
8 27 7 27
5 4 4 4
0 2 0 1
29 24 29 23
28 5 28 4
26 22 25 22
26 11 26 10
25 29 25 28
24 20 23 20
22 3 22 2
21 22 21 21
13 7 12 7
12 28 12 27
8 17 8 16
7 26 6 26
4 30 4 29
27 17 26 17
25 20 25 19
25 8 25 7
24 14 23 14
23 16 22 16
18 12 17 12
9 30 9 29
5 3 5 2
5 2 5 1
201
29 11 30 11
28 28 28 30
28 27 28 28
28 11 29 11
27 30 28 30
27 7 29 7
26 15 26 16
26 7 27 7
24 30 27 30
21 19 22 19
20 10 20 17
20 10 21 10
19 24 22 24
19 17 19 24
19 17 20 17
19 10 19 11
19 10 20 10
19 7 19 10
19 7 20 7
17 29 17 30
17 8 18 8
16 17 19 17
14 26 15 26
14 21 14 26
14 21 15 21
14 16 14 21
14 15 14 16
13 29 17 29
13 16 14 16
13 8 13 16
13 8 17 8
11 26 14 26
11 1 11 2
10 26 11 26
10 17 10 22
9 26 10 26
9 17 10 17
9 3 9 5
8 3 9 3
7 14 7 15
7 12 7 14
6 12 7 12
5 28 5 29
5 25 7 25
5 14 7 14
5 8 5 14
5 8 6 8
4 6 5 6
2 25 5 25
2 24 2 25
1 2 2 2
0 7 1 7
30 18 30 22
28 1 29 1
27 8 27 12
26 24 26 29
26 12 27 12
25 14 25 18
25 14 27 14
24 25 25 25
23 23 23 24
23 22 23 23
22 13 22 15
22 10 22 13
22 10 23 10
20 21 20 23
20 20 20 21
20 20 21 20
19 27 19 28
18 28 19 28
11 17 11 19
11 16 11 17
11 15 11 16
11 6 11 15
11 4 11 6
9 24 9 25
9 16 11 16
8 15 11 15
8 12 9 12
7 28 10 28
7 27 7 28
7 24 9 24
7 6 11 6
7 2 9 2
6 24 7 24
6 23 6 24
6 6 7 6
5 18 6 18
4 11 4 12
4 9 4 11
4 4 4 5
3 5 3 17
3 5 4 5
2 17 2 21
2 17 3 17
2 10 2 13
1 27 5 27
1 17 2 17
1 1 2 1
0 1 1 1
30 27 30 28
30 25 30 27
30 23 30 25
29 23 30 23
29 18 29 19
29 17 29 18
27 27 27 28
27 4 28 4
26 13 27 13
26 9 26 10
25 22 25 23
25 10 26 10
25 2 26 2
24 28 25 28
24 23 25 23
23 20 23 21
23 18 24 18
22 21 23 21
21 21 22 21
21 3 21 5
21 2 21 3
21 2 22 2
20 27 20 29
18 22 18 27
17 3 21 3
16 22 18 22
16 20 16 22
16 3 17 3
16 1 16 3
16 1 19 1
16 0 16 1
15 20 16 20
15 17 15 20
15 0 16 0
14 14 19 14
14 11 14 14
12 27 14 27
12 12 12 13
12 7 12 8
11 28 11 29
11 27 11 28
11 27 12 27
11 21 11 23
11 20 11 21
8 23 11 23
8 22 8 23
7 16 8 16
7 3 7 4
6 28 6 29
6 27 6 28
6 26 6 27
6 11 7 11
3 29 4 29
3 3 4 3
2 26 6 26
2 3 3 3
0 29 3 29
30 16 30 17
29 21 29 22
28 21 29 21
28 2 29 2
26 17 26 18
25 3 25 7
24 19 24 21
24 19 25 19
24 7 25 7
24 1 24 2
23 19 24 19
23 14 23 15
22 26 22 29
22 26 24 26
22 22 22 23
22 16 22 17
21 29 22 29
21 26 21 29
21 26 22 26
21 6 23 6
21 0 23 0
17 18 18 18
17 12 17 13
17 9 17 12
16 23 16 24
16 12 17 12
15 24 16 24
14 4 15 4
13 2 13 6
13 0 13 2
12 17 12 19
8 29 9 29
6 5 8 5
6 1 7 1
5 1 6 1
4 19 4 23
4 19 5 19
4 16 5 16
4 13 4 16
3 2 4 2
2 23 4 23
1 5 1 6
1 4 1 5
1 4 2 4
