32
33 15 32 15
26 1 25 1
20 22 19 22
10 25 10 24
7 2 6 2
6 13 6 12
24 14 24 13
14 15 14 14
7 34 7 33
28 2 28 1
26 10 25 10
17 30 16 30
15 23 15 22
13 37 13 36
13 1 12 1
9 0 8 0
8 6 7 6
37 32 36 32
35 24 34 24
33 2 32 2
32 7 32 6
30 30 30 29
30 29 30 28
30 7 30 6
17 13 17 12
16 15 15 15
13 10 12 10
37 12 36 12
21 34 21 33
18 37 18 36
14 30 14 29
10 10 10 9
192
36 6 37 6
32 19 32 22
32 15 32 16
29 16 29 18
29 16 32 16
29 15 29 16
29 15 32 15
28 20 30 20
27 26 27 31
26 24 28 24
26 3 26 4
26 3 27 3
25 2 25 6
25 1 25 2
19 37 21 37
19 32 21 32
19 22 19 23
19 17 19 22
19 16 19 17
18 22 19 22
18 1 25 1
15 19 15 21
15 18 15 19
14 7 23 7
9 24 9 25
9 24 10 24
9 4 12 4
8 21 15 21
6 24 9 24
6 19 6 24
6 2 6 3
5 12 5 17
5 12 6 12
5 6 5 12
4 17 5 17
3 27 3 28
3 10 4 10
1 28 3 28
1 3 6 3
0 3 1 3
37 30 37 31
36 18 36 21
32 26 32 28
32 9 37 9
32 8 32 9
30 3 30 5
28 27 28 31
28 22 30 22
24 12 24 13
23 13 24 13
23 12 23 13
23 12 24 12
22 19 22 22
18 13 18 14
18 3 21 3
18 2 18 3
17 16 17 17
14 32 18 32
14 13 14 14
14 11 14 13
13 14 13 15
13 14 14 14
13 4 14 4
11 33 11 35
11 15 13 15
11 7 11 8
9 17 12 17
9 14 9 17
9 14 13 14
9 7 9 8
9 7 11 7
8 36 9 36
8 33 11 33
8 30 8 31
7 33 8 33
1 25 2 25
1 6 2 6
35 29 35 30
33 30 35 30
33 12 33 13
33 4 35 4
31 0 33 0
27 20 27 22
27 1 28 1
25 11 25 14
25 10 25 11
22 0 25 0
21 9 23 9
20 10 25 10
18 16 18 20
16 31 25 31
16 30 16 31
16 26 16 30
16 22 16 26
16 21 16 22
16 19 16 21
15 22 16 22
15 2 15 3
13 18 13 19
12 36 13 36
12 1 12 2
11 9 16 9
10 27 11 27
10 1 12 1
8 26 8 28
8 26 16 26
8 12 9 12
8 9 8 12
8 0 8 1
7 6 7 7
0 10 0 13
36 32 36 33
34 24 34 25
33 10 34 10
33 6 35 6
32 6 33 6
32 3 32 6
32 2 32 3
31 25 34 25
31 23 31 25
31 12 32 12
31 10 31 12
31 10 33 10
30 27 30 28
30 6 32 6
29 28 29 29
29 28 30 28
29 26 29 28
29 6 30 6
28 37 33 37
27 25 31 25
27 8 27 13
27 0 30 0
26 23 31 23
26 20 26 23
24 23 26 23
22 23 22 24
20 26 20 29
18 26 20 26
16 12 17 12
16 11 16 12
15 15 15 16
12 10 12 11
10 6 17 6
1 23 1 24
1 23 2 23
1 18 1 23
1 16 1 18
1 15 1 16
1 15 4 15
0 1 4 1
36 13 36 16
36 12 36 13
36 10 36 12
35 26 37 26
35 10 36 10
33 20 33 22
31 7 31 8
28 7 31 7
28 6 28 7
28 5 28 6
26 35 28 35
26 5 28 5
23 35 26 35
22 33 22 37
21 33 22 33
21 29 23 29
20 2 22 2
19 36 20 36
18 36 19 36
18 35 18 36
18 34 18 35
17 36 18 36
16 36 17 36
16 0 16 1
13 29 14 29
12 29 12 32
12 29 13 29
11 32 12 32
11 24 14 24
10 36 10 37
10 29 12 29
9 9 10 9
7 3 7 4
7 3 11 3
6 30 6 36
1 13 2 13
1 11 1 13
1 10 1 11
1 2 4 2
0 26 0 30
0 2 1 2
