23
33 5 32 5
20 0 19 0
14 13 13 13
1 9 1 8
33 16 32 16
26 18 26 17
19 27 18 27
18 15 18 14
17 32 17 31
4 9 3 9
2 15 2 14
30 27 30 26
26 32 25 32
26 24 26 23
24 8 24 7
21 14 21 13
14 30 13 30
13 12 12 12
12 33 12 32
7 32 7 31
7 7 6 7
6 13 5 13
5 21 4 21
163
32 15 33 15
32 5 32 6
31 17 31 20
30 20 31 20
30 0 30 2
29 20 30 20
29 19 29 20
29 17 29 19
29 16 29 17
29 13 29 16
27 25 27 30
27 6 32 6
27 3 27 6
27 3 31 3
26 22 28 22
26 19 26 22
26 19 29 19
24 25 24 33
24 25 27 25
22 15 22 21
20 25 24 25
20 23 22 23
20 19 20 23
19 19 20 19
19 16 19 19
19 16 21 16
19 0 19 1
16 24 16 26
16 17 16 24
16 16 16 17
16 16 19 16
16 14 16 16
14 26 16 26
13 13 13 14
12 26 14 26
12 24 12 26
12 14 13 14
10 32 10 33
10 26 12 26
10 22 10 26
10 22 11 22
9 23 9 24
8 12 8 18
8 0 8 12
8 0 13 0
7 28 13 28
6 25 6 26
6 21 6 25
6 3 7 3
5 28 7 28
5 25 5 28
5 25 6 25
3 17 3 18
2 27 2 31
1 17 3 17
0 8 1 8
32 16 32 17
32 0 32 3
28 33 30 33
28 28 28 33
28 13 28 17
27 13 27 15
27 13 28 13
27 12 27 13
27 0 28 0
26 17 28 17
25 17 25 18
25 17 26 17
23 17 25 17
23 16 23 17
21 24 24 24
20 30 20 33
20 24 21 24
18 27 18 28
18 3 18 14
17 30 17 31
17 30 20 30
17 14 18 14
16 31 17 31
14 18 15 18
14 14 14 18
14 12 14 14
14 11 14 12
13 7 13 8
13 5 13 7
12 11 14 11
12 10 12 11
12 6 12 10
12 3 12 6
12 3 18 3
11 16 11 19
9 20 15 20
9 16 9 20
9 16 11 16
9 14 10 14
8 23 8 24
8 19 8 23
6 18 6 20
3 9 3 10
2 13 2 14
1 14 2 14
1 13 1 14
1 13 2 13
33 21 33 22
32 22 33 22
31 22 32 22
30 4 30 5
29 26 30 26
29 5 30 5
26 6 26 7
25 32 25 33
25 23 26 23
25 7 26 7
24 19 24 21
24 7 25 7
24 6 24 7
24 6 26 6
23 9 23 13
23 7 23 9
23 7 24 7
23 2 23 7
23 2 29 2
23 1 23 2
23 1 25 1
22 13 23 13
21 13 22 13
18 20 18 24
16 29 20 29
13 32 18 32
13 31 13 32
13 30 13 31
12 32 13 32
12 12 12 13
12 1 12 2
12 1 16 1
11 13 12 13
10 29 16 29
10 12 12 12
10 6 10 12
9 13 11 13
9 6 10 6
7 22 7 26
6 31 7 31
6 7 6 8
5 13 5 14
5 11 5 13
5 2 6 2
4 31 6 31
4 21 4 22
3 30 13 30
3 26 3 30
3 22 3 26
3 22 4 22
3 20 3 22
2 20 3 20
2 5 7 5
2 3 2 5
1 32 3 32
1 22 1 32
1 22 3 22
0 7 6 7
0 5 0 7
0 5 2 5
