36
34 12 33 12
33 28 33 27
30 23 30 22
21 27 21 26
15 33 14 33
34 5 33 5
33 6 32 6
33 5 32 5
30 10 30 9
25 5 25 4
24 29 24 28
22 7 21 7
9 16 9 15
6 16 6 15
5 29 5 28
3 2 3 1
30 11 30 10
26 33 25 33
24 23 24 22
24 17 23 17
13 12 12 12
9 12 9 11
5 16 5 15
1 27 1 26
33 31 33 30
33 30 33 29
30 16 30 15
23 32 23 31
22 3 21 3
17 23 17 22
17 9 17 8
11 20 11 19
31 31 30 31
27 5 26 5
25 23 24 23
5 22 5 21
199
34 8 34 10
33 12 33 13
33 8 33 12
33 8 34 8
32 27 33 27
30 8 33 8
29 22 30 22
28 22 29 22
28 8 28 10
28 8 30 8
27 10 28 10
23 1 23 2
22 26 25 26
22 1 23 1
21 26 22 26
21 2 23 2
20 18 20 20
20 17 20 18
19 18 20 18
18 32 19 32
16 15 16 16
15 6 15 14
14 33 14 34
13 34 14 34
8 33 8 34
8 3 8 4
6 33 8 33
6 31 6 33
6 30 6 31
6 18 7 18
6 8 6 9
6 6 6 8
6 5 6 6
4 23 4 24
4 13 6 13
2 31 6 31
2 24 4 24
2 23 2 24
2 23 4 23
2 22 2 23
2 22 3 22
0 33 6 33
0 23 0 25
0 1 0 4
34 27 34 32
32 11 32 15
32 6 32 7
32 5 32 6
29 9 30 9
26 24 30 24
25 15 27 15
24 28 32 28
24 4 25 4
24 1 24 4
23 28 24 28
22 19 23 19
22 6 24 6
21 7 21 8
20 27 20 29
20 6 22 6
19 25 24 25
19 3 19 4
17 27 20 27
17 25 19 25
12 24 12 28
12 21 12 24
10 33 10 34
10 3 14 3
8 15 9 15
7 31 8 31
7 15 8 15
6 15 7 15
5 0 5 4
4 28 5 28
2 34 4 34
2 4 5 4
2 1 2 4
2 1 3 1
2 0 2 1
1 29 2 29
0 11 6 11
29 10 29 11
29 10 30 10
28 20 29 20
28 17 28 20
25 33 25 34
25 25 28 25
24 34 25 34
24 22 25 22
24 21 24 22
23 17 23 18
22 20 22 24
21 18 21 22
21 18 23 18
21 11 23 11
21 9 21 11
17 14 17 17
17 11 17 14
17 11 21 11
17 0 17 3
16 14 17 14
15 24 15 25
13 30 15 30
13 25 13 30
13 25 15 25
13 24 13 25
13 24 15 24
13 17 17 17
12 30 13 30
12 12 12 13
10 27 10 31
10 22 10 23
10 22 11 22
9 31 10 31
8 27 10 27
8 17 8 20
8 11 9 11
7 17 8 17
4 15 5 15
1 6 1 7
0 26 1 26
0 12 0 13
0 9 1 9
33 15 33 21
32 30 32 31
32 29 32 30
32 29 33 29
32 2 32 3
31 19 31 20
31 15 31 19
30 15 31 15
28 15 30 15
27 26 27 27
26 27 27 27
23 21 23 22
23 20 23 21
22 31 23 31
21 13 21 17
21 13 24 13
21 3 21 4
20 31 22 31
19 8 19 10
18 28 19 28
18 22 19 22
18 8 19 8
17 22 18 22
17 21 17 22
17 8 18 8
16 28 18 28
15 4 17 4
14 22 14 23
11 31 11 32
11 31 12 31
11 19 13 19
10 19 11 19
10 18 10 19
9 33 9 34
9 32 9 33
5 26 10 26
4 26 5 26
3 26 4 26
3 17 3 21
2 14 2 19
30 31 30 32
29 31 30 31
29 17 29 18
28 12 31 12
27 12 28 12
27 0 27 3
26 30 28 30
26 6 26 8
26 6 31 6
26 5 26 6
25 6 26 6
24 31 29 31
24 23 24 24
24 12 27 12
23 12 24 12
20 30 26 30
19 7 20 7
17 30 18 30
16 19 16 20
15 23 19 23
15 19 15 23
15 19 16 19
14 29 15 29
14 26 14 29
13 32 15 32
13 6 13 8
11 33 11 34
10 15 10 16
10 15 13 15
9 8 13 8
9 6 13 6
7 13 11 13
4 21 5 21
4 8 4 9
3 14 3 15
3 14 4 14
