9
17 4 17 3
4 6 4 5
0 11 0 10
16 2 16 1
14 17 14 16
10 5 10 4
6 13 6 12
5 6 4 6
3 11 2 11
182
17 6 17 7
17 1 17 3
17 0 17 1
16 3 16 4
16 3 17 3
15 11 15 13
15 9 15 11
15 8 15 9
15 4 15 5
15 4 16 4
15 2 15 4
14 13 14 15
14 13 15 13
14 11 14 13
14 11 15 11
14 8 14 11
14 8 15 8
14 0 14 8
13 16 13 17
13 15 13 16
13 15 14 15
13 13 14 13
13 12 13 13
13 2 13 3
13 1 13 2
12 17 13 17
12 13 12 17
12 13 13 13
12 12 12 13
12 12 13 12
12 11 12 12
12 11 14 11
11 13 12 13
11 12 11 13
11 12 12 12
11 6 11 7
11 3 13 3
11 2 11 3
11 2 13 2
11 1 11 2
11 0 11 1
10 13 10 14
10 13 11 13
10 8 10 13
10 7 10 8
10 7 11 7
10 0 11 0
9 14 10 14
9 13 9 14
9 13 10 13
9 9 9 13
9 8 9 9
9 8 10 8
9 6 11 6
9 5 9 6
9 4 9 5
9 3 9 4
9 3 11 3
8 17 9 17
8 6 9 6
8 1 8 2
7 9 7 10
7 9 9 9
7 7 7 9
7 3 7 4
7 2 7 3
7 2 8 2
6 16 7 16
6 10 6 11
6 10 7 10
6 5 6 10
5 16 5 17
5 16 6 16
5 14 5 16
5 5 6 5
4 11 6 11
4 10 4 11
4 8 4 10
4 8 5 8
4 5 5 5
3 8 4 8
3 5 4 5
2 14 3 14
2 9 2 10
2 8 2 9
2 8 3 8
2 5 2 8
2 5 3 5
1 10 2 10
1 9 1 10
1 9 2 9
1 6 1 7
1 0 1 1
1 0 3 0
0 10 1 10
17 13 17 15
17 12 17 13
17 10 17 12
16 15 17 15
16 13 16 15
16 13 17 13
16 11 16 13
16 9 16 11
16 0 16 1
15 15 15 16
15 15 16 15
15 14 15 15
15 1 16 1
15 0 15 1
15 0 16 0
14 16 15 16
13 6 13 9
13 5 13 6
13 4 13 5
12 6 13 6
12 4 12 6
12 4 13 4
12 0 12 1
11 15 11 16
11 8 11 11
11 4 12 4
10 16 10 17
10 16 11 16
10 15 10 16
10 15 11 15
10 4 11 4
9 15 10 15
9 1 9 2
8 16 10 16
8 15 8 16
8 15 9 15
8 14 8 15
8 7 8 8
8 7 9 7
8 3 8 4
7 14 8 14
7 0 8 0
6 3 6 4
6 2 6 3
6 1 6 2
5 12 6 12
5 4 6 4
5 1 6 1
4 15 4 16
4 14 4 15
4 13 4 14
4 12 4 13
4 12 5 12
4 6 4 7
4 4 5 4
4 3 4 4
3 16 3 17
3 16 4 16
3 6 4 6
3 4 4 4
3 1 3 4
2 17 3 17
2 16 2 17
2 16 3 16
2 12 4 12
2 11 2 12
2 1 2 2
2 1 3 1
1 17 2 17
1 16 1 17
1 16 2 16
1 15 1 16
1 15 4 15
1 13 1 15
1 13 4 13
1 11 1 13
1 11 2 11
1 3 1 5
0 15 1 15
0 13 0 15
0 13 1 13
0 12 0 13
0 8 0 9
0 8 1 8
0 7 0 8
0 2 2 2
0 0 0 2
