32
23 4 22 4
22 1 22 0
21 1 21 0
13 20 13 19
9 22 8 22
9 6 8 6
4 11 3 11
2 5 2 4
21 14 20 14
21 8 20 8
21 3 21 2
20 10 19 10
14 10 13 10
14 4 14 3
7 15 7 14
7 14 7 13
7 13 7 12
6 11 5 11
5 23 5 22
4 15 4 14
23 9 22 9
23 8 22 8
20 11 20 10
16 16 16 15
16 15 16 14
14 16 14 15
12 5 11 5
10 3 9 3
8 21 8 20
5 20 4 20
5 18 5 17
4 7 3 7
194
23 0 23 3
22 7 23 7
22 4 22 5
22 0 23 0
21 4 22 4
21 0 22 0
19 22 19 23
19 21 19 22
19 14 19 18
18 12 18 13
17 18 19 18
17 12 17 18
17 12 18 12
17 5 17 12
17 0 21 0
16 22 16 23
15 23 16 23
15 19 15 21
15 16 15 19
14 23 15 23
14 21 14 23
14 21 15 21
14 19 15 19
13 19 14 19
12 21 14 21
12 19 12 21
12 19 13 19
12 0 12 2
12 0 13 0
11 10 11 12
11 0 12 0
10 17 10 20
10 14 10 17
8 22 8 23
8 8 9 8
8 7 8 8
8 6 8 7
7 3 7 4
6 19 6 20
6 17 6 19
6 17 7 17
6 7 8 7
6 6 6 7
6 6 8 6
6 5 6 6
5 7 6 7
5 6 5 7
5 6 6 6
4 8 4 9
4 8 8 8
3 11 3 12
2 11 3 11
2 9 2 11
2 9 4 9
1 22 2 22
1 4 2 4
1 1 1 2
0 23 3 23
0 22 0 23
0 22 1 22
0 15 0 22
23 10 23 11
23 5 23 6
21 13 23 13
20 14 20 15
20 8 20 9
20 6 20 8
20 5 20 6
20 2 20 5
20 2 21 2
19 11 19 12
19 10 19 11
18 11 19 11
18 9 18 11
18 8 18 9
18 8 20 8
18 7 18 8
18 4 18 7
18 2 18 4
18 2 20 2
18 1 18 2
17 21 17 22
17 1 18 1
14 7 15 7
14 2 14 3
14 0 14 2
14 0 16 0
13 16 13 18
13 10 13 11
13 3 13 10
13 3 14 3
12 23 13 23
12 18 13 18
12 10 13 10
12 3 13 3
11 23 12 23
10 23 11 23
9 19 9 21
9 14 9 15
8 19 9 19
8 12 10 12
8 11 8 12
8 10 8 11
7 19 8 19
7 12 8 12
6 13 6 14
6 9 6 10
5 22 6 22
5 21 5 22
5 13 6 13
5 12 5 13
5 11 5 12
5 9 5 11
5 9 6 9
5 4 5 5
5 1 8 1
4 14 6 14
4 12 4 14
4 12 5 12
3 14 4 14
3 13 3 14
2 1 2 2
1 17 1 21
1 13 1 17
1 13 3 13
1 11 1 13
1 7 1 8
0 11 1 11
22 14 22 17
22 14 23 14
22 9 22 10
22 8 22 9
21 10 22 10
20 10 21 10
18 14 18 15
17 2 17 3
16 8 16 10
16 3 17 3
15 14 15 15
15 14 16 14
15 11 15 12
15 10 15 11
15 10 16 10
15 8 16 8
14 15 15 15
14 14 14 15
14 14 15 14
12 14 12 15
12 14 14 14
12 11 12 14
11 20 11 21
11 19 11 20
11 15 12 15
11 5 11 6
10 9 10 11
10 7 10 9
9 11 10 11
9 7 10 7
9 4 9 7
9 3 9 4
8 14 8 15
7 20 7 23
7 20 8 20
6 0 8 0
5 0 6 0
4 23 7 23
4 22 4 23
4 21 4 22
4 20 4 21
4 17 4 20
4 17 5 17
4 2 4 5
3 22 4 22
3 21 3 22
3 21 4 21
3 20 3 21
3 20 4 20
3 16 3 20
3 7 3 8
3 5 3 7
3 5 4 5
3 3 3 5
3 2 3 3
3 2 4 2
3 0 5 0
2 21 3 21
2 17 2 19
2 15 8 15
2 14 2 15
2 7 3 7
1 3 3 3
0 10 1 10
0 0 0 1
0 0 3 0
