31
31 15 30 15
15 26 14 26
36 1 36 0
34 1 34 0
31 19 31 18
29 10 28 10
19 26 18 26
19 25 18 25
18 27 17 27
18 26 17 26
18 25 17 25
8 24 7 24
5 37 5 36
4 37 4 36
3 14 2 14
37 31 36 31
34 4 34 3
27 23 27 22
27 22 27 21
21 33 21 32
9 10 9 9
3 24 2 24
2 10 2 9
1 35 0 35
36 17 36 16
30 10 29 10
23 3 23 2
19 19 19 18
16 1 15 1
15 25 15 24
14 12 14 11
190
37 33 37 34
35 34 37 34
32 21 32 26
32 2 35 2
30 15 30 16
29 26 32 26
29 22 29 26
27 25 27 31
26 28 26 35
23 22 23 26
23 18 23 22
23 1 30 1
22 16 30 16
22 1 23 1
22 0 22 1
21 23 21 24
21 22 21 23
21 20 21 22
20 22 21 22
18 20 18 21
18 20 21 20
18 4 26 4
18 3 18 4
17 9 17 11
14 26 14 27
13 0 13 2
13 0 18 0
12 20 12 21
12 20 18 20
12 18 12 20
12 0 13 0
11 21 11 24
11 21 12 21
11 15 30 15
10 15 11 15
10 10 10 15
10 8 10 10
9 11 9 12
5 21 5 23
4 33 6 33
2 21 5 21
2 11 2 13
1 23 1 27
0 31 1 31
0 13 0 15
0 13 2 13
37 3 37 4
35 24 35 25
35 4 35 8
35 4 37 4
35 0 36 0
34 0 35 0
33 0 33 1
33 0 34 0
32 28 32 32
31 14 31 18
31 12 31 14
31 1 33 1
30 18 31 18
30 14 31 14
30 12 30 14
30 12 31 12
29 18 30 18
29 14 30 14
28 32 32 32
28 11 28 13
28 10 28 11
26 12 26 13
25 28 25 31
25 11 28 11
20 28 25 28
18 7 18 10
17 30 17 37
17 29 17 30
17 29 23 29
17 28 17 29
17 27 17 28
17 26 17 27
17 25 17 26
16 12 19 12
16 9 16 12
14 28 17 28
14 18 17 18
14 16 14 18
10 29 10 33
10 29 17 29
9 29 10 29
8 32 8 36
7 32 7 34
7 32 8 32
7 25 7 32
7 24 7 25
6 36 8 36
6 15 6 19
6 6 6 11
5 36 6 36
4 36 5 36
4 34 4 36
4 22 4 24
2 14 2 15
1 34 4 34
1 15 2 15
36 31 36 32
36 29 36 31
36 20 36 29
36 18 36 20
35 18 36 18
35 16 35 18
34 32 34 34
34 32 36 32
34 31 34 32
34 31 36 31
34 16 35 16
33 3 34 3
31 3 33 3
30 36 35 36
30 33 30 36
30 33 32 33
28 36 28 37
28 36 30 36
28 33 28 36
28 33 30 33
26 21 26 22
26 21 27 21
25 22 26 22
25 14 26 14
24 3 28 3
20 33 20 34
20 32 20 33
20 32 21 32
20 30 20 32
20 12 23 12
20 10 20 12
19 33 20 33
15 7 15 11
13 25 14 25
11 36 13 36
11 6 11 8
8 25 8 27
8 25 9 25
8 9 9 9
7 37 9 37
7 2 7 3
2 24 2 25
1 9 2 9
1 7 1 9
1 5 1 7
0 35 0 36
0 3 7 3
37 19 37 23
37 16 37 19
36 16 37 16
36 11 36 16
34 17 34 24
33 17 33 28
33 17 34 17
33 15 33 17
33 13 33 15
32 13 32 14
32 13 33 13
32 12 32 13
32 6 32 7
32 4 32 6
29 10 29 11
28 29 29 29
22 33 24 33
22 20 22 22
22 2 23 2
21 18 21 19
20 23 20 25
20 18 21 18
19 18 20 18
18 31 18 33
18 16 20 16
15 16 18 16
15 1 15 2
14 31 14 32
14 31 15 31
14 24 15 24
14 19 17 19
13 22 17 22
13 11 14 11
12 4 12 13
12 3 12 4
8 6 8 8
8 1 8 6
4 5 7 5
1 29 5 29
0 33 0 34
0 10 0 11
