40
31 12 31 11
24 13 24 12
23 27 22 27
20 21 19 21
17 13 17 12
15 2 15 1
7 4 7 3
5 22 4 22
5 16 4 16
4 23 3 23
4 22 3 22
29 26 29 25
25 22 25 21
25 16 25 15
23 15 23 14
21 22 21 21
31 4 30 4
30 20 30 19
26 29 26 28
20 10 20 9
19 19 19 18
18 27 18 26
18 4 18 3
17 27 17 26
14 17 14 16
7 10 7 9
6 14 5 14
1 27 1 26
30 21 30 20
25 26 24 26
23 25 23 24
18 21 17 21
6 12 5 12
4 19 3 19
2 11 2 10
25 6 24 6
21 20 21 19
19 29 18 29
16 14 15 14
1 29 1 28
209
30 26 30 27
30 11 31 11
28 27 30 27
28 18 29 18
27 12 27 14
27 6 27 10
26 14 27 14
23 12 24 12
22 27 22 28
21 28 22 28
21 15 21 16
21 10 21 15
19 21 19 22
18 22 19 22
16 12 17 12
16 8 16 12
14 1 15 1
13 26 13 31
13 25 13 26
13 12 13 13
10 26 13 26
10 25 10 26
10 19 10 23
10 9 10 13
9 19 10 19
9 18 9 19
8 30 9 30
8 25 10 25
8 20 8 25
8 14 8 17
8 5 9 5
8 3 8 5
7 3 8 3
7 2 7 3
6 19 9 19
6 3 7 3
5 19 6 19
4 16 4 17
4 11 4 13
3 23 3 24
3 22 3 23
2 24 3 24
1 24 1 25
1 24 2 24
1 18 1 20
1 18 3 18
0 29 0 30
0 20 1 20
30 14 31 14
29 7 29 8
29 5 29 7
28 25 29 25
26 15 27 15
25 21 26 21
25 20 25 21
25 15 26 15
24 29 24 30
23 30 24 30
23 21 23 22
23 21 25 21
22 21 23 21
22 14 22 16
22 14 23 14
22 4 22 5
21 21 22 21
20 17 20 19
20 16 20 17
20 11 20 13
20 3 21 3
19 25 20 25
18 19 18 20
17 14 17 16
15 29 17 29
15 27 15 29
15 25 15 27
15 13 20 13
15 10 15 13
14 25 15 25
14 13 15 13
12 3 12 4
11 1 11 2
11 0 11 1
8 6 13 6
7 6 8 6
6 6 7 6
3 1 3 2
2 21 5 21
1 21 1 22
1 21 2 21
0 22 1 22
30 16 30 17
30 16 31 16
30 4 30 5
29 19 30 19
27 19 27 20
26 3 26 7
25 28 25 30
25 28 26 28
24 16 24 17
23 0 29 0
20 2 21 2
19 17 19 18
19 9 20 9
19 3 19 9
18 26 19 26
18 25 18 26
18 18 19 18
18 16 18 18
18 14 18 16
18 14 20 14
18 3 19 3
17 26 18 26
16 25 18 25
13 16 14 16
13 3 18 3
11 23 11 24
11 3 11 5
10 16 13 16
9 2 9 4
9 2 10 2
7 8 7 9
7 1 8 1
6 9 7 9
5 15 5 17
5 14 5 15
4 20 5 20
3 15 3 16
3 15 5 15
2 29 5 29
2 28 2 29
2 26 2 28
1 26 2 26
1 14 2 14
0 14 1 14
30 6 30 7
29 20 30 20
29 10 29 11
29 9 29 10
29 9 31 9
29 2 29 3
29 2 31 2
28 20 29 20
27 31 28 31
27 11 29 11
24 26 24 27
24 24 24 26
23 24 24 24
22 30 22 31
22 29 22 30
21 31 22 31
21 30 21 31
21 30 22 30
19 30 21 30
17 22 17 23
17 21 17 22
17 11 19 11
16 21 17 21
16 4 16 5
14 27 14 28
13 9 15 9
13 7 13 9
13 4 16 4
12 9 13 9
6 31 8 31
5 31 6 31
5 24 5 25
5 12 5 13
5 9 5 12
4 24 5 24
3 19 3 20
1 10 2 10
1 8 1 10
0 3 0 5
0 3 2 3
28 6 28 7
24 6 24 7
23 23 24 23
22 23 22 24
22 23 23 23
22 22 22 23
22 19 23 19
22 9 22 10
21 19 22 19
21 6 24 6
18 29 18 30
18 8 18 9
18 5 18 8
17 30 18 30
17 9 18 9
17 4 17 9
15 14 15 15
15 0 16 0
14 14 15 14
13 17 13 18
13 2 16 2
12 2 13 2
11 28 11 31
11 27 11 28
11 10 11 11
11 7 11 10
10 17 13 17
8 26 8 27
6 20 6 23
2 7 11 7
2 5 2 7
1 5 2 5
1 4 1 5
1 0 1 1
0 28 1 28
