12
24 31 24 30
13 26 13 25
12 29 12 28
1 7 0 7
35 28 34 28
25 11 24 11
21 29 21 28
21 3 21 2
15 34 15 33
8 28 8 27
6 24 6 23
4 15 4 14
133
36 11 36 19
36 8 36 11
33 31 33 36
33 30 33 31
32 31 32 32
32 31 33 31
32 10 32 13
32 9 32 10
30 32 32 32
29 8 29 14
29 4 29 8
29 4 35 4
27 28 27 29
26 12 26 23
26 3 26 12
25 30 33 30
25 17 25 19
24 30 25 30
24 28 24 30
24 28 27 28
23 36 33 36
23 17 23 36
23 17 25 17
23 13 23 17
22 17 23 17
22 9 22 17
22 9 24 9
21 13 21 21
20 36 23 36
20 23 20 36
20 13 21 13
18 36 20 36
18 22 18 36
18 18 18 22
18 16 18 18
18 16 19 16
17 2 17 15
15 22 15 25
15 22 18 22
15 16 15 22
15 2 15 16
15 2 17 2
14 25 15 25
14 5 14 25
13 25 14 25
13 13 13 25
12 28 17 28
12 26 12 28
12 17 12 26
12 4 12 6
11 28 11 30
11 28 12 28
11 17 12 17
10 26 12 26
10 17 10 26
10 17 11 17
9 16 9 25
9 10 9 16
7 26 10 26
6 26 7 26
6 12 6 13
5 32 6 32
5 12 6 12
5 4 5 12
4 21 4 25
3 33 3 35
3 31 3 33
3 27 3 31
3 13 6 13
0 10 0 22
0 8 0 10
0 7 0 8
0 2 0 7
34 28 34 29
34 9 34 10
34 9 35 9
34 7 34 9
33 23 36 23
31 5 31 8
30 8 30 15
30 8 31 8
29 31 29 32
29 26 32 26
29 25 29 26
28 16 28 18
28 3 28 16
28 3 29 3
27 26 29 26
26 26 27 26
24 12 24 14
24 11 24 12
22 28 22 33
22 22 22 28
22 2 22 7
21 28 22 28
21 2 22 2
20 7 22 7
19 28 19 33
19 1 19 13
19 1 33 1
16 4 16 16
15 29 15 33
15 26 15 27
14 33 15 33
13 34 13 36
13 4 13 5
13 1 13 4
13 1 19 1
12 34 13 34
11 36 13 36
11 13 12 13
11 5 11 13
11 3 11 5
8 0 8 14
8 0 10 0
7 27 8 27
7 14 8 14
7 12 7 14
6 22 6 23
5 23 6 23
5 1 5 2
4 14 7 14
3 15 3 25
3 14 3 15
3 14 4 14
3 7 3 10
3 6 3 7
3 0 3 6
2 15 2 18
2 15 3 15
1 0 1 9
1 0 3 0
0 34 2 34
