24
22 23 22 22
22 6 22 5
17 1 17 0
12 3 11 3
6 5 6 4
3 6 2 6
0 11 0 10
18 13 18 12
17 20 17 19
12 23 12 22
9 8 8 8
6 21 6 20
6 15 5 15
5 10 5 9
5 5 4 5
3 11 3 10
2 21 1 21
23 2 22 2
13 11 12 11
10 21 10 20
10 20 10 19
8 6 8 5
4 16 3 16
3 14 3 13
211
23 11 23 12
22 22 23 22
22 21 22 22
21 14 23 14
21 12 21 14
21 5 21 7
21 5 22 5
20 22 20 23
20 20 20 22
20 19 20 20
20 14 21 14
20 11 23 11
20 0 23 0
19 20 20 20
19 8 23 8
19 7 19 8
19 7 21 7
19 2 19 3
19 2 21 2
18 3 19 3
18 0 18 3
18 0 20 0
17 10 17 12
17 10 18 10
17 7 19 7
17 0 18 0
15 22 20 22
15 17 17 17
15 16 15 17
15 11 15 16
15 9 16 9
15 6 15 9
15 1 15 6
14 17 14 18
14 17 15 17
14 16 14 17
14 16 15 16
14 13 14 14
14 7 14 13
14 3 14 4
13 18 13 19
13 18 14 18
13 16 14 16
13 6 15 6
12 18 13 18
12 14 14 14
11 3 11 4
10 18 12 18
9 14 12 14
9 6 13 6
8 14 9 14
8 13 8 14
8 12 8 13
8 10 8 12
7 2 8 2
5 4 6 4
5 2 5 4
5 2 7 2
4 20 4 21
4 14 5 14
4 12 4 14
2 6 2 7
2 2 2 6
2 2 5 2
1 12 4 12
1 10 1 12
1 6 2 6
1 2 2 2
1 1 1 2
0 18 1 18
0 10 1 10
0 7 0 10
0 6 0 7
0 6 1 6
0 2 1 2
23 5 23 7
22 18 22 20
22 17 22 18
21 20 22 20
21 17 22 17
21 4 22 4
20 12 20 13
20 5 20 6
19 18 19 19
19 15 19 18
19 12 20 12
19 10 19 12
19 10 23 10
18 12 19 12
17 19 19 19
17 8 17 9
17 8 18 8
16 19 16 20
16 19 17 19
16 0 16 1
15 18 19 18
15 0 16 0
13 20 16 20
13 15 14 15
13 5 14 5
13 4 13 5
13 3 13 4
12 22 13 22
12 21 12 22
12 8 13 8
12 5 13 5
12 4 12 5
12 4 13 4
11 15 13 15
11 5 12 5
10 17 13 17
10 5 11 5
9 2 9 3
8 18 8 19
8 8 8 9
7 16 7 23
7 16 9 16
7 10 7 11
7 8 8 8
7 6 7 8
6 9 6 14
6 8 6 9
6 8 7 8
6 0 6 1
6 0 7 0
5 20 6 20
5 18 5 20
5 17 5 18
5 16 5 17
5 16 7 16
5 15 5 16
5 9 6 9
5 8 5 9
5 8 6 8
4 17 5 17
4 5 4 6
3 10 4 10
3 9 3 10
3 8 3 9
3 8 5 8
1 21 1 22
1 9 3 9
0 3 0 5
23 19 23 21
23 17 23 19
22 13 23 13
22 12 22 13
22 2 22 3
21 15 22 15
19 13 19 14
18 4 19 4
17 15 17 16
17 15 18 15
17 4 17 6
17 4 18 4
16 15 17 15
16 13 16 15
16 13 19 13
16 12 16 13
16 11 16 12
16 6 17 6
16 2 16 3
13 2 14 2
12 11 12 12
12 9 12 11
12 0 12 1
11 23 13 23
11 22 11 23
11 12 11 13
11 12 12 12
11 11 11 12
11 11 12 11
11 8 11 11
10 11 11 11
10 10 10 11
10 8 10 10
10 8 11 8
9 19 9 20
9 19 10 19
9 18 9 19
9 17 9 18
9 15 10 15
9 11 10 11
8 23 11 23
8 3 8 5
7 15 9 15
7 13 7 15
7 5 8 5
5 11 5 12
3 22 4 22
3 20 3 22
3 17 3 20
3 16 3 17
2 17 2 19
2 17 3 17
2 15 2 17
2 13 2 15
2 13 3 13
1 15 1 16
1 15 2 15
1 14 1 15
1 13 1 14
1 13 2 13
1 4 1 5
1 0 3 0
0 22 0 23
0 20 0 22
0 17 2 17
0 16 0 17
0 16 1 16
0 0 1 0
