20
44 4 44 3
33 36 33 35
26 23 25 23
25 8 25 7
18 5 18 4
17 41 17 40
3 28 3 27
37 24 36 24
34 10 34 9
29 43 28 43
18 6 17 6
15 35 15 34
40 4 40 3
27 37 26 37
6 9 6 8
39 42 38 42
37 2 37 1
34 20 33 20
29 39 29 38
28 14 28 13
146
44 31 44 38
43 3 43 14
43 3 44 3
42 22 43 22
38 14 38 20
38 13 38 14
36 35 36 36
35 39 39 39
35 31 35 39
33 30 33 35
32 35 33 35
31 0 31 6
31 0 37 0
30 32 30 34
26 7 26 14
25 23 25 24
25 7 26 7
24 41 25 41
24 7 25 7
23 41 24 41
23 33 23 41
22 41 23 41
21 29 21 32
21 28 21 29
18 40 19 40
18 38 18 40
18 24 18 38
18 24 20 24
17 40 18 40
17 4 18 4
15 7 15 19
15 7 16 7
14 1 14 11
14 1 21 1
13 27 13 28
13 20 13 27
11 21 11 26
8 28 13 28
7 22 7 42
7 1 14 1
5 2 5 4
3 6 3 7
3 6 12 6
2 27 3 27
42 30 42 40
39 0 39 1
38 40 42 40
38 0 38 5
38 0 39 0
36 24 36 25
35 24 35 29
35 24 36 24
35 11 35 24
35 11 38 11
34 29 35 29
33 9 34 9
33 5 38 5
32 13 32 27
28 43 28 44
27 44 28 44
27 14 27 16
27 10 27 14
27 10 29 10
26 42 31 42
26 29 26 36
24 23 24 32
24 20 24 23
23 43 28 43
22 9 22 12
22 5 22 9
20 26 20 29
17 12 22 12
17 7 17 12
17 6 17 7
16 23 24 23
16 18 16 23
16 12 17 12
16 6 17 6
14 34 15 34
11 44 16 44
9 44 11 44
9 36 9 44
7 13 9 13
5 22 5 32
1 43 6 43
43 24 43 36
39 24 39 31
39 24 43 24
39 3 40 3
36 31 39 31
34 42 35 42
33 7 35 7
31 38 33 38
31 7 33 7
30 20 30 31
27 4 27 6
26 37 26 38
25 38 26 38
22 42 22 44
22 4 27 4
19 4 22 4
19 3 19 4
19 3 25 3
16 34 16 43
16 15 18 15
16 9 16 11
15 5 16 5
14 21 15 21
14 14 14 21
13 5 13 7
12 20 12 23
10 41 10 42
5 8 5 11
5 8 6 8
3 11 5 11
3 8 5 8
0 21 0 23
41 28 41 30
40 10 40 14
38 42 38 43
36 10 40 10
36 9 36 10
36 1 37 1
35 43 38 43
33 20 33 21
33 6 38 6
31 31 31 33
30 43 35 43
30 13 30 15
30 11 30 13
30 11 31 11
29 17 29 30
29 13 30 13
28 38 29 38
28 13 29 13
21 13 21 17
18 10 18 11
10 0 13 0
9 17 13 17
8 33 8 39
3 35 3 41
3 20 10 20
2 13 6 13
2 9 2 13
1 25 1 28
0 33 0 36
