16
21 16 21 15
17 16 17 15
8 7 7 7
7 1 6 1
5 6 5 5
24 9 23 9
18 22 18 21
8 17 8 16
6 8 5 8
2 7 2 6
24 18 24 17
19 3 18 3
14 7 13 7
21 17 21 16
9 9 9 8
3 9 2 9
192
24 12 24 13
24 11 24 12
23 15 24 15
23 7 24 7
22 2 22 3
21 15 23 15
21 3 22 3
20 15 21 15
20 3 21 3
20 2 20 3
20 2 22 2
18 1 18 2
17 15 18 15
17 14 17 15
16 15 17 15
16 14 16 15
16 14 17 14
16 13 16 14
16 2 18 2
15 13 16 13
14 19 14 20
14 1 14 2
12 3 13 3
9 4 10 4
7 7 7 8
6 1 6 2
5 19 5 21
5 10 6 10
4 13 5 13
4 5 4 6
4 5 5 5
4 2 6 2
3 16 4 16
2 24 3 24
2 18 3 18
2 17 2 18
2 12 3 12
2 11 2 12
1 2 1 3
1 1 1 2
0 14 1 14
0 13 0 14
0 6 0 7
0 2 1 2
24 19 24 20
23 3 23 4
20 10 20 11
20 5 20 7
19 0 19 1
19 0 20 0
16 3 17 3
14 24 15 24
14 3 16 3
13 20 13 21
13 19 13 20
13 16 14 16
13 15 13 16
13 12 13 13
12 19 13 19
10 22 10 23
10 6 10 8
9 17 9 18
9 1 10 1
4 19 4 20
4 17 4 19
4 17 5 17
4 9 4 10
4 8 4 9
3 19 4 19
3 1 3 2
3 1 4 1
2 19 2 20
2 19 3 19
1 7 1 8
23 9 23 10
22 18 22 20
22 18 23 18
22 12 22 14
21 21 21 22
21 1 22 1
20 14 22 14
19 4 20 4
18 20 18 21
17 21 18 21
17 17 18 17
17 11 17 12
16 11 17 11
16 6 16 8
16 1 17 1
16 0 16 1
15 21 15 23
15 8 16 8
15 1 15 2
15 1 16 1
14 23 15 23
14 5 15 5
12 20 12 21
9 10 9 11
9 0 10 0
8 12 8 13
8 11 8 12
8 11 9 11
7 16 8 16
7 12 8 12
7 11 7 12
7 11 8 11
7 9 7 11
6 5 6 6
6 4 6 5
6 3 6 4
5 8 5 9
3 13 3 14
2 3 2 4
1 6 2 6
23 17 24 17
23 6 24 6
19 16 19 17
19 9 20 9
19 6 19 7
18 3 18 4
17 7 17 8
17 4 18 4
16 4 16 5
16 4 17 4
14 10 14 11
13 22 13 23
13 11 14 11
13 7 13 8
12 11 13 11
12 8 13 8
11 12 11 13
11 11 11 12
11 11 12 11
11 0 11 1
10 19 10 21
10 17 10 19
10 11 11 11
10 10 10 11
10 10 14 10
9 22 9 23
8 6 9 6
6 21 7 21
5 7 6 7
3 21 4 21
3 20 3 21
2 21 3 21
2 1 2 2
1 22 1 23
1 21 1 22
1 21 2 21
1 12 1 13
1 4 1 5
0 22 1 22
24 0 24 2
23 2 24 2
23 0 24 0
22 16 23 16
22 8 23 8
22 7 22 8
21 16 22 16
21 11 21 12
20 23 21 23
20 12 21 12
19 20 19 21
18 14 19 14
18 5 19 5
17 22 17 23
17 18 17 19
17 9 17 10
16 23 16 24
16 23 17 23
16 21 16 23
16 10 17 10
15 12 16 12
15 10 15 12
15 10 16 10
15 9 15 10
14 0 15 0
12 0 14 0
11 19 11 20
11 14 11 15
10 24 13 24
9 14 11 14
8 8 8 9
8 8 9 8
8 4 8 5
8 2 10 2
8 1 8 2
4 23 4 24
4 11 4 12
2 9 2 10
0 16 2 16
