13
32 31 31 31
30 4 30 3
25 22 25 21
23 10 23 9
16 3 15 3
6 19 5 19
26 31 25 31
26 25 26 24
19 13 19 12
18 28 18 27
15 21 14 21
3 31 3 30
1 1 0 1
138
32 5 32 6
31 31 31 32
31 29 31 31
31 27 31 29
31 21 31 27
31 3 31 21
30 29 30 30
30 29 31 29
30 15 30 17
30 3 31 3
28 2 28 14
27 20 27 21
27 20 29 20
27 17 27 20
27 17 30 17
26 21 27 21
26 20 26 21
26 20 27 20
26 1 26 20
25 21 26 21
25 16 25 21
25 8 25 16
24 27 31 27
24 21 24 27
24 21 25 21
24 12 24 14
23 24 23 25
23 3 23 9
23 2 23 3
22 25 23 25
22 9 23 9
21 5 21 11
20 29 30 29
20 22 20 29
19 29 20 29
19 25 19 29
19 24 19 25
17 16 18 16
16 21 24 21
16 11 16 21
16 11 21 11
16 7 16 11
16 1 18 1
15 25 19 25
15 3 15 4
14 25 15 25
14 18 15 18
14 14 14 18
14 13 14 14
14 12 14 13
13 29 13 31
13 29 19 29
13 26 13 29
13 20 13 26
12 26 13 26
12 25 12 26
12 3 12 8
12 3 15 3
11 20 13 20
11 12 11 20
10 29 13 29
10 1 10 24
10 1 16 1
10 0 10 1
9 5 9 15
8 10 8 11
7 13 7 14
7 10 7 13
7 10 8 10
6 0 10 0
5 24 10 24
5 20 5 24
5 19 5 20
4 1 4 10
4 1 10 1
1 19 5 19
32 0 32 4
30 19 30 21
29 21 29 26
29 21 30 21
29 19 30 19
28 22 28 24
28 21 28 22
28 21 29 21
27 0 32 0
26 24 28 24
25 31 25 32
25 24 25 25
25 24 26 24
24 0 24 1
24 0 27 0
22 31 25 31
22 30 22 31
22 11 22 17
21 31 22 31
21 30 21 31
21 30 22 30
20 30 21 30
20 20 24 20
20 18 20 20
20 16 20 18
20 0 24 0
19 3 19 8
18 12 18 13
18 12 19 12
17 27 18 27
17 18 20 18
17 17 17 18
16 4 16 5
15 14 15 15
15 5 15 14
15 5 16 5
14 22 17 22
14 21 14 22
14 4 14 7
13 5 13 19
12 30 12 32
12 12 12 16
10 30 12 30
9 20 9 22
8 25 10 25
8 13 8 19
7 22 9 22
6 20 9 20
5 15 5 17
5 12 5 15
5 8 5 12
4 32 12 32
4 24 4 32
3 15 5 15
3 9 3 15
3 6 3 9
2 30 3 30
2 14 2 18
2 5 2 14
0 9 0 11
0 2 0 9
0 1 0 2
