32
30 14 30 13
21 17 20 17
19 19 19 18
18 25 17 25
16 21 15 21
13 30 13 29
11 30 11 29
11 25 10 25
11 22 11 21
10 26 9 26
8 30 8 29
30 11 30 10
28 3 28 2
26 28 25 28
24 10 23 10
11 14 11 13
8 8 8 7
7 14 7 13
7 1 7 0
5 6 5 5
4 16 4 15
2 13 1 13
2 12 1 12
30 28 29 28
22 8 22 7
19 4 19 3
18 7 18 6
14 20 14 19
10 24 9 24
8 16 8 15
7 6 6 6
3 22 2 22
177
29 13 30 13
28 7 28 11
28 6 28 7
27 23 27 26
27 20 27 23
26 23 27 23
26 20 27 20
26 12 26 18
26 11 26 12
26 11 28 11
26 9 26 11
25 10 25 14
24 20 26 20
23 9 26 9
23 8 23 9
23 8 24 8
22 18 23 18
22 3 23 3
20 18 22 18
20 17 20 18
19 18 20 18
19 10 19 18
19 6 19 10
17 25 17 26
17 17 17 19
17 11 17 13
15 28 15 29
15 22 15 28
15 21 15 22
15 2 15 4
15 1 15 2
14 21 15 21
14 1 15 1
13 29 15 29
13 27 13 29
13 20 13 27
12 29 13 29
12 13 12 15
12 13 17 13
12 9 12 13
12 5 12 9
12 5 13 5
11 29 12 29
11 21 12 21
9 26 9 27
9 11 9 14
8 29 11 29
7 29 8 29
7 2 8 2
5 27 5 28
5 10 6 10
4 9 4 13
4 9 12 9
2 9 4 9
2 2 3 2
1 2 1 5
1 2 2 2
0 26 9 26
0 24 0 26
0 24 6 24
0 2 1 2
30 22 30 24
30 17 30 22
29 18 29 20
29 16 29 18
29 10 29 11
29 10 30 10
29 2 30 2
28 14 28 15
28 2 29 2
28 1 28 2
27 6 27 8
27 1 27 6
27 1 28 1
26 19 27 19
25 28 25 29
25 6 27 6
24 29 25 29
24 28 24 29
24 28 25 28
24 12 24 15
23 15 23 16
23 15 24 15
23 10 23 11
22 27 23 27
22 11 23 11
22 4 25 4
20 1 20 5
20 1 27 1
18 21 18 24
18 20 18 21
18 16 18 20
17 21 18 21
16 5 20 5
16 4 16 5
15 15 17 15
10 13 11 13
10 2 11 2
9 21 9 22
8 21 9 21
8 4 8 7
8 0 9 0
7 11 7 13
7 10 7 11
7 10 9 10
7 7 8 7
7 0 8 0
6 13 7 13
4 5 5 5
4 4 4 5
3 17 3 19
3 15 3 17
3 15 4 15
3 0 3 1
1 16 1 17
1 15 1 16
1 14 1 15
1 13 1 14
1 12 1 13
1 8 1 12
29 28 29 29
28 18 28 20
25 5 26 5
24 17 24 18
24 6 24 7
23 12 23 14
23 7 24 7
22 7 23 7
21 29 21 30
21 25 21 29
21 24 21 25
21 24 22 24
21 21 21 24
21 21 26 21
20 29 21 29
20 24 21 24
20 23 20 24
20 22 20 23
20 21 20 22
20 21 21 21
20 20 20 21
20 14 23 14
19 30 21 30
19 21 20 21
18 3 19 3
17 6 17 10
17 6 18 6
17 3 17 4
17 3 18 3
15 19 16 19
14 19 15 19
14 2 14 5
13 8 16 8
12 25 12 28
12 23 12 25
11 28 12 28
11 20 12 20
11 17 11 20
11 3 12 3
10 16 13 16
10 14 10 16
9 24 9 25
9 15 9 19
9 8 10 8
9 3 9 8
9 3 11 3
8 15 9 15
7 23 7 24
7 23 12 23
7 21 7 23
6 6 6 7
5 11 5 15
5 7 6 7
2 23 7 23
2 22 2 23
2 15 2 17
0 16 0 22
