26
41 13 41 12
37 5 37 4
33 24 33 23
32 30 32 29
14 23 14 22
12 37 12 36
6 3 6 2
6 2 6 1
4 40 3 40
39 35 39 34
38 29 38 28
8 28 8 27
6 20 5 20
38 33 38 32
31 28 30 28
30 40 30 39
23 23 22 23
15 5 15 4
12 32 11 32
8 32 8 31
8 31 8 30
1 35 0 35
25 19 25 18
25 9 24 9
10 36 9 36
10 3 9 3
192
40 12 40 16
40 12 41 12
39 39 40 39
38 39 39 39
36 4 37 4
35 31 37 31
33 14 33 23
33 6 33 10
33 6 34 6
32 23 32 29
32 23 33 23
32 14 33 14
31 29 32 29
31 15 31 16
28 38 28 39
28 1 30 1
23 40 24 40
23 7 30 7
20 21 21 21
20 6 22 6
20 5 20 6
17 24 17 26
16 9 16 11
14 30 14 33
14 21 14 22
14 21 20 21
13 36 21 36
13 31 13 36
13 29 13 31
13 22 13 29
13 22 14 22
13 19 13 22
12 36 13 36
12 31 13 31
12 20 12 21
12 17 12 20
12 5 13 5
11 9 16 9
7 20 12 20
7 6 17 6
7 1 7 6
7 1 8 1
6 1 7 1
5 2 5 3
4 25 4 27
4 14 4 25
3 40 3 41
0 7 0 11
0 7 1 7
41 3 41 8
39 31 39 34
38 34 39 34
37 28 38 28
36 5 39 5
35 28 35 29
35 28 37 28
35 5 35 7
35 5 36 5
35 1 35 5
34 38 40 38
34 35 34 38
34 30 34 35
34 29 34 30
34 29 35 29
34 9 38 9
33 33 33 37
33 5 35 5
32 37 33 37
32 16 32 17
28 14 28 15
26 31 26 32
24 39 26 39
23 32 26 32
22 12 33 12
21 12 21 16
21 12 22 12
20 14 20 20
19 6 19 7
18 33 18 35
17 11 17 17
16 1 16 3
15 38 19 38
14 10 14 13
12 1 16 1
10 31 10 35
7 38 15 38
7 27 7 29
7 27 8 27
5 35 10 35
5 21 5 28
5 20 5 21
5 0 7 0
4 7 14 7
3 7 3 13
3 7 4 7
1 5 5 5
1 3 1 5
40 17 40 19
37 32 38 32
37 23 37 27
34 27 37 27
32 9 32 10
30 32 32 32
30 28 30 29
29 39 30 39
27 22 27 24
25 26 25 30
22 24 27 24
22 23 22 24
22 21 22 23
20 37 20 39
20 37 21 37
19 9 19 11
19 3 20 3
18 39 20 39
17 3 19 3
16 41 19 41
15 4 33 4
14 4 15 4
11 33 11 35
11 32 11 33
10 17 10 19
9 14 9 15
9 8 12 8
8 30 9 30
8 0 11 0
7 32 7 34
7 31 7 32
7 11 7 16
6 34 7 34
6 27 6 28
6 18 6 27
6 11 6 18
6 11 7 11
6 8 9 8
5 11 6 11
5 10 5 11
5 8 5 10
5 8 6 8
4 11 5 11
0 36 5 36
0 35 0 36
0 28 0 35
41 27 41 36
40 32 40 34
40 0 40 5
40 0 41 0
39 0 40 0
38 41 39 41
38 36 41 36
38 11 38 12
35 22 35 25
35 12 38 12
35 11 35 12
35 11 38 11
34 17 35 17
31 41 38 41
31 21 31 22
31 11 35 11
31 6 31 11
30 22 31 22
30 6 31 6
29 36 30 36
29 11 31 11
28 5 29 5
27 34 27 35
27 31 27 34
27 31 32 31
26 18 26 23
26 18 28 18
25 40 36 40
25 18 26 18
25 15 25 18
24 9 24 10
23 41 31 41
23 36 23 39
23 5 28 5
22 36 23 36
21 31 21 32
21 31 24 31
11 25 11 27
11 16 13 16
9 36 9 37
9 4 12 4
9 3 9 4
6 9 9 9
3 31 5 31
3 24 3 31
2 38 2 39
2 33 6 33
2 31 2 33
2 31 3 31
