13
21 16 20 16
18 4 18 3
14 6 14 5
6 2 6 1
22 14 22 13
14 2 14 1
2 2 1 2
2 1 1 1
9 16 9 15
6 3 6 2
8 20 8 19
5 22 5 21
11 16 10 16
192
23 13 23 14
23 8 23 9
23 6 23 8
22 9 22 10
22 9 23 9
22 4 22 5
21 5 22 5
20 18 21 18
20 17 20 18
20 16 20 17
19 21 20 21
19 7 20 7
18 13 19 13
18 1 18 3
17 3 18 3
15 16 15 17
14 16 15 16
13 16 14 16
13 5 14 5
11 5 13 5
10 13 10 15
10 11 11 11
10 0 10 1
9 13 10 13
9 7 9 8
9 6 9 7
9 6 10 6
9 0 10 0
6 21 9 21
5 16 6 16
5 1 6 1
4 16 5 16
4 7 5 7
4 6 4 7
3 7 4 7
3 0 4 0
21 22 21 23
21 13 22 13
20 13 20 15
20 13 21 13
19 4 19 5
19 4 20 4
17 6 17 7
16 22 16 23
16 22 17 22
15 3 15 4
14 20 14 21
13 18 13 19
13 18 14 18
13 6 13 7
13 1 14 1
12 21 12 22
11 18 11 19
10 8 10 10
9 18 11 18
9 17 9 18
9 4 10 4
9 3 9 4
9 2 9 3
8 14 9 14
7 6 7 7
6 22 6 23
6 6 7 6
5 17 6 17
4 15 5 15
2 17 3 17
2 16 2 17
1 10 1 11
1 10 2 10
1 2 1 3
1 1 1 2
0 15 0 16
0 10 1 10
0 7 0 8
22 23 23 23
22 20 22 21
22 20 23 20
22 19 22 20
22 18 22 19
21 20 22 20
20 9 20 10
19 19 20 19
19 18 19 19
18 19 19 19
17 16 17 17
17 14 17 16
16 19 18 19
16 18 16 19
16 10 16 11
13 4 14 4
12 17 13 17
12 0 13 0
11 20 11 21
11 7 12 7
10 20 11 20
8 15 9 15
8 12 8 13
8 9 8 10
8 9 9 9
8 5 8 7
7 10 8 10
5 13 5 14
5 5 5 6
5 5 6 5
5 4 5 5
5 3 5 4
5 2 5 3
5 2 6 2
4 4 5 4
4 3 4 4
4 3 5 3
3 10 3 11
2 18 2 19
2 18 3 18
2 11 3 11
0 17 1 17
23 0 23 1
22 16 22 17
22 16 23 16
21 17 22 17
21 11 21 12
19 22 20 22
19 8 19 9
19 3 20 3
17 23 18 23
16 15 16 16
15 15 16 15
15 9 15 10
15 8 15 9
14 15 15 15
14 9 15 9
13 21 13 22
13 20 13 21
13 15 14 15
13 14 13 15
13 13 13 14
13 9 14 9
12 13 13 13
12 3 12 4
11 3 12 3
11 2 11 3
10 3 11 3
9 19 10 19
8 19 9 19
8 11 9 11
8 2 8 3
7 19 8 19
7 17 7 19
7 17 8 17
7 11 8 11
7 8 8 8
4 21 5 21
4 18 4 19
4 18 6 18
2 23 3 23
2 20 2 21
2 3 2 4
1 20 2 20
0 13 1 13
21 3 22 3
20 5 20 6
19 12 20 12
19 11 19 12
19 10 19 11
17 18 18 18
17 9 18 9
16 20 17 20
16 9 17 9
16 2 16 3
16 1 16 2
16 0 16 1
16 0 17 0
15 20 16 20
15 1 16 1
14 12 14 13
12 8 13 8
11 9 11 10
10 16 10 17
9 22 10 22
7 13 7 14
7 12 7 13
7 2 7 3
6 12 7 12
5 12 6 12
2 6 3 6
1 7 1 8
0 20 0 21
0 19 0 20
0 19 1 19
0 2 0 5
0 1 0 2
0 0 0 1
