10
31 1 31 0
24 30 24 29
22 14 22 13
10 30 10 29
24 31 24 30
20 1 20 0
15 9 15 8
14 35 13 35
8 22 8 21
8 3 8 2
120
36 14 36 15
36 7 36 14
36 4 36 7
34 25 34 33
33 19 33 22
32 24 32 36
31 19 31 29
31 19 33 19
30 0 30 12
30 0 31 0
29 36 32 36
29 0 29 5
29 0 30 0
27 12 30 12
27 5 29 5
26 36 29 36
26 26 26 36
26 16 26 26
26 6 26 16
25 36 26 36
25 35 25 36
25 29 25 35
25 3 25 11
24 29 25 29
24 24 24 29
21 13 22 13
21 3 21 13
20 13 21 13
19 13 20 13
17 24 17 25
16 13 19 13
15 20 23 20
13 19 13 23
13 11 13 19
13 1 13 11
12 25 17 25
12 19 12 25
12 19 13 19
11 32 11 36
10 29 24 29
10 28 10 29
9 29 10 29
9 0 9 7
9 0 10 0
7 25 7 31
7 25 12 25
6 26 6 27
6 11 6 21
6 11 13 11
6 8 6 11
6 3 6 4
5 35 8 35
5 31 7 31
4 36 11 36
4 35 4 36
4 35 5 35
3 35 4 35
3 9 4 9
2 35 3 35
2 32 2 35
2 29 2 32
2 19 2 29
2 2 2 19
1 29 1 30
1 29 2 29
1 19 2 19
1 13 1 19
0 19 0 20
0 19 1 19
35 25 35 30
35 6 35 7
34 18 34 19
34 13 34 18
32 7 32 8
32 7 35 7
32 3 32 7
32 3 36 3
32 2 32 3
31 8 31 10
31 8 32 8
29 15 29 19
27 21 27 31
27 17 27 21
27 8 27 10
25 13 25 16
25 0 27 0
23 30 24 30
21 22 21 24
21 22 22 22
20 27 23 27
20 0 25 0
19 5 19 6
19 0 20 0
18 24 21 24
17 22 21 22
16 32 16 33
16 8 20 8
15 33 16 33
15 8 16 8
14 17 14 24
14 17 16 17
14 5 14 13
14 5 19 5
14 1 14 5
13 35 13 36
13 30 13 35
13 30 23 30
11 13 11 17
10 13 10 21
10 13 11 13
10 12 10 13
9 21 10 21
8 21 9 21
8 16 8 21
8 14 8 16
7 2 7 8
7 2 8 2
6 24 6 25
5 15 5 28
1 4 1 10
