22
39 11 39 10
28 12 27 12
11 16 10 16
5 27 5 26
42 42 42 41
34 34 34 33
34 13 34 12
30 22 30 21
29 10 29 9
27 5 26 5
16 18 16 17
12 19 12 18
38 5 37 5
26 40 26 39
17 29 17 28
11 8 11 7
42 20 42 19
42 4 42 3
40 20 40 19
33 5 32 5
27 41 26 41
12 3 12 2
174
41 4 41 10
39 10 41 10
38 10 39 10
35 8 40 8
32 3 34 3
30 38 33 38
29 1 29 2
29 1 38 1
28 35 35 35
27 29 27 30
27 29 29 29
27 12 27 13
25 15 33 15
25 11 25 15
24 33 24 37
22 36 22 37
21 36 22 36
21 8 35 8
19 31 32 31
18 38 23 38
18 31 19 31
17 6 17 20
16 31 18 31
16 6 16 10
16 6 17 6
16 0 20 0
15 31 16 31
14 3 32 3
12 26 13 26
10 38 10 40
10 17 10 24
10 16 10 17
9 31 9 32
9 22 9 27
7 27 9 27
7 26 7 27
6 26 7 26
5 40 10 40
5 39 5 40
5 26 6 26
4 6 16 6
3 26 3 28
3 26 5 26
2 13 11 13
2 2 2 7
1 13 2 13
0 38 10 38
41 41 42 41
41 29 41 37
41 16 41 17
39 41 41 41
39 26 39 41
38 24 40 24
33 33 34 33
33 13 33 14
33 12 33 13
33 12 34 12
32 20 32 21
32 20 34 20
30 33 30 34
30 33 33 33
30 21 32 21
30 13 33 13
30 4 37 4
29 21 30 21
29 9 31 9
28 9 29 9
27 20 32 20
26 20 27 20
26 5 26 6
25 34 30 34
23 20 23 25
23 20 26 20
15 41 20 41
15 17 16 17
14 23 14 34
13 23 14 23
13 18 13 23
12 18 13 18
11 38 16 38
10 28 10 30
10 12 12 12
9 28 10 28
8 30 8 35
8 30 10 30
7 41 15 41
5 41 7 41
40 12 40 14
39 12 40 12
38 40 38 42
38 12 39 12
37 5 37 6
36 10 36 14
35 18 39 18
34 9 35 9
33 42 38 42
32 26 32 28
32 23 32 26
32 23 33 23
30 42 33 42
30 28 32 28
27 4 29 4
26 39 31 39
26 26 32 26
26 23 26 26
25 39 26 39
25 37 25 39
25 36 25 37
25 36 27 36
25 4 27 4
24 4 25 4
16 28 16 30
16 28 17 28
16 26 16 28
16 23 16 26
16 5 17 5
15 26 16 26
13 7 13 12
12 7 12 10
12 7 13 7
11 7 12 7
9 36 11 36
5 34 5 35
5 20 5 21
3 21 5 21
3 4 9 4
2 34 2 36
2 34 5 34
2 33 2 34
2 31 2 33
2 21 2 31
2 21 3 21
2 18 2 21
1 33 2 33
42 1 42 3
41 19 42 19
41 3 42 3
40 30 40 33
40 19 41 19
38 19 40 19
36 7 38 7
35 15 36 15
34 22 35 22
33 30 33 31
33 30 35 30
32 5 32 6
30 19 38 19
28 0 29 0
27 33 28 33
27 19 30 19
27 6 32 6
26 42 29 42
26 41 26 42
25 10 32 10
24 2 26 2
23 33 23 37
20 14 24 14
19 39 19 40
18 13 19 13
18 8 18 13
14 19 16 19
12 35 22 35
12 14 12 16
11 39 19 39
11 27 11 31
11 2 12 2
10 42 13 42
10 27 11 27
7 42 10 42
6 2 11 2
4 3 8 3
1 20 1 22
0 27 0 36
0 24 0 27
