38
36 26 36 25
35 14 35 13
28 15 28 14
26 8 26 7
17 23 16 23
16 24 15 24
12 6 11 6
7 28 7 27
32 23 32 22
3 29 2 29
36 34 36 33
36 28 35 28
30 29 29 29
30 28 29 28
30 16 29 16
28 8 27 8
20 9 20 8
16 30 16 29
11 8 10 8
9 21 9 20
8 16 8 15
6 14 6 13
6 13 6 12
5 16 5 15
25 31 24 31
24 5 24 4
14 2 14 1
34 6 34 5
29 21 29 20
18 29 18 28
18 3 17 3
15 35 14 35
15 13 15 12
14 26 13 26
12 28 12 27
10 7 9 7
9 1 8 1
7 36 7 35
217
36 24 36 25
35 25 36 25
35 17 35 18
34 13 35 13
34 9 34 13
34 7 34 9
33 22 33 27
33 21 33 22
28 22 29 22
27 22 27 29
27 22 28 22
27 20 27 22
27 14 28 14
27 12 27 14
26 1 27 1
25 7 26 7
24 14 24 15
24 13 24 14
20 33 20 35
20 33 21 33
19 7 25 7
16 18 16 23
15 24 15 25
14 13 14 14
12 30 12 31
11 6 11 7
11 1 11 6
6 29 6 30
6 28 6 29
6 27 6 28
6 27 7 27
6 22 6 27
5 28 6 28
5 19 5 21
2 21 5 21
2 20 2 21
0 19 5 19
0 17 0 19
34 26 34 29
34 20 34 21
32 12 32 13
32 9 32 12
32 8 32 9
32 7 32 8
31 32 32 32
31 22 32 22
31 18 31 22
31 9 32 9
31 7 32 7
30 23 30 26
28 19 29 19
28 6 28 7
28 5 28 6
26 19 26 20
26 19 28 19
22 14 22 15
21 15 22 15
19 14 22 14
17 34 19 34
17 21 17 26
15 15 16 15
15 9 15 10
15 8 15 9
13 23 14 23
13 17 14 17
12 20 12 21
12 9 15 9
10 27 10 32
8 12 9 12
6 8 6 10
6 8 7 8
5 33 5 34
5 33 6 33
3 32 10 32
2 30 2 35
2 29 2 30
2 24 2 29
2 0 3 0
0 35 2 35
0 34 0 35
0 30 0 34
0 30 2 30
35 33 36 33
35 28 35 29
34 33 35 33
34 17 34 18
33 18 34 18
33 14 33 18
29 30 29 36
29 30 32 30
29 29 29 30
29 28 29 29
29 17 29 18
29 16 29 17
27 8 27 9
25 13 25 14
25 3 28 3
24 8 27 8
23 21 23 22
23 0 23 1
23 0 24 0
22 22 22 23
22 22 23 22
22 21 22 22
22 21 23 21
22 8 24 8
21 8 22 8
20 13 23 13
20 8 21 8
19 6 20 6
16 17 17 17
16 16 16 17
15 29 16 29
10 8 10 9
8 20 9 20
7 15 8 15
7 12 7 15
6 34 7 34
6 12 7 12
5 15 7 15
5 13 5 15
4 15 5 15
2 2 3 2
0 13 0 14
0 9 0 13
0 4 1 4
0 2 0 4
0 2 2 2
35 21 36 21
31 23 31 24
30 4 30 7
27 32 27 33
26 33 27 33
26 15 26 16
24 32 27 32
24 31 24 32
24 23 26 23
23 33 26 33
23 14 23 15
23 4 23 5
23 4 24 4
23 2 23 4
20 4 23 4
20 0 20 4
19 27 19 29
19 9 19 11
18 9 19 9
18 7 18 9
18 4 18 7
18 4 20 4
17 7 18 7
14 7 14 8
13 13 13 14
13 1 14 1
12 7 14 7
11 25 11 26
10 26 11 26
10 25 10 26
10 25 11 25
10 4 10 5
9 25 10 25
5 2 5 4
4 4 5 4
4 0 4 4
3 35 5 35
3 31 5 31
3 30 3 31
3 25 3 30
1 7 1 9
1 7 8 7
1 3 2 3
35 5 36 5
34 5 35 5
32 1 32 2
29 11 29 14
28 20 29 20
24 19 24 21
22 35 22 36
22 10 22 12
21 6 23 6
17 30 17 31
17 29 17 30
17 28 17 29
17 28 18 28
17 12 17 14
17 12 22 12
17 10 17 12
17 3 17 4
16 14 17 14
16 12 16 14
16 12 17 12
15 30 15 32
15 30 17 30
15 12 16 12
15 11 15 12
14 36 17 36
14 35 14 36
14 30 14 35
14 30 15 30
13 35 14 35
13 34 13 35
13 33 13 34
13 27 13 33
13 27 15 27
13 26 13 27
12 27 13 27
10 16 10 22
9 24 14 24
9 8 9 10
9 7 9 8
8 35 13 35
8 1 8 2
7 35 8 35
7 23 8 23
5 22 5 23
3 10 3 11
1 10 3 10
