28
27 6 27 5
24 9 24 8
14 24 14 23
13 15 13 14
12 22 12 21
5 11 5 10
3 26 3 25
3 25 3 24
2 8 2 7
22 22 22 21
22 21 22 20
22 14 22 13
22 13 22 12
21 23 21 22
18 14 17 14
16 16 16 15
7 18 6 18
2 0 1 0
20 4 19 4
19 23 18 23
12 23 12 22
10 5 10 4
10 4 10 3
6 0 5 0
5 12 5 11
4 26 4 25
4 23 4 22
1 24 0 24
181
27 17 27 20
27 4 27 5
26 26 26 27
26 5 27 5
26 3 26 5
25 12 25 19
25 12 26 12
25 5 26 5
24 0 24 8
23 24 23 25
23 21 23 24
23 20 23 21
23 19 23 20
23 19 25 19
23 8 23 10
23 8 24 8
23 0 24 0
22 19 23 19
22 16 22 17
22 15 22 16
21 25 23 25
20 24 23 24
19 14 19 16
19 13 19 14
19 9 19 13
18 0 18 1
17 10 17 11
15 18 15 22
15 14 15 18
15 3 18 3
14 18 15 18
14 14 14 18
14 14 15 14
13 23 14 23
13 14 14 14
12 12 12 13
12 9 12 12
11 21 12 21
10 14 10 15
10 14 13 14
9 18 9 20
8 13 12 13
7 13 8 13
7 9 7 13
7 0 7 3
6 20 6 22
6 20 9 20
6 16 6 17
6 10 6 16
6 7 9 7
5 16 6 16
5 10 6 10
4 20 6 20
3 24 4 24
3 9 3 11
3 9 7 9
2 25 2 26
2 24 2 25
2 24 3 24
2 4 2 7
2 3 2 4
1 17 1 19
1 9 1 14
1 9 3 9
1 7 1 9
1 7 2 7
27 1 27 2
26 6 26 9
25 0 25 2
24 25 26 25
24 23 24 25
23 3 23 7
23 2 23 3
22 9 22 12
21 21 21 22
21 20 21 21
21 20 22 20
21 18 21 20
21 16 21 18
21 15 21 16
21 13 21 15
21 12 21 13
21 12 22 12
21 9 21 12
21 9 22 9
20 22 21 22
19 18 21 18
19 17 19 18
19 7 20 7
18 22 20 22
18 21 18 22
18 19 18 21
18 17 19 17
18 16 18 17
18 12 18 13
18 7 19 7
18 2 23 2
17 17 18 17
17 15 17 17
17 14 17 15
16 22 18 22
16 15 17 15
16 12 16 15
16 12 18 12
16 11 16 12
13 1 13 3
12 26 12 27
12 26 23 26
12 1 12 7
12 1 13 1
11 26 12 26
11 15 12 15
11 9 11 10
10 10 11 10
10 7 12 7
9 8 9 12
6 18 6 19
6 1 6 2
5 21 5 22
5 19 6 19
4 27 8 27
1 27 4 27
1 26 1 27
1 21 1 22
1 0 1 1
0 21 1 21
26 19 26 21
26 0 26 2
24 21 26 21
24 20 24 21
24 12 24 15
23 15 23 17
23 15 24 15
23 13 23 15
22 6 22 7
21 6 22 6
21 5 21 6
20 15 20 16
20 14 20 15
19 5 19 6
19 5 21 5
19 4 19 5
18 23 18 24
18 9 18 11
18 8 18 9
16 5 19 5
15 24 18 24
14 25 20 25
14 12 15 12
14 2 14 6
13 22 14 22
13 12 14 12
13 11 13 12
12 22 13 22
10 19 10 20
10 16 11 16
9 22 9 23
9 22 12 22
9 3 9 4
9 3 10 3
8 18 8 19
7 23 9 23
6 4 9 4
6 3 6 4
5 24 5 25
5 24 6 24
5 0 5 1
4 25 5 25
4 21 4 22
4 15 4 16
4 11 4 15
4 11 5 11
3 22 4 22
3 20 3 22
2 20 3 20
2 10 2 20
1 20 2 20
1 2 2 2
0 24 0 25
0 9 0 12
0 4 0 9
