44
27 27 27 26
22 13 21 13
21 9 20 9
20 10 19 10
20 9 19 9
19 15 19 14
19 11 18 11
19 10 18 10
19 9 19 8
19 8 19 7
17 13 17 12
16 13 16 12
16 6 16 5
15 20 15 19
13 1 13 0
7 1 7 0
6 15 5 15
4 8 4 7
27 2 27 1
23 17 23 16
19 1 19 0
11 9 10 9
7 20 7 19
4 20 3 20
4 16 3 16
17 22 17 21
17 21 17 20
14 3 13 3
11 3 10 3
3 5 3 4
1 5 1 4
22 23 22 22
14 26 13 26
14 19 13 19
14 4 14 3
13 9 13 8
13 8 13 7
13 7 13 6
9 16 9 15
8 9 7 9
5 3 4 3
4 12 4 11
4 1 4 0
2 12 2 11
200
26 26 27 26
26 23 26 26
26 11 27 11
25 11 26 11
25 9 25 11
25 6 25 9
24 18 25 18
24 13 24 18
24 9 25 9
23 18 24 18
21 13 21 14
19 17 20 17
19 14 21 14
18 14 19 14
18 12 18 14
18 11 18 12
18 10 18 11
18 8 18 10
18 7 18 8
18 7 19 7
18 5 18 7
18 5 21 5
17 16 17 18
17 15 17 16
17 12 18 12
17 5 18 5
16 19 21 19
16 12 17 12
16 5 17 5
15 19 16 19
15 12 16 12
15 8 18 8
12 13 12 14
12 13 14 13
12 0 12 4
12 0 13 0
10 0 12 0
8 18 8 19
8 17 8 18
7 21 7 23
7 0 10 0
6 23 7 23
6 18 8 18
6 0 7 0
5 21 5 22
5 21 7 21
5 15 5 16
5 11 5 15
4 18 4 19
4 18 6 18
3 18 4 18
3 7 4 7
3 6 3 7
2 18 3 18
2 6 3 6
26 14 26 17
26 1 27 1
25 12 27 12
24 23 25 23
24 4 25 4
24 1 24 4
23 20 23 22
23 10 23 13
23 10 24 10
23 9 23 10
23 8 23 9
23 5 23 8
23 5 26 5
23 1 24 1
22 16 22 17
22 16 23 16
22 5 22 7
22 5 23 5
21 10 23 10
19 25 19 26
19 16 20 16
18 21 18 24
18 0 19 0
17 24 18 24
15 16 16 16
15 6 17 6
15 4 15 6
15 4 16 4
14 24 14 25
14 24 15 24
14 8 14 9
14 7 14 8
13 24 14 24
11 21 14 21
10 25 14 25
10 9 10 10
7 16 7 17
6 19 7 19
6 1 6 5
3 20 3 21
3 16 3 17
3 14 3 16
3 2 3 3
1 19 1 25
0 19 1 19
0 15 1 15
0 1 1 1
27 23 27 25
27 13 27 18
27 7 27 10
23 27 24 27
22 11 22 14
21 24 21 25
21 1 22 1
20 11 22 11
18 20 19 20
18 15 18 18
17 20 18 20
16 21 16 22
16 14 16 15
14 0 15 0
13 18 15 18
13 3 13 4
11 10 11 13
11 7 11 10
10 7 10 8
10 7 11 7
10 4 10 5
10 3 10 4
9 26 9 27
9 25 9 26
9 17 9 18
9 17 12 17
9 10 9 12
8 26 9 26
8 13 8 14
8 12 8 13
8 12 9 12
8 10 8 12
8 10 9 10
7 26 8 26
7 6 8 6
7 2 8 2
6 26 7 26
6 14 6 17
6 14 8 14
6 13 6 14
6 13 8 13
6 7 6 13
6 6 6 7
6 6 7 6
4 6 6 6
3 10 5 10
2 4 3 4
1 4 2 4
0 5 0 7
25 24 25 26
25 19 25 20
25 19 26 19
24 21 24 22
23 24 23 25
23 24 25 24
22 18 22 22
21 22 22 22
20 23 20 24
20 12 21 12
20 7 20 8
19 23 20 23
18 3 18 4
18 3 22 3
16 23 16 24
16 17 16 18
16 10 17 10
15 3 18 3
14 23 16 23
14 3 15 3
13 26 13 27
13 19 13 20
12 27 13 27
12 11 12 12
12 11 14 11
12 10 12 11
12 8 12 10
12 7 12 8
12 6 12 7
12 6 13 6
11 22 12 22
10 19 10 21
10 19 13 19
9 19 10 19
9 15 12 15
8 20 8 23
8 15 9 15
7 9 7 10
4 24 5 24
4 3 4 4
3 24 3 26
3 24 4 24
3 11 4 11
3 0 4 0
2 19 3 19
2 16 2 17
2 11 3 11
1 16 2 16
0 2 2 2
