46
31 21 31 20
19 22 18 22
14 7 14 6
14 6 14 5
7 10 7 9
4 1 4 0
24 17 24 16
20 28 19 28
20 27 19 27
18 8 18 7
9 17 8 17
5 28 4 28
4 21 3 21
1 22 1 21
31 5 31 4
24 27 24 26
23 4 22 4
23 3 23 2
23 2 23 1
22 28 22 27
21 15 20 15
18 13 18 12
16 18 16 17
15 30 14 30
8 4 8 3
3 24 2 24
3 3 3 2
27 5 26 5
26 6 25 6
26 5 25 5
21 29 20 29
20 5 20 4
19 16 18 16
13 11 13 10
12 4 12 3
12 3 12 2
6 30 5 30
3 9 3 8
3 8 3 7
1 10 1 9
22 13 22 12
20 13 20 12
19 13 19 12
18 9 18 8
17 21 17 20
3 12 3 11
199
30 20 31 20
29 22 30 22
29 6 30 6
27 22 29 22
27 13 27 15
26 30 31 30
26 29 26 30
26 9 26 10
25 30 26 30
25 29 25 30
25 29 26 29
22 0 24 0
20 9 21 9
19 9 19 10
19 9 20 9
18 22 18 23
15 4 15 5
14 5 15 5
13 6 13 8
12 5 14 5
11 8 11 9
11 6 11 8
11 4 11 6
10 12 10 17
9 12 9 13
9 12 10 12
8 6 11 6
7 9 8 9
7 8 7 9
7 5 7 8
6 8 6 11
6 8 7 8
3 15 5 15
3 14 3 15
3 0 4 0
1 1 1 4
0 4 1 4
29 31 30 31
26 12 26 16
26 11 26 12
25 28 27 28
25 26 25 28
25 8 28 8
23 16 24 16
23 14 23 16
22 9 23 9
22 6 24 6
19 28 19 29
19 27 19 28
19 6 19 7
18 7 19 7
18 6 18 7
18 6 19 6
16 7 18 7
14 18 14 24
14 17 14 18
12 24 14 24
11 24 12 24
11 22 13 22
10 22 10 26
10 22 11 22
9 26 10 26
8 17 8 18
6 22 6 24
6 15 6 16
6 13 6 15
4 28 4 29
3 28 4 28
3 21 3 22
2 26 2 27
2 26 9 26
2 21 3 21
2 20 2 21
2 12 2 20
2 1 2 2
2 1 7 1
1 21 2 21
1 13 1 14
31 2 31 4
30 4 30 5
30 4 31 4
28 11 28 15
28 11 29 11
28 9 28 11
27 11 28 11
23 27 23 30
23 26 23 27
23 26 24 26
23 1 24 1
22 27 23 27
22 4 22 5
22 2 22 4
20 23 20 25
20 16 20 17
20 15 20 16
19 19 19 21
18 30 19 30
18 29 18 30
17 15 20 15
17 12 17 15
17 12 18 12
17 2 22 2
16 2 17 2
15 17 15 19
15 17 16 17
14 30 14 31
14 26 15 26
12 25 13 25
12 20 12 21
10 0 13 0
8 3 9 3
8 2 8 3
5 29 8 29
4 2 8 2
3 2 4 2
2 24 2 25
0 16 0 20
30 7 30 8
27 26 27 27
27 26 30 26
26 23 29 23
26 17 26 19
26 17 27 17
25 23 26 23
25 17 26 17
25 6 25 7
25 5 25 6
25 0 25 5
24 12 24 13
24 9 24 12
22 11 23 11
22 7 25 7
21 18 23 18
20 29 20 30
19 25 19 26
19 4 20 4
18 16 18 17
18 4 19 4
15 21 16 21
13 18 13 19
12 10 12 12
12 10 13 10
12 8 12 10
11 12 12 12
11 2 11 3
11 2 12 2
10 2 10 5
10 2 11 2
8 28 9 28
6 12 8 12
5 30 5 31
5 5 6 5
4 5 4 6
4 5 5 5
4 3 4 5
3 5 4 5
2 7 2 8
2 7 3 7
2 3 2 4
2 3 4 3
0 12 0 14
0 10 0 12
0 9 0 10
0 9 1 9
0 7 0 9
0 7 2 7
31 10 31 12
29 0 31 0
28 7 29 7
28 0 29 0
27 7 28 7
26 20 26 21
24 14 24 15
22 21 22 25
21 12 22 12
21 6 21 8
20 12 21 12
19 12 20 12
18 8 21 8
17 8 18 8
16 20 17 20
16 12 16 13
15 14 15 15
15 13 15 14
15 13 16 13
15 2 15 3
14 28 18 28
14 14 15 14
14 12 14 14
14 12 16 12
13 16 17 16
13 15 13 16
8 20 11 20
8 10 10 10
7 27 7 28
3 25 6 25
3 23 3 25
2 23 3 23
2 11 3 11
