18
34 13 33 13
34 12 33 12
29 20 29 19
16 5 16 4
10 4 9 4
2 11 2 10
1 4 1 3
33 10 33 9
28 1 27 1
26 13 25 13
23 24 23 23
16 29 16 28
13 16 12 16
6 1 5 1
4 7 4 6
14 28 14 27
11 34 11 33
1 20 0 20
156
33 13 33 14
33 12 33 13
33 1 33 4
30 12 33 12
28 19 29 19
28 13 33 13
28 8 28 13
27 27 27 29
26 26 29 26
26 17 26 26
26 2 26 3
26 1 26 2
25 26 25 30
25 26 26 26
25 1 26 1
24 11 24 24
24 8 24 11
24 8 28 8
23 18 23 22
23 16 23 18
23 15 23 16
23 11 24 11
23 4 23 5
23 4 33 4
22 29 23 29
22 28 22 29
22 8 22 10
22 8 24 8
22 0 22 8
22 0 24 0
21 15 23 15
19 20 19 23
18 29 18 31
18 29 22 29
18 15 19 15
17 4 17 7
17 4 21 4
16 15 18 15
16 4 17 4
12 0 22 0
11 21 13 21
11 20 11 21
11 20 19 20
11 18 11 20
11 16 11 18
10 20 11 20
10 12 10 20
9 4 9 5
9 1 9 4
8 1 9 1
7 21 11 21
7 4 9 4
5 30 5 31
5 16 6 16
5 10 5 13
4 31 5 31
2 10 5 10
1 31 4 31
1 10 2 10
1 2 1 3
0 29 2 29
0 3 1 3
34 31 34 34
34 4 34 6
32 31 34 31
32 9 33 9
31 25 31 26
31 24 31 25
30 24 31 24
30 20 30 24
29 31 29 32
29 31 32 31
29 10 29 11
27 1 27 2
25 13 25 14
25 6 27 6
24 6 25 6
24 5 24 6
23 30 23 33
22 23 23 23
22 21 22 23
21 21 22 21
20 33 23 33
20 18 20 20
18 1 18 2
16 28 18 28
16 26 16 28
15 28 16 28
15 1 18 1
14 26 16 26
13 12 13 13
13 12 15 12
13 5 13 12
12 22 12 25
12 16 12 17
12 12 13 12
11 22 12 22
11 12 12 12
11 9 11 12
11 1 15 1
7 5 7 11
6 28 6 34
6 28 13 28
5 2 8 2
5 1 5 2
4 4 4 6
3 6 4 6
2 1 5 1
0 24 4 24
0 5 1 5
33 32 33 33
33 26 33 27
33 25 33 26
32 1 32 2
31 33 33 33
31 14 31 15
31 8 31 10
30 17 34 17
29 33 31 33
29 6 29 7
29 6 32 6
29 2 32 2
28 16 28 18
28 7 29 7
25 22 25 24
24 25 24 26
20 25 24 25
20 11 20 15
20 8 20 11
19 8 20 8
17 25 20 25
17 11 20 11
16 12 16 13
16 9 16 12
15 16 19 16
15 4 15 6
14 13 16 13
13 27 14 27
13 24 13 27
12 19 17 19
11 3 11 7
11 3 14 3
10 33 11 33
10 31 10 33
9 24 11 24
9 22 9 24
8 27 13 27
8 22 8 27
8 22 9 22
7 27 8 27
5 6 5 7
4 17 4 22
4 16 4 17
3 27 7 27
0 20 0 21
0 6 1 6
