29
36 12 36 11
34 12 34 11
30 26 30 25
30 25 30 24
8 24 7 24
8 9 8 8
8 8 8 7
4 2 4 1
35 2 34 2
19 6 19 5
18 37 18 36
15 25 15 24
11 13 11 12
11 12 11 11
6 35 6 34
4 10 3 10
37 12 36 12
28 5 28 4
12 20 11 20
5 29 4 29
36 32 36 31
36 2 35 2
32 28 32 27
30 28 30 27
26 32 26 31
21 30 21 29
19 30 19 29
18 7 17 7
14 16 14 15
163
35 26 35 27
35 11 36 11
34 11 35 11
33 28 33 32
33 20 33 22
31 12 33 12
31 4 31 6
29 24 29 25
29 24 30 24
29 11 29 12
25 30 30 30
25 22 25 30
25 21 25 22
25 13 26 13
24 22 25 22
23 17 24 17
22 3 28 3
22 2 22 3
15 7 15 11
15 4 24 4
15 1 15 4
14 37 16 37
13 7 13 10
13 7 15 7
11 14 20 14
10 26 15 26
10 10 13 10
10 0 10 1
9 32 10 32
9 18 11 18
9 17 9 18
9 12 9 15
8 15 9 15
8 7 11 7
7 24 7 25
7 7 7 8
7 7 8 7
6 12 9 12
5 1 5 4
5 1 10 1
4 1 5 1
2 22 2 23
34 2 34 3
32 8 32 11
32 8 36 8
32 7 32 8
32 4 32 7
32 3 32 4
28 32 29 32
28 15 33 15
28 0 28 1
23 2 24 2
20 24 20 27
20 23 20 24
19 36 26 36
18 36 19 36
18 35 18 36
18 5 19 5
17 36 18 36
17 29 17 30
17 29 18 29
17 27 17 29
17 27 20 27
15 28 15 32
14 36 17 36
14 24 14 25
14 24 15 24
12 5 12 7
12 5 18 5
11 16 13 16
10 24 14 24
10 23 10 24
10 11 10 12
10 11 11 11
9 37 11 37
7 2 9 2
6 27 6 28
5 34 6 34
3 10 3 11
1 20 2 20
0 30 0 34
0 0 3 0
37 18 37 23
36 12 36 13
35 13 36 13
34 18 34 19
34 18 37 18
34 14 34 18
34 10 35 10
33 0 35 0
31 28 31 30
30 6 30 7
29 14 34 14
27 4 28 4
26 26 33 26
23 21 24 21
22 25 22 29
22 24 22 25
20 35 21 35
19 7 19 10
17 31 19 31
16 26 16 35
13 3 13 4
12 0 21 0
11 34 13 34
11 21 14 21
11 20 11 21
11 3 13 3
9 30 9 31
9 28 9 30
9 25 9 28
9 5 9 6
8 28 9 28
7 27 7 33
7 6 9 6
6 3 11 3
4 29 4 30
4 27 4 29
3 36 12 36
3 28 3 36
2 8 2 11
0 19 8 19
35 31 36 31
35 15 37 15
35 2 35 3
31 31 31 32
31 27 32 27
30 27 31 27
28 10 28 11
26 31 31 31
25 31 26 31
24 37 28 37
24 14 25 14
23 31 25 31
23 19 24 19
22 1 23 1
21 23 21 29
20 29 21 29
20 22 23 22
20 7 20 11
20 7 26 7
19 29 20 29
19 28 19 29
19 20 28 20
19 17 19 20
19 17 22 17
17 25 18 25
17 22 20 22
17 15 17 22
17 15 23 15
17 7 17 8
13 15 14 15
7 17 7 18
7 15 7 17
5 17 7 17
5 15 5 17
4 11 8 11
4 0 6 0
2 36 2 37
2 35 2 36
1 37 2 37
1 17 5 17
1 6 5 6
