27
43 2 42 2
41 11 41 10
19 18 19 17
14 41 14 40
12 41 12 40
7 27 6 27
44 11 44 10
7 7 6 7
5 16 5 15
46 35 46 34
45 15 44 15
23 40 23 39
20 24 19 24
3 26 2 26
39 13 39 12
37 6 36 6
35 1 35 0
29 13 29 12
16 6 16 5
15 30 15 29
11 6 11 5
8 30 8 29
8 19 7 19
33 21 33 20
32 46 32 45
3 34 3 33
1 25 0 25
181
44 37 44 39
42 2 42 3
40 39 40 40
40 39 44 39
40 10 41 10
40 4 40 10
33 0 33 11
32 26 32 38
31 11 33 11
31 9 31 11
31 0 31 9
31 0 33 0
26 44 32 44
25 27 28 27
24 12 24 24
22 19 22 26
21 38 21 39
21 38 32 38
21 12 21 17
21 11 21 12
20 38 20 41
20 38 21 38
20 8 26 8
18 17 19 17
13 40 14 40
12 40 13 40
12 14 13 14
12 2 12 10
12 2 20 2
11 40 12 40
11 35 11 40
9 24 10 24
8 32 8 35
7 41 7 44
6 27 6 28
5 27 6 27
5 24 5 27
5 24 9 24
4 22 4 23
3 30 4 30
2 41 7 41
0 41 2 41
0 8 0 13
43 10 44 10
43 5 46 5
42 46 43 46
42 23 45 23
41 40 41 41
40 23 42 23
39 32 39 36
39 23 40 23
39 20 44 20
37 29 38 29
37 22 37 29
36 40 36 41
36 5 37 5
31 30 31 36
30 15 33 15
30 5 30 10
28 10 30 10
28 4 28 10
22 1 22 5
21 27 21 35
18 27 21 27
14 31 14 38
14 31 15 31
11 1 11 3
7 12 7 13
6 35 6 37
6 19 6 20
6 7 6 8
4 34 5 34
4 29 5 29
4 15 5 15
3 35 3 38
3 35 6 35
46 22 46 31
45 34 46 34
44 15 44 16
36 28 36 37
35 42 35 43
35 21 38 21
28 29 30 29
26 12 26 13
25 12 26 12
25 9 25 12
24 41 26 41
22 39 23 39
22 36 24 36
22 35 22 36
19 24 19 25
18 25 19 25
18 9 18 11
13 0 14 0
9 15 9 22
8 46 12 46
8 10 8 13
7 46 8 46
7 39 9 39
7 2 7 9
3 42 5 42
2 26 2 27
2 13 2 16
2 3 2 13
44 8 46 8
44 7 44 8
42 8 42 10
42 8 44 8
40 15 40 19
38 12 39 12
38 10 38 12
37 19 40 19
37 17 37 19
37 17 38 17
36 7 36 8
36 6 36 7
34 0 34 2
34 0 35 0
33 46 34 46
28 12 28 13
28 12 29 12
28 1 28 3
27 45 30 45
27 35 27 36
25 24 31 24
24 46 25 46
23 12 23 16
22 45 27 45
18 35 18 39
16 3 16 5
15 5 15 11
15 5 16 5
14 29 14 30
14 29 15 29
14 24 14 29
13 24 14 24
12 16 12 17
12 16 16 16
11 42 11 44
10 5 11 5
8 45 22 45
8 29 14 29
7 29 7 31
7 29 8 29
7 20 7 23
7 19 7 20
5 4 5 6
4 10 4 13
4 2 4 10
3 20 3 22
3 20 5 20
46 38 46 39
43 41 43 42
43 14 43 18
41 18 43 18
41 12 41 18
38 2 38 9
36 38 42 38
36 12 36 17
34 17 36 17
32 45 38 45
32 20 33 20
31 45 32 45
29 1 29 4
27 33 27 34
26 34 27 34
26 23 30 23
26 16 26 23
22 15 22 16
21 44 23 44
20 35 20 36
17 44 21 44
17 32 17 40
17 24 17 32
15 40 15 43
15 40 17 40
13 9 13 10
10 30 12 30
10 17 10 19
2 33 3 33
0 25 0 26
