17
18 0 17 0
11 20 11 19
10 22 10 21
10 4 10 3
6 3 6 2
3 13 3 12
3 12 3 11
2 12 2 11
1 8 1 7
20 2 20 1
19 16 19 15
16 18 16 17
13 20 12 20
9 4 9 3
7 17 7 16
5 7 5 6
4 10 4 9
162
23 9 23 11
23 3 23 9
22 23 23 23
22 19 22 23
22 17 22 19
21 9 23 9
21 1 21 4
20 19 22 19
20 17 20 19
20 17 22 17
20 14 20 17
20 10 20 14
20 7 20 8
19 12 19 13
19 11 19 12
19 8 20 8
18 12 19 12
17 16 18 16
17 7 20 7
17 1 17 7
17 0 17 1
16 19 16 22
15 11 19 11
15 10 15 11
15 1 17 1
14 19 14 20
14 19 16 19
12 7 12 9
12 6 12 7
12 1 15 1
11 19 14 19
11 16 11 19
11 14 11 16
11 14 15 14
11 13 11 14
11 7 12 7
11 3 11 7
10 20 10 21
10 19 10 20
10 19 11 19
10 18 10 19
10 16 10 18
10 16 11 16
10 14 10 16
10 14 11 14
10 13 10 14
10 13 11 13
10 11 10 13
10 11 15 11
10 3 11 3
10 2 10 3
9 21 10 21
9 18 9 21
9 18 10 18
8 21 8 23
8 21 9 21
8 17 8 21
8 15 8 17
8 2 10 2
6 20 6 22
6 7 11 7
6 2 8 2
5 3 5 4
5 2 5 3
5 2 6 2
4 14 5 14
4 11 4 14
4 11 10 11
4 2 5 2
3 20 6 20
3 18 3 20
3 11 4 11
3 8 3 11
3 6 3 8
3 5 3 6
3 3 3 5
3 3 5 3
2 19 2 22
2 11 3 11
2 7 2 11
1 7 2 7
1 3 3 3
0 21 0 22
0 2 4 2
0 1 0 2
0 1 2 1
23 16 23 18
23 1 23 2
22 7 22 8
22 2 22 5
22 2 23 2
21 5 22 5
19 23 20 23
19 14 19 15
19 9 19 10
19 9 20 9
19 2 19 3
19 1 19 2
19 1 20 1
18 17 18 19
18 15 19 15
18 13 18 15
18 5 21 5
18 2 18 5
18 2 19 2
17 19 17 20
17 19 18 19
17 10 19 10
16 17 18 17
16 13 16 17
16 13 18 13
16 7 16 8
15 17 16 17
15 8 16 8
14 17 15 17
13 12 15 12
13 9 19 9
12 21 12 22
12 21 15 21
12 20 12 21
12 12 13 12
12 2 12 5
11 22 12 22
9 14 9 17
9 12 9 14
9 10 11 10
8 3 9 3
7 3 8 3
6 18 6 19
6 16 6 18
6 16 7 16
6 13 6 16
6 8 6 9
6 6 10 6
6 1 11 1
5 16 6 16
5 9 6 9
5 6 6 6
5 5 5 6
5 1 6 1
4 22 5 22
4 16 5 16
4 9 5 9
4 8 4 9
4 1 5 1
3 16 4 16
3 14 3 16
2 14 2 15
2 14 3 14
1 18 1 22
1 16 1 18
1 16 3 16
1 5 2 5
0 19 0 20
0 18 0 19
0 18 1 18
0 17 0 18
0 16 0 17
0 16 1 16
0 6 0 7
0 5 0 6
0 5 1 5
