26
19 5 19 4
17 27 17 26
16 7 15 7
9 4 9 3
7 23 6 23
7 22 6 22
6 12 6 11
24 20 23 20
23 7 22 7
23 3 23 2
23 2 23 1
19 6 18 6
14 30 14 29
14 20 13 20
9 14 9 13
1 5 0 5
23 14 23 13
21 19 20 19
15 24 15 23
13 6 13 5
10 7 10 6
10 6 10 5
9 23 8 23
7 25 7 24
6 20 5 20
4 5 4 4
179
30 28 30 29
30 25 30 28
29 20 30 20
29 17 29 20
29 16 29 17
28 28 30 28
28 16 29 16
28 11 28 14
28 8 28 11
27 22 27 23
27 21 27 22
27 8 28 8
26 20 29 20
26 8 27 8
24 9 24 11
24 1 24 9
23 18 26 18
22 25 22 28
22 25 24 25
20 11 24 11
19 14 21 14
19 12 19 14
18 14 19 14
18 4 19 4
17 26 21 26
17 24 17 26
17 21 17 24
17 21 18 21
16 26 17 26
16 1 16 2
15 21 17 21
15 7 15 8
15 2 15 7
15 2 16 2
14 2 15 2
12 13 12 14
12 7 15 7
11 25 11 27
9 25 11 25
9 10 10 10
9 9 9 10
9 8 9 9
9 8 10 8
8 26 8 29
8 3 9 3
7 9 7 14
7 7 7 9
6 24 6 30
6 23 6 24
6 22 6 23
6 3 8 3
5 11 6 11
4 28 4 30
4 24 4 28
4 24 6 24
4 23 4 24
3 17 5 17
2 22 6 22
2 17 2 22
2 17 3 17
1 28 4 28
1 27 1 28
1 22 1 27
1 22 2 22
0 17 0 20
0 17 2 17
30 1 30 6
29 21 30 21
27 11 27 17
26 17 27 17
26 14 26 17
26 12 26 14
25 14 26 14
23 20 23 21
23 17 26 17
23 0 23 1
22 17 22 19
22 17 23 17
22 8 22 9
22 7 22 8
22 3 22 7
22 2 22 3
22 1 22 2
22 1 23 1
21 22 21 23
21 22 25 22
21 7 22 7
21 5 21 7
20 7 21 7
20 4 20 7
19 9 22 9
19 2 22 2
18 27 21 27
18 7 20 7
18 6 18 7
18 2 19 2
17 30 24 30
17 17 22 17
17 16 17 17
17 16 18 16
17 13 17 16
17 13 18 13
16 30 17 30
16 28 16 30
16 0 17 0
15 0 15 1
15 0 16 0
14 29 15 29
14 14 14 15
13 20 13 21
13 17 13 20
13 17 17 17
13 8 13 11
12 1 15 1
11 17 13 17
11 11 11 17
11 11 13 11
11 9 11 11
11 5 11 9
9 21 13 21
8 13 9 13
7 30 8 30
7 21 9 21
6 1 6 2
6 1 12 1
2 23 2 24
1 0 4 0
0 5 0 6
30 8 30 17
30 7 30 8
29 30 30 30
29 7 30 7
28 30 29 30
28 29 28 30
26 19 28 19
25 15 25 16
25 4 25 13
24 13 25 13
23 13 24 13
21 24 29 24
20 20 20 22
20 19 20 20
18 15 25 15
17 28 19 28
16 8 16 10
16 4 16 8
14 27 16 27
14 23 14 27
14 23 15 23
14 21 14 23
14 18 14 21
14 18 16 18
13 30 15 30
13 23 13 30
13 23 14 23
12 5 13 5
11 22 11 24
10 24 11 24
10 4 10 5
9 16 9 19
9 5 9 6
9 5 10 5
8 24 10 24
8 23 8 24
8 19 9 19
8 14 8 19
8 4 10 4
7 24 8 24
6 0 9 0
5 25 5 30
5 20 5 21
5 4 5 7
5 4 8 4
4 4 5 4
3 29 3 30
1 16 3 16
1 6 3 6
0 29 3 29
0 7 0 9
