35
29 10 29 9
28 30 27 30
26 2 26 1
26 1 26 0
25 1 25 0
21 4 21 3
15 19 15 18
14 13 13 13
6 13 5 13
2 23 1 23
30 2 29 2
28 19 27 19
17 23 17 22
14 5 14 4
27 25 26 25
23 16 23 15
20 8 19 8
16 6 16 5
14 27 13 27
6 9 6 8
6 8 6 7
3 9 3 8
2 6 2 5
28 12 27 12
24 19 23 19
23 5 23 4
22 5 22 4
20 28 19 28
20 2 20 1
17 4 17 3
12 15 11 15
11 29 10 29
2 28 2 27
2 27 2 26
2 0 1 0
187
29 6 29 9
28 9 29 9
27 31 29 31
27 30 27 31
26 0 27 0
25 22 25 23
25 8 25 18
25 5 25 8
25 5 26 5
25 0 26 0
24 24 24 25
24 23 24 24
24 23 25 23
20 3 21 3
19 25 24 25
19 10 19 13
19 3 20 3
18 13 19 13
18 10 19 10
16 27 20 27
15 17 15 18
14 18 15 18
13 17 15 17
13 13 13 14
13 10 13 13
11 7 11 10
11 6 11 7
10 10 11 10
9 15 9 17
9 6 9 15
9 6 11 6
9 5 9 6
8 15 9 15
8 2 17 2
7 9 7 17
6 27 9 27
5 13 5 14
4 27 6 27
4 2 4 3
4 1 4 2
4 0 4 1
3 11 3 16
1 29 2 29
1 28 1 29
1 23 1 24
0 29 1 29
0 16 3 16
0 10 2 10
0 9 0 10
31 12 31 19
29 24 29 27
29 22 29 24
29 12 31 12
29 2 29 3
28 27 29 27
28 24 28 27
28 24 29 24
27 19 27 20
26 4 30 4
25 24 25 26
25 19 25 21
24 21 25 21
21 30 21 31
21 28 21 30
21 21 24 21
21 17 23 17
21 1 21 2
21 1 24 1
18 31 21 31
18 29 18 31
18 22 19 22
17 22 18 22
17 13 17 17
16 22 17 22
16 21 16 22
16 13 16 15
16 13 17 13
16 9 16 10
16 7 16 9
15 29 18 29
14 11 18 11
13 4 14 4
12 29 15 29
12 11 12 12
12 9 16 9
10 22 10 23
10 20 10 22
10 7 10 8
6 24 8 24
5 28 6 28
5 15 5 20
4 30 7 30
4 28 5 28
4 24 6 24
4 22 4 24
4 20 4 22
4 20 5 20
4 18 4 20
3 28 4 28
2 22 4 22
31 24 31 31
27 15 27 16
26 25 26 26
26 21 26 25
26 19 26 21
24 17 24 18
24 15 24 17
23 15 24 15
23 6 23 8
20 15 20 17
20 15 23 15
19 19 21 19
19 8 19 9
18 18 24 18
18 17 18 18
18 17 20 17
17 19 17 21
17 19 19 19
17 5 18 5
16 5 17 5
14 22 15 22
13 27 13 28
13 16 16 16
13 0 13 1
12 17 12 18
12 5 13 5
11 22 11 24
10 28 13 28
9 31 14 31
8 21 8 23
8 16 8 17
8 11 8 14
6 21 8 21
5 7 5 8
5 7 6 7
4 8 5 8
4 7 4 8
4 7 5 7
3 8 4 8
1 20 2 20
1 17 1 20
1 5 2 5
0 5 1 5
0 4 0 5
31 5 31 8
31 3 31 5
30 26 30 28
30 20 30 26
30 19 30 20
30 3 31 3
29 19 30 19
29 16 29 19
29 13 29 16
27 13 27 14
27 12 27 13
26 14 26 15
26 14 27 14
26 10 26 14
26 8 26 10
23 19 23 20
23 4 24 4
23 3 23 4
22 4 23 4
21 8 21 10
21 8 22 8
19 28 19 29
19 1 20 1
18 23 18 24
17 1 19 1
16 23 18 23
16 3 17 3
13 18 13 25
11 15 11 16
10 29 10 30
8 28 8 29
7 29 8 29
6 19 6 20
6 16 6 19
4 29 7 29
3 5 3 7
3 4 3 5
2 26 3 26
1 11 1 13
1 8 1 9
1 0 1 1
0 22 0 25
0 7 3 7
