29
25 20 24 20
20 29 20 28
2 4 1 4
30 22 29 22
25 30 25 29
13 11 13 10
8 28 7 28
7 5 6 5
5 24 4 24
29 0 28 0
27 27 27 26
27 23 26 23
17 28 16 28
12 18 11 18
12 15 11 15
10 1 10 0
6 3 5 3
3 5 2 5
30 28 29 28
23 31 23 30
22 19 21 19
16 16 15 16
9 11 8 11
1 31 1 30
1 23 1 22
20 26 20 25
18 10 17 10
16 1 16 0
4 5 3 5
182
31 14 31 16
31 13 31 14
31 7 31 8
30 7 31 7
26 18 28 18
24 21 24 23
24 20 24 21
21 14 27 14
20 23 20 24
20 22 20 23
20 21 20 22
19 28 20 28
19 21 20 21
19 2 19 6
19 2 21 2
18 31 19 31
18 28 19 28
18 18 21 18
17 31 18 31
17 2 19 2
16 24 20 24
14 24 14 28
14 23 14 24
14 18 14 19
14 18 18 18
14 16 14 18
13 24 13 25
13 24 14 24
13 19 14 19
12 23 14 23
11 27 11 30
11 26 11 27
9 4 13 4
8 26 11 26
5 1 5 2
4 1 5 1
3 26 8 26
3 23 3 26
2 9 2 10
2 9 4 9
1 4 1 5
0 15 0 20
0 10 2 10
31 26 31 30
30 30 31 30
30 12 30 13
29 22 29 23
28 8 28 12
27 15 27 16
26 20 26 21
26 19 26 20
26 19 28 19
25 28 25 29
25 28 26 28
24 29 25 29
24 13 25 13
15 23 15 24
15 22 15 23
13 10 14 10
12 8 14 8
12 6 12 8
12 6 13 6
11 14 12 14
11 13 11 14
11 11 11 13
11 8 11 11
11 8 12 8
11 7 11 8
9 16 9 18
7 28 7 29
6 11 6 12
6 5 6 6
5 11 6 11
5 6 6 6
4 24 4 25
1 13 2 13
1 2 1 3
29 12 29 13
29 6 31 6
28 0 28 1
26 26 27 26
26 24 26 26
26 23 26 24
26 11 27 11
24 26 26 26
24 25 24 26
24 25 25 25
22 25 24 25
22 23 22 25
22 21 22 23
21 23 22 23
18 25 18 26
18 22 19 22
18 16 18 17
18 16 19 16
16 29 16 31
16 28 16 29
16 22 18 22
16 3 16 4
15 31 16 31
12 0 12 1
11 18 11 19
11 16 11 18
11 15 11 16
11 0 12 0
10 13 10 14
10 0 11 0
9 19 11 19
8 9 8 10
5 21 6 21
5 3 5 4
4 16 6 16
3 18 3 19
3 17 3 18
2 5 2 6
2 2 2 5
0 7 0 9
0 5 0 7
31 21 31 22
30 19 30 20
29 28 29 29
29 25 29 28
29 20 30 20
29 18 29 20
28 14 29 14
27 12 27 13
26 8 26 9
26 2 27 2
25 21 25 23
22 30 23 30
21 19 21 20
19 20 21 20
18 29 18 30
17 30 18 30
17 19 21 19
15 16 15 17
12 2 15 2
11 25 12 25
10 31 11 31
10 20 13 20
10 7 10 9
10 2 10 3
10 2 12 2
9 21 9 24
9 9 10 9
8 11 8 12
4 18 4 19
4 18 6 18
3 22 7 22
2 22 3 22
1 22 2 22
0 30 1 30
0 28 0 30
0 28 3 28
0 22 1 22
0 21 0 22
26 0 27 0
25 15 25 17
23 15 23 17
23 4 25 4
23 0 23 4
22 15 23 15
20 4 23 4
20 3 20 4
19 25 20 25
18 14 18 15
17 10 17 11
15 4 15 6
15 0 16 0
14 21 14 22
13 21 14 21
13 9 14 9
12 30 12 31
12 29 12 30
10 27 10 28
10 10 10 11
9 7 9 8
7 24 7 25
7 16 7 17
3 5 3 6
2 11 2 12
1 12 2 12
