17
22 15 22 14
20 19 20 18
19 12 19 11
19 6 19 5
14 17 13 17
14 16 13 16
6 19 6 18
6 18 6 17
2 25 2 24
0 25 0 24
23 11 22 11
20 17 20 16
20 8 20 7
17 9 17 8
16 6 16 5
4 1 4 0
1 5 1 4
165
25 18 25 19
25 17 25 18
25 10 25 17
25 0 25 3
23 16 23 17
23 14 23 16
23 10 25 10
23 6 23 10
22 14 23 14
22 13 22 14
21 23 22 23
21 18 25 18
21 15 21 18
21 11 21 15
21 7 21 9
21 5 21 7
21 3 21 5
21 0 21 3
21 0 25 0
20 18 21 18
20 15 21 15
20 11 21 11
20 9 20 11
20 9 21 9
19 25 25 25
19 23 19 25
19 11 20 11
19 10 19 11
18 25 19 25
18 5 19 5
18 0 18 1
18 0 21 0
17 25 18 25
17 14 17 17
17 13 17 14
16 17 17 17
16 14 16 17
16 14 17 14
16 10 19 10
16 2 17 2
15 25 17 25
15 23 15 25
15 23 19 23
15 10 16 10
15 9 15 10
15 1 15 9
15 0 15 1
15 0 18 0
14 9 15 9
13 17 13 18
13 16 13 17
12 14 12 22
12 14 16 14
12 13 12 14
12 11 12 13
12 9 12 11
12 9 14 9
12 4 12 9
11 9 12 9
11 6 11 9
8 6 11 6
7 6 8 6
6 6 7 6
6 0 6 6
5 22 12 22
5 18 5 22
5 17 5 18
5 17 6 17
5 6 6 6
5 2 5 6
4 8 10 8
4 6 4 8
4 6 5 6
4 4 4 6
4 2 4 4
4 2 5 2
3 8 4 8
2 24 3 24
2 23 2 24
2 21 2 23
2 20 2 21
2 2 4 2
2 0 2 2
1 24 2 24
1 18 1 24
1 18 5 18
1 15 1 18
1 12 1 15
1 12 7 12
1 0 2 0
0 24 1 24
0 17 0 24
0 11 0 17
25 21 25 24
24 14 24 17
24 4 24 5
23 5 24 5
22 21 25 21
22 11 22 12
22 9 22 11
22 3 22 9
20 5 20 7
19 16 19 17
19 16 20 16
19 7 20 7
18 7 18 8
18 7 19 7
18 3 19 3
17 8 18 8
17 5 17 8
17 4 17 5
16 22 18 22
16 18 16 22
16 18 17 18
16 11 16 13
16 5 17 5
15 17 15 20
14 4 14 8
14 3 14 4
13 22 13 23
13 22 16 22
13 21 13 22
13 19 13 21
13 15 14 15
13 8 14 8
13 4 13 8
13 4 14 4
13 0 13 4
12 23 12 25
12 23 13 23
11 18 11 19
10 23 10 24
10 23 12 23
10 19 11 19
10 16 10 19
9 12 9 14
8 16 10 16
8 11 8 16
8 10 8 11
8 3 8 5
8 3 12 3
8 2 8 3
7 11 8 11
7 10 7 11
7 10 8 10
6 24 10 24
6 11 7 11
5 25 12 25
4 24 6 24
3 13 7 13
3 10 7 10
3 6 3 7
3 5 3 6
3 0 4 0
2 15 2 17
2 15 4 15
2 7 2 8
2 7 3 7
2 4 2 7
1 25 5 25
1 4 2 4
1 2 1 4
0 10 3 10
0 9 0 10
0 9 5 9
