20
35 4 34 4
28 16 27 16
26 22 26 21
24 14 23 14
12 30 11 30
3 8 3 7
35 27 35 26
35 3 35 2
29 20 29 19
24 15 24 14
10 34 9 34
10 27 9 27
4 12 3 12
31 7 30 7
26 12 25 12
20 27 20 26
20 22 20 21
18 27 18 26
13 24 12 24
3 5 2 5
161
34 4 34 5
32 28 32 29
32 28 33 28
32 6 32 7
32 5 32 6
32 5 34 5
32 2 32 5
27 29 32 29
27 21 27 29
27 16 27 17
27 13 27 16
27 1 27 3
26 21 27 21
26 20 26 21
26 6 32 6
24 6 26 6
23 14 23 15
22 11 35 11
22 10 22 11
22 7 22 10
22 4 22 7
21 20 21 28
21 19 21 20
21 17 21 19
20 19 21 19
20 15 20 19
20 15 23 15
20 13 20 15
20 9 20 13
19 25 20 25
19 23 19 25
19 22 19 23
18 34 19 34
18 30 18 34
17 14 17 26
17 9 17 14
17 9 20 9
16 19 16 22
15 28 21 28
15 27 15 28
14 8 15 8
14 4 14 8
11 30 11 31
11 25 11 26
11 11 11 14
11 11 12 11
9 8 14 8
9 4 14 4
5 24 7 24
4 34 6 34
4 16 4 17
4 16 7 16
4 7 8 7
4 6 4 7
4 5 4 6
4 4 4 5
4 4 9 4
3 7 4 7
2 29 3 29
0 26 11 26
35 24 35 26
35 15 35 24
34 26 34 32
34 26 35 26
34 2 35 2
32 18 32 23
32 16 32 18
32 15 32 16
30 19 30 22
29 19 30 19
29 1 29 5
27 19 29 19
25 31 29 31
25 28 25 31
25 25 25 28
25 19 27 19
25 14 25 19
25 7 26 7
24 14 25 14
23 28 25 28
23 25 23 28
23 25 25 25
23 21 23 25
23 16 23 21
20 2 20 4
18 17 18 19
15 16 15 22
15 13 15 16
15 11 15 13
13 19 13 20
11 29 21 29
11 17 12 17
11 1 14 1
10 16 15 16
10 7 13 7
9 35 14 35
9 34 9 35
9 28 9 34
9 27 9 28
9 19 13 19
9 7 10 7
7 1 7 3
7 1 11 1
5 3 7 3
4 31 4 33
4 28 4 31
3 33 4 33
3 12 3 13
1 33 1 34
1 33 3 33
1 29 1 33
1 4 1 19
1 4 3 4
0 0 0 13
33 23 34 23
30 13 31 13
30 7 30 8
30 0 31 0
29 8 30 8
27 0 30 0
25 22 25 23
25 20 25 22
25 12 25 13
24 10 25 10
23 0 27 0
22 28 22 31
22 0 22 1
22 0 23 0
21 8 21 14
20 31 22 31
20 20 20 21
20 5 20 7
19 31 20 31
19 26 20 26
19 21 20 21
19 16 19 21
18 26 19 26
18 5 20 5
16 0 18 0
13 30 13 33
13 13 13 14
12 33 12 34
12 33 13 33
12 25 12 27
12 24 12 25
11 2 15 2
9 23 9 25
9 5 13 5
8 16 8 17
8 14 8 16
7 10 7 11
7 10 12 10
6 22 7 22
6 10 7 10
5 10 6 10
4 23 9 23
4 19 4 23
2 6 2 15
2 5 2 6
0 27 5 27
0 19 0 20
