36
25 21 25 20
25 16 25 15
19 20 19 19
18 17 18 16
13 2 13 1
7 18 6 18
25 5 25 4
24 6 23 6
22 20 22 19
19 12 18 12
15 12 15 11
13 4 13 3
11 6 11 5
10 0 9 0
5 18 5 17
2 20 1 20
25 12 24 12
24 13 23 13
24 12 23 12
23 15 22 15
23 14 22 14
23 13 22 13
22 11 22 10
22 2 22 1
20 11 20 10
18 22 17 22
18 21 17 21
16 25 16 24
8 11 8 10
6 0 5 0
4 16 4 15
20 25 20 24
20 13 19 13
14 21 14 20
5 19 4 19
3 1 3 0
214
25 19 25 20
24 20 25 20
24 16 24 17
24 15 24 16
24 15 25 15
24 14 24 15
21 15 21 17
21 2 21 3
20 21 23 21
20 15 21 15
20 8 20 9
19 18 19 19
18 24 19 24
18 23 18 24
18 19 19 19
17 16 18 16
17 15 17 16
17 11 17 15
16 7 18 7
16 2 16 3
15 2 16 2
14 6 14 8
14 1 14 4
13 1 14 1
13 0 13 1
10 20 10 22
10 18 10 20
10 11 10 12
10 7 12 7
10 5 10 7
9 15 13 15
9 5 10 5
8 21 8 23
8 12 8 14
8 5 9 5
7 21 8 21
6 18 6 19
6 5 8 5
6 4 6 5
6 3 6 4
5 8 6 8
5 7 5 8
5 5 6 5
3 12 4 12
2 22 3 22
2 14 2 15
1 18 1 19
1 17 1 18
0 17 1 17
0 1 2 1
0 0 0 1
24 4 24 5
24 4 25 4
23 9 23 11
23 7 23 9
23 6 23 7
23 0 23 6
22 7 22 8
22 7 23 7
22 4 22 7
21 19 22 19
21 4 22 4
20 19 21 19
20 2 20 6
18 13 18 14
18 12 18 13
17 1 17 3
15 11 16 11
15 10 15 11
15 3 15 4
14 11 14 12
14 11 15 11
13 10 15 10
12 14 14 14
12 10 13 10
12 9 12 10
12 8 12 9
12 5 14 5
12 3 12 5
12 3 13 3
11 14 12 14
11 10 12 10
11 5 12 5
10 14 11 14
10 9 12 9
10 8 10 9
9 8 10 8
9 0 9 1
8 24 8 25
7 24 8 24
7 22 7 24
7 3 12 3
6 9 6 12
5 9 6 9
4 17 5 17
4 9 5 9
4 8 4 9
3 23 3 25
3 8 3 11
3 8 4 8
1 20 1 21
1 8 3 8
0 20 1 20
0 13 0 16
0 2 0 3
0 2 1 2
24 1 25 1
24 0 24 1
22 17 22 18
22 16 22 17
22 15 22 16
22 14 22 15
22 13 22 14
21 14 22 14
21 10 22 10
21 8 21 10
21 1 22 1
20 16 20 17
20 10 21 10
19 10 20 10
17 22 17 23
17 21 17 22
17 19 17 21
16 19 17 19
16 9 16 10
16 5 17 5
15 24 16 24
15 9 16 9
15 5 15 6
15 5 16 5
14 9 15 9
12 19 12 20
12 18 12 19
12 18 13 18
11 1 11 2
9 12 9 13
9 10 9 12
8 18 8 19
8 18 9 18
8 10 9 10
8 8 8 10
7 2 9 2
6 21 6 25
6 20 6 21
6 15 7 15
5 25 6 25
5 22 5 25
5 13 5 14
5 13 6 13
5 12 5 13
5 6 7 6
5 2 7 2
5 1 5 2
5 0 5 1
4 14 4 15
4 14 5 14
4 3 4 4
3 15 4 15
3 3 4 3
23 19 23 20
21 24 23 24
20 24 21 24
20 23 20 24
20 22 20 23
20 7 21 7
19 22 20 22
19 13 19 14
19 7 19 8
19 7 20 7
19 6 19 7
18 11 21 11
17 8 17 10
17 8 19 8
16 8 17 8
15 8 16 8
14 20 16 20
14 19 14 20
13 25 19 25
13 20 14 20
12 17 13 17
12 6 13 6
11 25 13 25
11 24 11 25
11 23 11 24
11 23 12 23
11 20 11 23
10 24 11 24
9 21 9 22
9 20 9 21
8 0 8 1
7 17 8 17
7 12 7 13
7 7 7 9
5 16 6 16
4 20 4 21
4 19 4 20
3 19 4 19
3 17 3 19
2 10 2 11
2 6 3 6
2 2 2 3
2 0 3 0
1 23 1 24
1 23 2 23
1 15 1 16
1 12 1 15
1 11 1 12
1 11 2 11
1 10 1 11
1 10 2 10
0 24 1 24
0 12 1 12
0 11 0 12
0 11 1 11
