35
27 8 26 8
20 6 20 5
17 11 16 11
16 23 16 22
13 21 13 20
9 35 9 34
2 12 1 12
0 25 0 24
35 18 35 17
33 35 33 34
19 7 19 6
15 11 14 11
14 12 13 12
14 11 13 11
5 0 4 0
3 34 3 33
1 31 1 30
34 23 33 23
28 15 28 14
25 21 24 21
24 27 24 26
19 3 18 3
15 15 15 14
6 23 6 22
35 30 34 30
32 23 31 23
31 6 31 5
8 12 8 11
35 26 34 26
28 30 27 30
24 14 24 13
23 23 23 22
15 30 14 30
9 15 8 15
8 9 8 8
212
35 20 35 21
34 21 35 21
34 20 34 21
34 20 35 20
34 19 34 20
32 16 34 16
31 12 31 14
29 3 29 4
29 3 30 3
28 19 28 27
28 19 29 19
27 27 28 27
26 8 26 9
25 25 27 25
25 23 25 25
25 0 25 2
25 0 34 0
24 2 25 2
23 30 24 30
20 33 20 34
20 31 20 33
20 27 20 31
19 34 20 34
19 32 19 34
19 19 19 25
19 5 20 5
17 27 20 27
17 22 17 27
16 33 16 34
16 33 17 33
16 22 17 22
16 17 17 17
16 11 16 12
16 1 16 2
14 27 17 27
13 9 15 9
13 1 16 1
12 20 12 24
12 20 13 20
10 34 16 34
9 34 10 34
9 12 9 13
8 29 8 32
5 13 9 13
1 24 1 27
1 24 5 24
1 13 5 13
1 12 1 13
0 24 1 24
35 14 35 17
34 24 34 25
34 17 35 17
33 1 33 2
32 34 33 34
32 2 33 2
32 1 32 2
32 1 33 1
31 26 32 26
29 12 29 13
26 30 26 31
26 12 26 16
26 12 27 12
25 31 26 31
22 6 23 6
21 26 22 26
19 6 22 6
18 33 18 35
18 28 18 33
18 6 19 6
17 28 18 28
17 10 23 10
13 16 13 19
13 16 15 16
13 14 13 16
13 13 13 14
13 12 13 13
13 11 13 12
12 27 12 28
10 35 11 35
10 20 11 20
7 35 10 35
7 32 7 35
5 32 7 32
5 15 7 15
4 0 4 1
2 33 3 33
2 32 2 33
1 29 1 30
0 30 1 30
34 29 35 29
34 28 34 29
34 11 34 14
33 23 33 24
32 24 33 24
32 4 33 4
30 30 30 31
30 4 32 4
29 33 29 34
28 17 29 17
28 13 28 14
27 14 28 14
25 26 27 26
24 26 25 26
24 21 24 22
24 3 24 4
24 3 25 3
23 0 23 1
22 29 25 29
22 8 23 8
21 35 25 35
21 34 21 35
21 8 22 8
21 4 24 4
20 8 21 8
18 22 18 24
18 18 18 22
18 4 21 4
18 3 18 4
16 32 17 32
16 30 16 32
15 20 15 21
15 20 16 20
15 13 15 14
14 14 15 14
13 32 16 32
11 28 11 29
11 8 11 11
11 6 11 8
11 6 12 6
9 29 11 29
9 19 11 19
5 22 6 22
5 7 8 7
4 31 6 31
3 11 4 11
34 30 34 31
33 30 34 30
33 5 35 5
31 23 31 24
31 5 33 5
30 5 31 5
29 5 30 5
28 10 28 12
24 15 24 16
23 11 24 11
22 11 23 11
22 5 29 5
21 9 23 9
20 16 24 16
19 9 21 9
18 7 26 7
17 29 17 30
13 29 17 29
13 28 13 29
13 7 13 8
13 7 18 7
13 6 13 7
13 4 13 6
12 7 13 7
10 27 11 27
10 4 13 4
8 4 10 4
8 3 8 4
8 2 8 3
8 1 8 2
7 11 8 11
7 9 7 11
5 25 6 25
5 10 5 11
4 5 4 6
3 16 5 16
3 3 3 4
1 18 1 20
0 34 1 34
0 31 0 34
34 26 34 27
32 7 32 11
32 7 33 7
30 28 32 28
30 27 30 28
30 23 30 27
30 19 30 23
30 7 32 7
28 28 30 28
27 30 27 31
26 32 32 32
25 32 26 32
25 27 26 27
24 17 25 17
23 13 24 13
22 22 22 23
22 22 23 22
21 33 23 33
21 23 22 23
17 19 17 21
16 19 17 19
16 6 17 6
15 24 16 24
14 30 14 31
11 31 11 32
11 31 14 31
11 30 11 31
11 26 15 26
11 14 11 15
10 21 10 24
9 1 10 1
8 21 10 21
8 15 8 16
7 8 8 8
6 26 11 26
2 14 5 14
2 5 2 7
