25
29 20 29 19
29 12 29 11
23 22 23 21
13 5 13 4
10 27 10 26
8 13 8 12
1 10 0 10
28 27 27 27
25 11 25 10
22 1 22 0
17 0 16 0
16 25 16 24
14 4 14 3
12 21 12 20
12 0 11 0
11 14 11 13
8 14 8 13
8 10 7 10
7 20 6 20
7 11 6 11
7 10 6 10
5 17 5 16
4 7 4 6
1 27 0 27
1 23 1 22
126
29 25 29 26
28 19 29 19
28 11 29 11
26 8 28 8
26 7 26 8
24 4 27 4
23 11 23 17
23 8 26 8
22 21 23 21
22 13 22 21
22 2 22 13
21 26 22 26
20 26 20 28
20 26 21 26
20 21 20 26
20 21 22 21
20 16 20 21
20 14 20 16
20 8 20 14
20 6 20 8
19 26 20 26
18 0 18 8
17 29 18 29
17 20 17 29
16 8 16 12
16 8 18 8
15 20 15 22
15 20 17 20
15 14 15 20
15 14 20 14
14 20 14 25
14 20 15 20
13 17 13 19
12 28 14 28
12 23 12 28
12 22 12 23
12 4 12 10
12 4 13 4
11 28 12 28
11 2 11 6
9 26 10 26
9 3 9 7
9 2 9 3
9 2 11 2
8 19 8 21
8 11 8 12
7 29 17 29
7 23 12 23
7 12 8 12
3 18 3 26
3 18 6 18
3 11 3 18
3 7 3 11
3 4 3 7
2 1 2 24
2 1 8 1
2 0 2 1
0 10 0 11
0 6 0 10
0 4 0 6
29 7 29 8
29 6 29 7
28 17 29 17
27 27 27 28
27 10 28 10
27 7 29 7
26 10 26 14
26 10 27 10
25 10 26 10
24 6 29 6
23 26 23 29
23 10 25 10
23 2 23 4
23 0 23 2
23 0 27 0
22 29 23 29
22 0 23 0
19 15 19 17
19 8 19 12
18 23 18 27
16 17 19 17
16 0 16 1
15 24 16 24
15 1 15 11
15 1 16 1
13 3 14 3
13 1 13 3
13 1 15 1
12 20 13 20
12 19 12 20
12 13 14 13
12 12 12 13
11 13 12 13
11 1 13 1
11 0 11 1
10 18 10 22
10 12 10 18
10 12 12 12
10 0 11 0
9 11 15 11
8 22 10 22
7 13 8 13
7 7 7 8
7 0 10 0
6 22 8 22
6 21 6 22
6 20 6 21
6 13 7 13
6 12 6 13
6 11 6 12
6 10 6 11
6 6 6 10
5 16 7 16
5 13 5 16
5 13 6 13
5 9 5 13
5 6 5 9
5 6 6 6
4 16 5 16
4 6 5 6
1 5 1 22
0 27 0 28
0 23 0 27
0 22 0 23
0 22 1 22
0 16 0 17
