21
21 28 20 28
19 22 19 21
19 21 19 20
18 21 18 20
15 26 15 25
1 0 0 0
31 33 30 33
30 3 29 3
27 12 27 11
16 16 16 15
15 28 15 27
15 27 15 26
14 27 14 26
7 31 6 31
5 18 4 18
3 27 3 26
31 26 30 26
29 36 29 35
21 1 21 0
20 8 19 8
15 23 14 23
139
38 17 38 27
33 27 38 27
33 23 33 27
33 20 33 23
33 17 33 20
33 17 38 17
32 4 32 9
30 29 30 31
30 28 30 29
30 17 33 17
30 9 32 9
29 38 30 38
28 2 28 3
27 27 27 30
26 32 29 32
26 23 33 23
25 21 31 21
23 29 23 36
23 13 29 13
21 8 21 12
20 28 20 29
20 20 20 28
20 18 20 20
20 0 20 5
19 20 20 20
18 20 19 20
17 1 17 16
16 0 20 0
15 0 16 0
14 25 15 25
13 33 17 33
12 24 12 35
8 26 8 38
8 26 10 26
8 16 8 26
8 16 10 16
6 38 8 38
5 11 9 11
4 20 4 25
2 11 5 11
2 8 2 11
1 15 7 15
0 28 0 30
0 28 2 28
0 8 2 8
0 1 0 6
0 1 17 1
0 0 0 1
34 32 34 34
34 11 38 11
32 24 32 27
32 1 33 1
31 15 34 15
30 34 34 34
30 33 30 34
29 29 29 31
29 3 29 4
27 11 34 11
26 25 27 25
26 11 27 11
25 19 25 20
25 19 26 19
21 15 21 21
19 15 19 18
19 15 21 15
19 11 19 15
17 18 19 18
16 35 16 36
16 35 21 35
16 4 16 6
15 35 16 35
15 26 16 26
15 15 16 15
15 12 15 15
14 26 15 26
13 8 14 8
13 4 16 4
12 22 13 22
11 36 16 36
11 21 11 27
11 12 11 21
11 12 15 12
9 3 11 3
6 31 6 32
5 3 9 3
4 18 4 19
3 18 3 26
3 18 4 18
2 26 3 26
2 24 2 26
2 22 2 24
0 24 2 24
38 29 38 34
37 23 37 26
36 26 37 26
35 38 36 38
35 26 36 26
34 26 35 26
33 38 35 38
32 38 33 38
30 35 31 35
30 26 30 27
30 13 31 13
29 35 30 35
29 26 30 26
29 16 29 18
27 15 28 15
27 5 27 6
27 4 27 5
27 4 28 4
25 32 25 34
24 16 24 27
24 16 29 16
24 8 24 12
24 8 29 8
22 0 22 23
22 0 25 0
21 0 22 0
19 38 23 38
19 8 19 9
19 3 19 8
18 29 18 34
18 12 18 13
17 19 17 22
15 34 18 34
15 5 15 7
15 2 15 3
14 24 19 24
14 23 14 24
13 28 13 30
13 2 15 2
11 11 15 11
10 38 19 38
7 9 13 9
6 19 6 22
5 20 5 28
3 8 4 8
1 2 1 6
0 21 2 21
