27
35 29 35 28
32 9 32 8
30 24 29 24
19 25 18 25
11 18 10 18
8 9 8 8
5 27 5 26
5 20 5 19
3 33 2 33
35 5 35 4
23 31 23 30
23 5 22 5
17 17 16 17
10 32 9 32
4 26 4 25
32 23 32 22
25 25 25 24
17 21 17 20
14 25 14 24
2 17 2 16
29 17 28 17
23 23 23 22
15 17 15 16
10 15 9 15
9 5 9 4
7 15 7 14
2 27 2 26
181
34 28 35 28
33 0 33 6
32 28 34 28
32 14 32 15
31 28 31 29
31 28 32 28
31 25 31 28
31 8 31 10
31 8 32 8
30 0 31 0
29 25 31 25
29 24 29 25
29 19 29 24
28 24 29 24
27 25 29 25
27 3 32 3
26 21 26 23
24 23 26 23
24 13 27 13
22 13 24 13
21 27 21 28
21 24 21 27
21 19 21 24
20 13 22 13
20 7 20 13
20 7 23 7
18 25 18 26
16 25 18 25
15 0 16 0
14 7 20 7
13 14 15 14
12 22 17 22
12 20 12 22
12 20 13 20
12 6 12 12
11 4 13 4
10 18 10 19
9 18 10 18
9 8 10 8
8 8 9 8
6 26 7 26
6 19 6 26
6 19 10 19
5 26 6 26
5 19 6 19
4 19 5 19
4 8 4 11
4 8 8 8
3 20 3 22
2 33 2 34
2 31 2 33
2 31 9 31
2 18 9 18
1 8 1 14
0 22 3 22
0 18 0 22
0 18 2 18
34 16 34 22
34 14 34 16
34 4 35 4
33 22 33 23
33 22 34 22
33 14 34 14
30 18 30 21
26 17 26 18
24 22 25 22
24 18 24 22
24 18 26 18
24 12 27 12
22 30 23 30
22 12 24 12
22 6 24 6
22 5 22 6
22 1 22 5
19 8 19 16
18 8 18 14
18 8 19 8
16 17 16 18
16 8 16 17
16 8 18 8
13 18 13 19
13 18 16 18
13 8 16 8
12 14 12 17
11 33 11 35
11 28 11 33
11 22 11 28
11 8 11 9
9 33 11 33
9 32 9 33
7 21 7 23
6 34 6 35
5 34 6 34
5 12 5 13
3 25 4 25
3 13 5 13
2 28 2 30
2 13 3 13
0 30 2 30
32 11 32 13
31 22 32 22
30 33 35 33
29 31 31 31
28 12 28 16
28 12 29 12
26 26 28 26
25 7 25 10
24 34 25 34
24 26 24 34
24 26 26 26
24 24 24 26
24 24 25 24
24 7 25 7
23 34 24 34
23 1 23 2
19 34 19 35
19 34 23 34
17 11 17 16
16 20 17 20
14 19 14 21
13 33 22 33
13 27 13 33
13 24 13 27
13 24 14 24
13 6 13 7
10 22 10 24
10 0 10 4
9 17 11 17
8 26 8 29
8 23 8 26
8 7 9 7
7 29 8 29
5 10 5 11
5 10 10 10
3 7 8 7
2 15 2 16
2 3 2 4
1 16 2 16
0 2 5 2
33 9 34 9
32 24 32 25
29 13 29 16
29 13 31 13
28 18 28 21
28 17 28 18
28 7 30 7
26 3 26 11
26 2 26 3
26 2 31 2
23 11 26 11
22 22 23 22
21 11 23 11
21 8 21 11
21 8 24 8
17 24 18 24
14 16 15 16
13 16 14 16
12 24 12 29
12 23 12 24
9 21 11 21
9 15 9 16
9 12 9 15
9 11 9 12
9 2 9 4
8 4 9 4
7 4 8 4
6 14 6 16
6 14 7 14
4 28 4 30
4 17 7 17
3 28 4 28
3 26 3 28
3 17 4 17
3 15 3 17
3 4 3 6
3 4 7 4
2 26 3 26
2 25 2 26
2 14 6 14
2 8 2 12
1 32 1 34
