25
38 34 38 33
35 18 34 18
26 18 25 18
21 23 20 23
21 10 20 10
20 17 19 17
40 14 40 13
30 7 29 7
46 33 45 33
35 32 35 31
32 47 32 46
7 14 6 14
45 0 44 0
35 47 35 46
21 5 20 5
10 37 10 36
2 4 2 3
47 42 46 42
43 46 42 46
41 27 41 26
39 43 38 43
35 6 35 5
30 47 30 46
24 8 23 8
22 14 21 14
172
41 15 44 15
41 12 41 15
39 12 41 12
37 33 37 38
37 33 38 33
37 16 37 22
36 29 47 29
36 22 37 22
34 26 35 26
34 18 34 19
33 33 37 33
29 42 29 43
29 41 29 42
26 43 29 43
26 39 26 43
26 37 26 39
26 34 26 37
26 34 29 34
26 6 32 6
25 43 26 43
25 18 25 19
25 15 25 18
20 27 22 27
20 24 20 27
20 23 20 24
20 10 20 11
19 32 23 32
19 17 19 18
15 0 22 0
12 44 14 44
9 47 19 47
9 45 9 47
5 13 5 14
2 44 6 44
2 25 3 25
45 40 45 43
42 9 44 9
42 6 42 9
42 6 45 6
39 33 39 39
39 13 39 17
39 13 40 13
38 41 38 42
33 37 35 37
31 19 31 23
29 28 34 28
29 7 29 8
28 35 29 35
28 22 28 25
28 11 29 11
27 18 27 27
26 8 26 15
26 8 29 8
26 7 26 8
26 7 29 7
23 23 23 24
22 11 22 12
18 12 22 12
18 11 18 12
16 26 16 38
16 22 16 26
15 26 16 26
12 8 13 8
12 3 12 8
9 7 10 7
9 5 9 7
8 24 8 36
5 8 5 12
5 3 5 8
5 3 12 3
5 2 5 3
4 25 4 27
4 20 4 25
3 20 4 20
45 34 45 37
45 33 45 34
41 31 47 31
37 31 41 31
36 31 37 31
36 8 36 18
35 31 36 31
35 15 35 20
35 13 35 15
34 36 35 36
34 8 36 8
31 46 32 46
31 8 34 8
31 7 31 8
27 37 27 39
27 35 27 37
24 10 24 19
24 1 24 7
22 28 22 29
21 33 23 33
20 7 24 7
18 20 18 25
17 39 19 39
14 39 17 39
14 37 14 39
14 25 14 37
9 22 9 29
9 17 14 17
7 45 8 45
6 22 6 24
6 22 9 22
6 15 6 18
6 14 6 15
5 27 5 28
4 6 4 14
3 45 7 45
2 9 2 17
44 25 44 26
44 24 44 25
44 0 44 1
42 33 43 33
42 24 42 27
42 24 44 24
38 11 38 14
37 1 44 1
34 46 35 46
33 46 34 46
29 13 34 13
28 47 29 47
25 29 25 31
24 31 25 31
22 22 22 24
20 5 20 6
19 9 19 11
19 6 19 9
19 6 20 6
17 17 17 21
12 32 12 36
12 30 12 32
10 36 12 36
9 36 10 36
9 35 9 36
8 37 8 39
7 11 7 19
7 11 10 11
6 41 16 41
2 35 4 35
1 3 2 3
47 36 47 38
46 42 46 43
45 17 45 18
42 46 42 47
42 18 45 18
40 38 47 38
40 26 41 26
40 5 45 5
38 43 38 44
36 5 40 5
35 43 38 43
35 5 36 5
34 9 34 10
32 7 33 7
31 35 31 39
31 31 31 35
31 31 33 31
31 30 31 31
29 46 30 46
27 5 35 5
25 20 25 24
23 9 23 11
23 8 23 9
22 37 22 39
22 20 25 20
21 14 21 15
13 3 13 4
5 20 5 23
3 40 8 40
0 40 3 40
