11
36 1 35 1
32 20 32 19
30 11 30 10
23 19 23 18
20 2 20 1
10 5 10 4
5 19 5 18
33 7 33 6
30 32 30 31
14 35 14 34
14 11 14 10
126
36 32 37 32
35 27 35 28
35 7 35 18
35 2 35 4
35 1 35 2
33 21 33 23
33 19 33 21
33 18 33 19
33 18 35 18
32 19 33 19
32 0 32 19
31 0 32 0
30 7 30 10
29 33 34 33
29 10 30 10
28 34 32 34
28 21 33 21
28 15 28 21
28 2 28 15
25 34 28 34
25 21 25 34
25 21 28 21
25 20 25 21
25 17 25 20
24 21 25 21
24 18 24 21
23 36 26 36
23 18 24 18
23 2 23 3
22 36 23 36
22 35 22 36
22 16 22 35
22 2 23 2
21 1 21 7
20 36 22 36
20 27 20 36
20 21 20 27
20 18 20 21
20 18 21 18
20 1 21 1
19 27 20 27
19 1 19 6
19 1 20 1
17 1 19 1
16 29 16 35
16 28 16 29
16 8 16 13
15 29 16 29
14 27 19 27
13 31 14 31
13 23 13 31
13 23 18 23
12 24 12 28
12 14 12 24
12 1 12 14
12 1 17 1
9 4 10 4
8 36 20 36
6 33 10 33
6 20 6 22
6 6 6 20
4 18 4 21
4 18 5 18
4 14 4 18
4 8 4 14
1 4 1 6
1 4 9 4
0 16 0 25
37 12 37 21
35 23 36 23
35 20 35 23
34 6 35 6
34 0 34 6
33 6 34 6
30 27 33 27
30 6 31 6
29 31 30 31
29 18 29 19
29 15 29 18
27 18 27 20
27 2 27 3
27 1 27 2
26 20 27 20
26 4 26 20
24 10 24 17
24 3 24 10
23 13 23 15
22 15 23 15
22 11 22 15
22 8 22 11
22 4 22 8
21 23 21 35
21 11 22 11
21 9 21 11
17 5 17 7
16 16 16 21
15 13 15 18
15 10 15 13
15 0 25 0
14 10 15 10
14 9 14 10
14 3 14 9
13 34 14 34
13 4 13 8
10 20 10 24
10 18 10 20
9 30 9 31
9 26 9 30
9 26 11 26
9 8 9 15
8 26 9 26
8 24 8 26
8 24 10 24
8 13 8 24
7 35 8 35
6 34 13 34
6 30 9 30
6 26 6 30
6 26 8 26
5 25 5 32
3 6 3 11
3 3 10 3
2 16 2 20
2 8 2 16
1 25 5 25
1 9 1 25
