7
1 14 1 13
17 16 17 15
5 14 4 14
4 6 4 5
16 1 16 0
13 14 13 13
11 11 10 11
199
17 17 18 17
16 7 17 7
15 11 15 12
15 7 16 7
15 6 15 7
15 5 15 6
15 4 15 5
15 3 15 4
15 2 15 3
15 2 18 2
14 11 15 11
14 10 14 11
14 9 14 10
14 8 14 9
14 7 14 8
14 7 15 7
14 6 14 7
14 6 15 6
14 0 14 1
13 9 14 9
13 8 13 9
13 8 14 8
13 1 14 1
13 0 13 1
13 0 14 0
12 15 13 15
12 8 13 8
11 3 12 3
10 3 10 4
10 3 11 3
9 18 10 18
8 18 9 18
8 17 8 18
8 6 8 7
7 10 7 14
7 10 8 10
7 9 7 10
7 6 8 6
6 14 6 15
6 14 7 14
6 9 7 9
6 6 7 6
5 15 6 15
5 9 6 9
5 6 6 6
4 2 4 3
3 18 4 18
3 14 3 15
3 12 3 14
3 11 3 12
3 9 5 9
3 5 3 6
3 0 3 1
2 18 3 18
2 15 2 16
2 15 3 15
2 12 3 12
2 11 2 12
2 11 3 11
2 1 3 1
1 11 2 11
1 5 1 6
1 2 1 3
0 16 0 17
0 13 1 13
0 12 0 13
0 3 1 3
0 2 0 3
0 2 1 2
18 11 18 12
18 10 18 11
16 15 17 15
16 14 16 15
16 13 16 14
16 9 16 10
16 8 16 9
16 8 17 8
16 6 17 6
15 15 15 16
15 15 16 15
15 14 15 15
15 14 16 14
15 10 16 10
14 18 15 18
13 18 14 18
13 17 13 18
13 10 13 11
13 4 14 4
13 3 13 4
12 18 13 18
12 10 13 10
12 9 12 10
12 6 13 6
12 0 12 1
11 9 12 9
11 4 11 5
11 4 13 4
11 1 12 1
11 0 11 1
11 0 12 0
9 14 9 16
9 11 9 12
9 8 9 9
9 5 9 6
9 1 9 3
9 1 11 1
8 14 9 14
8 12 8 14
8 12 9 12
8 9 9 9
8 8 8 9
8 8 9 8
8 3 9 3
8 1 8 3
8 1 9 1
8 0 8 1
7 8 8 8
7 7 7 8
6 7 7 7
5 11 5 12
5 7 5 8
5 7 6 7
4 16 4 17
4 15 4 16
4 14 4 15
4 12 5 12
4 8 5 8
4 5 5 5
3 17 4 17
3 3 3 4
2 3 3 3
2 2 2 3
1 7 2 7
1 4 3 4
0 14 2 14
18 15 18 16
18 14 18 15
18 8 18 9
18 6 18 8
17 11 17 13
17 10 17 11
17 4 17 5
16 18 17 18
16 16 16 18
16 16 18 16
16 11 17 11
16 5 17 5
16 3 16 5
15 0 15 1
15 0 16 0
14 13 15 13
14 12 14 13
14 2 14 3
13 16 14 16
13 13 14 13
13 12 13 13
13 12 14 12
13 2 14 2
12 16 12 17
12 16 13 16
12 13 12 14
12 13 13 13
11 16 12 16
11 14 12 14
11 13 11 14
11 13 12 13
11 2 13 2
10 16 10 17
10 16 11 16
10 14 10 16
10 14 11 14
10 11 10 12
10 5 10 6
10 2 11 2
9 17 10 17
8 15 8 16
7 16 7 17
7 16 8 16
7 5 8 5
7 0 7 5
6 17 7 17
6 16 6 17
6 16 7 16
6 12 6 13
6 11 6 12
5 16 6 16
5 13 6 13
5 2 6 2
4 13 5 13
4 4 5 4
3 7 4 7
2 9 2 10
2 5 2 6
1 17 2 17
1 16 1 17
1 15 1 16
1 10 2 10
0 15 1 15
0 6 0 7
