27
11 31 10 31
7 0 6 0
3 39 2 39
34 18 33 18
28 3 28 2
24 12 24 11
22 12 22 11
20 26 20 25
20 25 20 24
14 24 14 23
13 29 12 29
6 34 5 34
28 26 27 26
24 13 24 12
22 36 22 35
20 10 19 10
17 30 17 29
7 27 7 26
32 7 31 7
27 12 26 12
24 6 24 5
24 5 24 4
13 28 13 27
12 1 12 0
11 40 11 39
10 40 10 39
3 9 3 8
170
38 32 38 39
38 31 38 32
37 18 37 24
37 18 40 18
36 8 36 10
35 24 35 29
35 24 37 24
35 17 35 19
34 32 38 32
34 19 35 19
32 32 34 32
32 27 32 32
32 26 32 27
32 9 32 13
31 21 31 23
31 21 33 21
31 13 32 13
28 18 28 19
25 15 25 33
24 33 25 33
21 33 24 33
20 34 20 38
20 17 20 21
20 16 20 17
15 21 15 25
14 38 17 38
10 31 10 32
9 15 25 15
8 10 13 10
7 32 10 32
7 23 9 23
6 1 6 7
6 0 6 1
3 23 7 23
2 39 2 40
0 26 2 26
40 29 40 30
40 25 40 29
38 5 38 7
38 5 39 5
36 17 36 18
36 17 37 17
35 30 40 30
34 30 35 30
34 7 38 7
33 39 35 39
33 37 33 39
33 37 34 37
33 18 33 19
33 8 33 18
31 2 32 2
30 37 33 37
29 2 31 2
28 37 30 37
28 2 29 2
26 0 26 5
23 11 24 11
22 11 23 11
21 9 21 10
21 7 21 9
19 24 19 25
19 24 20 24
19 12 20 12
17 11 17 13
16 11 17 11
15 28 15 32
15 28 16 28
15 16 17 16
13 23 14 23
13 11 16 11
13 6 14 6
12 29 12 30
12 17 12 18
11 23 13 23
7 4 7 9
7 4 12 4
5 34 5 35
4 30 12 30
4 19 8 19
3 19 4 19
3 1 3 7
2 30 4 30
2 29 2 30
2 29 8 29
0 34 5 34
38 3 39 3
36 38 36 39
36 37 36 38
35 31 37 31
33 23 36 23
33 22 33 23
31 9 31 10
28 11 28 12
27 26 27 27
25 35 25 39
23 35 25 35
23 12 23 13
23 12 24 12
22 35 23 35
22 31 23 31
22 28 22 31
22 26 22 28
22 25 22 26
21 31 22 31
19 10 19 11
18 21 18 23
17 29 18 29
17 6 17 9
17 2 17 6
16 1 20 1
15 17 19 17
15 4 15 5
14 2 17 2
10 17 10 19
8 16 13 16
7 26 22 26
6 26 7 26
4 0 5 0
3 15 3 16
3 15 5 15
2 0 4 0
0 14 0 24
39 33 39 38
37 1 39 1
36 4 36 5
36 4 38 4
31 7 31 8
30 13 30 15
29 34 30 34
29 33 29 34
29 31 29 33
29 31 30 31
29 8 31 8
27 37 27 38
27 35 27 37
27 35 37 35
27 34 27 35
27 34 29 34
27 28 27 34
26 21 26 23
26 21 27 21
26 13 26 21
26 13 30 13
26 12 26 13
23 4 23 5
23 4 24 4
22 8 29 8
21 4 23 4
19 38 19 39
19 14 23 14
18 39 19 39
18 34 18 39
15 14 19 14
12 39 18 39
12 27 13 27
11 39 12 39
11 36 11 39
11 14 15 14
11 5 11 9
11 0 11 3
11 0 12 0
10 39 11 39
7 34 8 34
6 36 11 36
6 25 10 25
2 8 3 8
1 27 12 27
1 8 2 8
0 27 1 27
0 11 0 12
