27
35 18 34 18
35 10 35 9
34 21 33 21
34 20 33 20
34 19 33 19
30 20 29 20
15 28 14 28
12 1 11 1
33 34 33 33
33 33 33 32
31 16 31 15
30 19 30 18
27 1 27 0
25 7 25 6
24 24 24 23
22 1 22 0
19 10 19 9
19 2 19 1
17 3 17 2
17 2 17 1
16 2 16 1
34 28 33 28
34 27 33 27
16 28 15 28
16 22 16 21
7 12 6 12
6 6 6 5
159
35 30 35 32
35 28 35 30
34 9 35 9
33 24 33 25
33 21 33 22
33 20 33 21
33 19 33 20
31 29 31 32
31 3 35 3
29 21 33 21
29 20 29 21
28 26 30 26
26 2 26 3
24 2 26 2
23 2 24 2
21 22 21 36
21 2 23 2
20 1 20 8
18 22 21 22
18 13 18 17
18 12 18 13
14 32 14 34
14 29 14 32
14 28 14 29
14 22 14 28
14 12 15 12
13 34 14 34
13 24 13 26
13 21 13 24
13 13 13 21
13 13 18 13
13 9 13 13
13 3 13 9
11 29 14 29
11 1 11 2
10 35 10 36
10 19 10 20
10 10 10 19
10 9 10 10
10 9 13 9
9 20 10 20
9 2 11 2
8 35 10 35
7 21 13 21
7 17 7 21
7 2 9 2
5 8 8 8
4 22 4 23
4 17 7 17
4 2 7 2
3 23 4 23
3 20 3 23
2 23 3 23
2 18 2 23
0 2 4 2
36 13 36 20
35 20 36 20
33 32 34 32
32 32 32 33
32 32 33 32
32 15 32 20
32 9 32 15
31 15 32 15
30 10 30 18
29 18 30 18
29 9 29 18
29 9 32 9
28 21 28 25
28 16 28 21
27 14 27 19
27 11 27 14
27 0 35 0
26 0 27 0
25 30 25 32
25 30 26 30
25 27 25 30
25 23 25 27
25 4 25 6
24 23 25 23
24 20 24 23
24 13 24 20
24 12 24 13
24 6 25 6
24 3 24 6
23 12 24 12
23 6 23 12
23 6 24 6
23 5 23 6
23 0 26 0
22 6 23 6
22 0 23 0
21 13 24 13
21 8 21 13
20 15 20 17
18 26 18 29
18 9 19 9
18 1 19 1
17 1 18 1
16 16 16 18
16 1 17 1
10 28 11 28
8 0 22 0
7 29 7 33
7 29 8 29
4 15 4 16
4 3 4 5
4 3 6 3
3 10 5 10
3 8 3 10
3 5 3 8
3 5 4 5
36 25 36 28
36 7 36 12
36 6 36 7
35 7 36 7
34 12 36 12
34 11 34 12
34 10 34 11
33 28 33 29
33 27 33 28
33 23 35 23
29 29 29 30
29 23 33 23
29 2 29 3
29 2 34 2
28 31 28 36
28 30 28 31
28 30 29 30
28 29 28 30
28 29 29 29
28 5 28 15
28 5 34 5
28 2 28 5
28 2 29 2
27 5 28 5
26 31 28 31
23 25 23 26
23 24 23 25
23 22 23 24
23 20 23 22
22 17 22 19
21 1 31 1
20 20 23 20
18 11 20 11
17 21 17 31
17 21 18 21
16 21 17 21
15 29 15 30
15 28 15 29
14 19 22 19
14 7 19 7
12 13 12 15
9 14 9 16
6 22 6 23
6 12 6 13
5 5 6 5
3 26 3 32
2 12 6 12
0 34 4 34
