34
20 17 19 17
19 21 19 20
13 24 13 23
10 10 9 10
10 2 9 2
11 17 11 16
10 4 9 4
6 16 5 16
4 14 4 13
3 8 2 8
1 17 1 16
24 18 24 17
18 8 17 8
14 18 14 17
14 11 13 11
14 10 13 10
14 1 13 1
13 8 13 7
12 5 12 4
11 24 11 23
11 18 11 17
9 15 9 14
9 14 9 13
7 15 7 14
5 19 4 19
4 20 3 20
4 10 4 9
2 17 1 17
22 15 22 14
12 3 12 2
10 8 10 7
7 8 7 7
6 19 5 19
1 11 0 11
216
23 14 23 15
22 4 22 5
21 23 21 24
19 19 19 20
19 18 19 19
19 17 19 18
19 13 19 14
19 2 19 5
19 2 20 2
18 20 19 20
17 21 17 22
16 14 17 14
16 2 16 8
16 0 16 2
15 8 16 8
14 15 15 15
12 23 13 23
12 17 12 18
11 14 13 14
9 23 9 24
9 10 9 11
9 2 9 3
8 23 9 23
8 22 8 23
8 21 8 22
8 20 8 21
8 11 8 12
8 11 9 11
8 3 9 3
7 20 8 20
7 16 7 17
7 12 8 12
7 3 8 3
6 21 8 21
6 17 6 18
6 17 7 17
4 22 4 24
4 18 6 18
4 17 4 18
4 16 4 17
4 5 4 6
4 3 7 3
3 24 4 24
3 13 3 15
3 12 3 13
3 12 4 12
3 0 6 0
2 20 2 21
2 13 3 13
1 12 3 12
1 9 1 10
23 11 23 12
23 4 23 5
22 19 24 19
22 16 23 16
21 19 22 19
21 18 21 19
21 17 21 18
21 16 21 17
21 16 22 16
20 20 20 24
20 13 20 15
19 24 20 24
19 22 19 24
19 10 22 10
19 8 19 10
19 6 19 8
15 23 15 24
15 13 15 14
14 19 14 20
13 16 15 16
13 9 15 9
12 21 16 21
12 19 12 21
12 16 13 16
11 19 12 19
11 16 12 16
11 15 11 16
10 19 11 19
10 13 11 13
10 11 10 13
9 4 9 5
8 17 9 17
8 8 8 9
8 4 9 4
7 9 7 11
7 9 8 9
7 0 8 0
6 23 6 24
6 4 6 5
5 16 5 17
5 13 5 16
5 12 5 13
5 11 5 12
5 11 7 11
4 13 5 13
3 17 3 19
2 10 2 11
2 10 3 10
2 9 2 10
2 8 2 9
1 5 1 6
0 16 1 16
0 6 0 7
0 6 1 6
23 17 23 18
23 17 24 17
21 7 22 7
20 16 20 18
20 5 20 6
20 4 20 5
19 16 20 16
17 23 17 24
17 9 17 10
17 8 17 9
16 16 19 16
16 10 17 10
15 19 15 20
15 4 15 5
13 18 13 19
13 17 13 18
13 17 14 17
13 11 13 12
13 10 13 11
13 7 14 7
13 6 13 7
13 4 13 6
13 4 15 4
13 2 13 4
13 1 13 2
12 4 13 4
12 1 13 1
11 12 13 12
11 6 11 7
11 6 13 6
11 5 11 6
10 23 11 23
10 17 11 17
10 6 11 6
10 1 10 6
10 0 10 1
9 0 10 0
8 13 8 14
8 13 9 13
7 19 8 19
7 14 8 14
7 13 7 14
7 13 8 13
5 23 5 24
3 22 3 23
3 21 3 22
3 20 3 21
3 9 4 9
2 0 2 1
1 22 3 22
1 18 1 22
1 17 1 18
1 13 1 14
1 1 2 1
0 13 1 13
0 0 2 0
24 23 24 24
24 22 24 23
24 6 24 7
23 23 24 23
23 3 24 3
22 6 24 6
22 3 23 3
21 14 22 14
21 6 22 6
21 2 21 6
21 1 21 2
21 0 21 1
19 11 21 11
18 11 19 11
18 10 18 11
18 4 18 5
18 3 18 4
18 2 18 3
18 1 18 2
18 0 18 1
17 18 18 18
17 1 18 1
17 0 17 1
17 0 18 0
16 18 16 19
16 18 17 18
15 18 16 18
14 22 14 24
12 10 12 11
12 8 14 8
12 7 12 8
11 11 12 11
11 2 12 2
11 1 11 2
11 0 11 1
9 20 9 21
9 8 9 9
9 7 9 8
9 7 10 7
8 1 8 2
8 1 9 1
7 7 9 7
7 2 8 2
7 1 7 2
7 1 8 1
6 7 6 8
6 7 7 7
6 6 6 7
5 20 5 21
5 19 5 20
5 8 6 8
5 2 7 2
3 5 3 7
1 2 1 3
0 11 0 12
