44
24 16 24 15
24 15 24 14
20 16 20 15
20 3 20 2
16 20 16 19
16 9 16 8
12 15 11 15
8 3 8 2
7 12 6 12
5 9 5 8
28 21 28 20
26 22 26 21
26 21 26 20
25 21 25 20
20 11 20 10
17 11 17 10
13 18 13 17
13 5 12 5
6 1 6 0
2 20 2 19
26 8 25 8
25 28 25 27
24 18 24 17
19 11 18 11
16 25 16 24
8 4 8 3
6 7 6 6
4 9 3 9
4 7 4 6
3 7 3 6
22 2 22 1
7 22 6 22
6 9 5 9
2 17 2 16
2 9 1 9
28 17 27 17
28 14 28 13
20 21 19 21
20 20 19 20
14 5 14 4
12 13 12 12
9 13 9 12
5 18 4 18
3 23 3 22
224
27 24 27 25
27 8 28 8
26 28 27 28
26 25 27 25
25 5 26 5
24 14 25 14
24 12 24 14
24 10 24 12
23 0 23 3
22 15 23 15
22 13 22 15
22 3 23 3
19 15 20 15
19 2 20 2
18 3 18 5
17 27 19 27
17 26 17 27
17 25 17 26
16 3 16 8
16 3 18 3
15 19 16 19
15 18 15 19
15 16 15 18
15 14 15 16
15 8 16 8
15 1 17 1
14 23 17 23
14 21 14 23
14 18 15 18
14 8 15 8
13 25 13 28
13 25 14 25
11 15 11 16
7 14 8 14
7 5 8 5
7 2 8 2
6 12 6 13
5 23 5 24
5 12 6 12
4 13 6 13
4 12 4 13
4 12 5 12
4 8 5 8
0 15 2 15
0 14 0 15
0 14 1 14
27 20 28 20
27 15 28 15
26 20 27 20
26 16 26 18
25 20 26 20
25 10 28 10
24 20 24 21
24 20 25 20
24 19 24 20
20 22 20 25
20 22 22 22
20 13 20 14
20 13 21 13
20 9 20 10
20 9 21 9
20 7 24 7
19 10 20 10
18 25 20 25
16 18 17 18
16 17 16 18
16 15 16 17
16 10 17 10
16 2 17 2
16 0 17 0
15 0 16 0
14 0 15 0
12 17 13 17
12 7 13 7
12 6 12 7
12 5 12 6
10 8 10 9
9 7 12 7
7 20 10 20
6 10 6 11
5 14 5 15
5 0 6 0
4 15 5 15
2 28 3 28
2 27 2 28
2 19 3 19
2 18 2 19
2 5 3 5
1 27 2 27
27 0 27 1
26 26 26 27
26 26 27 26
25 27 26 27
25 8 25 9
23 17 23 18
23 17 24 17
23 5 23 6
19 4 19 6
18 11 18 12
16 11 18 11
15 24 16 24
14 26 14 27
13 15 13 16
12 25 12 27
11 27 12 27
11 19 12 19
11 5 11 6
10 19 11 19
10 16 10 19
10 6 11 6
9 5 11 5
9 3 9 5
8 6 10 6
8 3 9 3
7 10 12 10
7 6 8 6
6 15 9 15
6 6 7 6
5 6 6 6
5 5 5 6
5 3 5 5
5 2 5 3
4 24 4 25
4 21 4 24
4 6 5 6
3 16 5 16
3 12 3 16
3 10 3 12
3 9 3 10
3 6 4 6
0 28 1 28
0 22 0 28
0 9 0 10
28 27 28 28
28 24 28 27
28 23 28 24
28 2 28 5
26 7 28 7
25 3 26 3
24 25 24 28
21 28 24 28
21 1 22 1
20 28 21 28
20 19 21 19
20 18 20 19
19 12 20 12
18 26 19 26
17 13 17 14
16 26 16 27
15 2 15 6
14 15 14 16
13 13 17 13
13 6 15 6
11 4 12 4
10 23 12 23
9 26 9 28
8 28 9 28
7 26 9 26
7 18 7 19
7 18 8 18
7 0 7 1
6 22 6 23
6 20 6 22
5 9 5 10
4 27 4 28
3 27 4 27
3 20 3 21
3 20 6 20
3 1 3 2
3 1 7 1
2 7 5 7
1 16 2 16
1 9 1 10
1 5 1 6
0 20 3 20
0 19 0 20
0 16 1 16
28 11 28 13
27 17 27 18
27 13 27 14
27 13 28 13
25 25 25 26
25 6 26 6
23 24 23 27
23 9 24 9
22 27 23 27
21 27 22 27
21 24 21 25
21 24 23 24
21 10 21 11
21 10 22 10
21 4 21 6
21 3 21 4
19 22 19 23
19 21 19 22
19 20 19 21
19 8 19 9
18 23 18 24
18 23 19 23
18 9 19 9
18 1 18 2
17 9 18 9
17 8 17 9
17 7 17 8
15 25 15 26
14 10 14 11
14 9 14 10
14 9 17 9
14 3 14 4
13 4 14 4
13 3 13 4
13 3 14 3
11 12 12 12
10 26 10 27
10 24 10 26
10 12 11 12
9 12 10 12
9 0 9 1
9 0 11 0
8 12 9 12
5 25 5 26
5 25 6 25
4 18 4 19
2 22 3 22
