10
13 10 13 9
8 12 8 11
8 7 7 7
5 16 5 15
3 0 2 0
17 10 16 10
15 9 15 8
11 2 11 1
9 7 8 7
5 7 5 6
180
17 7 17 8
17 6 17 7
17 5 17 6
17 4 17 5
17 3 17 4
17 2 17 3
16 16 16 17
16 16 17 16
16 7 17 7
16 6 16 7
16 6 17 6
16 4 17 4
16 2 16 4
16 2 17 2
15 17 16 17
15 15 15 17
15 13 15 15
15 12 15 13
15 7 16 7
15 6 15 7
15 6 16 6
14 17 15 17
14 16 14 17
14 12 15 12
14 9 14 12
13 16 14 16
13 9 14 9
13 0 15 0
12 13 12 15
12 13 15 13
12 7 15 7
12 5 12 7
12 5 13 5
12 2 12 5
11 10 12 10
11 0 13 0
10 16 10 17
10 16 13 16
10 15 10 16
10 6 10 7
10 5 10 6
10 5 12 5
10 4 10 5
10 4 11 4
10 0 10 1
10 0 11 0
9 13 12 13
9 11 9 13
9 2 9 3
8 11 9 11
8 6 10 6
8 5 8 6
8 3 8 5
8 3 9 3
8 2 8 3
8 2 9 2
7 8 7 9
7 7 7 8
7 3 8 3
6 14 6 15
6 8 7 8
5 15 6 15
5 14 5 15
5 14 6 14
5 5 8 5
4 8 6 8
4 5 5 5
3 17 7 17
3 16 3 17
3 14 3 16
3 13 3 14
3 12 3 13
3 11 3 12
3 10 3 11
3 8 3 10
3 8 4 8
2 16 3 16
2 15 2 16
2 14 2 15
2 14 3 14
2 12 3 12
2 9 2 12
2 5 2 9
2 0 2 1
1 12 1 13
1 12 2 12
1 11 1 12
1 9 2 9
1 8 1 9
0 11 1 11
0 8 1 8
16 12 16 13
16 11 16 12
16 10 16 11
15 11 16 11
15 2 15 3
15 1 15 2
15 1 17 1
14 14 14 15
14 8 15 8
14 5 16 5
14 4 14 5
13 15 14 15
13 14 13 15
13 14 14 14
13 11 13 12
13 4 14 4
13 2 13 4
13 2 15 2
12 17 13 17
12 11 13 11
12 8 12 9
12 8 14 8
12 1 15 1
11 14 11 15
11 12 13 12
11 9 12 9
11 8 11 9
11 8 12 8
11 7 11 8
11 6 11 7
11 1 12 1
10 11 12 11
10 10 10 11
10 9 10 10
10 9 11 9
10 8 10 9
10 8 11 8
10 2 10 3
8 17 9 17
8 10 10 10
8 9 8 10
8 9 10 9
8 8 8 9
8 8 10 8
8 7 8 8
7 10 7 15
7 10 8 10
6 1 6 2
5 10 5 11
5 10 7 10
5 6 7 6
5 2 5 3
5 2 6 2
4 14 4 15
4 11 4 14
4 11 5 11
4 10 4 11
4 10 5 10
4 9 4 10
4 6 5 6
4 4 7 4
4 3 4 4
4 3 5 3
4 0 4 3
4 0 5 0
3 4 3 5
3 4 4 4
3 3 3 4
3 3 4 3
3 2 3 3
3 1 3 2
2 4 3 4
2 3 2 4
2 3 3 3
2 2 2 3
2 2 3 2
1 5 1 7
1 3 2 3
1 2 1 3
1 2 2 2
1 1 1 2
1 0 1 1
0 15 0 17
0 15 1 15
0 13 0 15
0 12 0 13
0 10 1 10
0 7 1 7
0 2 1 2
