20
31 30 31 29
30 3 30 2
14 1 14 0
12 1 12 0
32 34 32 33
3 9 2 9
0 29 0 28
30 9 30 8
29 32 29 31
28 7 28 6
27 9 27 8
24 7 24 6
20 6 20 5
19 23 19 22
19 18 19 17
17 7 16 7
14 31 13 31
13 32 12 32
9 8 9 7
8 5 7 5
170
34 12 34 17
32 14 32 16
31 26 31 29
31 6 31 11
31 2 31 6
30 29 31 29
30 26 30 29
30 26 31 26
30 25 30 26
30 2 31 2
28 12 34 12
27 25 30 25
27 23 27 25
27 12 27 16
27 12 28 12
25 21 25 24
23 3 23 4
20 11 20 12
20 11 31 11
19 34 26 34
19 32 19 34
19 27 19 32
19 24 19 27
19 21 25 21
18 26 18 30
18 19 29 19
17 32 19 32
17 28 17 32
17 19 18 19
17 13 17 14
16 5 17 5
15 20 15 31
15 19 15 20
15 19 17 19
15 15 15 19
15 0 15 3
14 32 17 32
14 0 15 0
13 0 14 0
12 28 12 31
12 28 13 28
12 0 13 0
10 31 12 31
10 30 10 31
10 18 13 18
9 28 12 28
9 22 9 28
8 10 8 11
7 1 7 3
6 33 9 33
4 15 4 19
4 10 8 10
3 25 3 27
3 25 5 25
3 10 4 10
1 22 9 22
1 20 1 22
1 19 1 20
0 27 3 27
0 9 0 11
0 9 1 9
0 6 0 9
0 3 0 6
34 21 34 28
34 7 34 9
33 9 34 9
33 1 33 3
32 33 34 33
32 20 32 33
32 1 32 5
32 1 33 1
31 33 32 33
30 4 30 5
28 21 28 24
28 21 29 21
27 17 29 17
26 21 28 21
26 4 30 4
24 18 25 18
24 16 24 18
23 24 23 25
22 18 24 18
19 0 19 4
18 4 19 4
16 9 16 11
15 9 15 13
15 9 16 9
15 6 15 9
15 6 19 6
14 15 14 16
13 16 14 16
12 15 14 15
11 27 12 27
11 4 18 4
10 27 11 27
9 4 11 4
8 12 8 21
5 34 7 34
5 30 7 30
5 16 5 20
5 12 5 16
5 11 5 12
4 28 5 28
4 12 5 12
3 34 5 34
3 30 3 34
3 4 9 4
2 21 8 21
2 10 2 21
2 9 2 10
1 28 1 31
1 28 4 28
1 10 2 10
0 28 1 28
0 0 5 0
34 2 34 3
33 25 33 32
33 22 33 25
33 21 33 22
31 20 31 25
29 18 30 18
29 8 30 8
28 31 29 31
28 29 28 31
27 29 28 29
27 20 31 20
27 8 29 8
27 6 27 8
27 6 28 6
26 31 28 31
26 24 26 31
26 8 27 8
25 26 25 28
25 6 27 6
24 6 25 6
24 5 24 6
23 28 25 28
22 8 22 9
21 24 21 25
21 17 23 17
20 22 22 22
20 5 24 5
20 3 20 5
19 22 20 22
19 17 21 17
19 13 19 17
19 13 24 13
19 5 20 5
18 17 19 17
18 13 18 17
18 13 19 13
18 10 18 13
18 10 24 10
17 22 17 23
17 22 19 22
16 7 16 8
14 5 14 9
13 26 14 26
13 24 13 26
12 33 16 33
12 32 12 33
11 33 12 33
10 7 10 12
9 7 10 7
7 5 7 6
6 5 6 9
6 5 7 5
5 9 6 9
4 29 4 30
0 2 4 2
