39
17 28 17 27
17 10 17 9
16 31 16 30
14 25 14 24
14 24 14 23
13 31 13 30
12 31 12 30
12 10 12 9
11 4 10 4
6 29 6 28
27 20 26 20
25 3 25 2
24 3 24 2
23 27 23 26
16 1 16 0
6 8 5 8
1 4 1 3
27 12 27 11
26 8 25 8
18 6 18 5
17 11 17 10
15 11 15 10
10 29 10 28
10 22 9 22
5 25 5 24
1 1 0 1
30 14 29 14
28 7 27 7
13 27 13 26
10 20 10 19
6 2 5 2
3 19 2 19
0 21 0 20
29 5 29 4
9 3 9 2
5 27 5 26
5 26 5 25
4 26 4 25
1 23 1 22
223
31 10 31 19
31 9 31 10
30 10 31 10
30 8 30 10
30 2 30 3
29 16 30 16
29 2 30 2
27 14 27 16
25 14 27 14
23 8 23 9
22 8 23 8
20 8 22 8
18 24 18 30
17 30 18 30
16 30 17 30
16 27 17 27
16 9 17 9
15 30 16 30
15 27 15 30
15 27 16 27
15 26 15 27
14 30 15 30
13 30 14 30
13 23 13 24
13 23 14 23
13 20 13 23
13 11 14 11
12 30 13 30
12 5 14 5
11 20 13 20
11 9 12 9
10 23 13 23
10 9 11 9
10 5 10 9
10 4 10 5
9 15 11 15
8 21 8 23
8 10 9 10
5 28 6 28
3 24 3 25
3 22 3 24
3 0 3 1
3 0 5 0
2 24 3 24
0 24 2 24
30 21 31 21
29 21 30 21
28 13 28 16
26 20 26 21
26 2 27 2
25 18 27 18
25 2 26 2
24 2 25 2
23 26 25 26
23 19 23 26
23 18 23 19
23 18 25 18
22 30 22 31
22 27 22 30
22 26 22 27
22 26 23 26
21 26 22 26
20 26 21 26
19 26 20 26
18 0 29 0
17 0 18 0
16 3 16 6
16 3 21 3
16 0 17 0
15 14 15 15
13 4 15 4
10 12 12 12
9 31 10 31
7 25 7 27
5 20 5 21
5 18 5 20
5 8 5 9
4 29 4 31
4 14 4 15
3 26 3 27
3 15 3 17
3 15 4 15
3 14 3 15
3 14 4 14
2 3 2 7
1 26 3 26
1 3 2 3
1 2 1 3
28 28 31 28
28 11 30 11
28 9 28 11
27 11 28 11
26 5 26 6
25 9 25 11
25 8 25 9
23 11 25 11
22 16 26 16
17 10 19 10
17 5 18 5
16 10 17 10
15 10 16 10
15 2 16 2
14 31 17 31
11 17 11 18
10 27 10 28
10 26 10 27
10 25 10 26
10 13 10 14
9 28 10 28
9 27 9 28
9 27 10 27
9 25 9 27
9 25 10 25
9 23 9 25
9 22 9 23
9 18 9 22
9 13 10 13
8 25 9 25
8 18 9 18
8 1 10 1
8 0 8 1
7 28 9 28
6 4 6 5
5 4 6 4
4 24 5 24
2 16 2 18
1 14 1 15
1 11 3 11
0 16 0 17
0 14 0 16
0 14 1 14
0 13 0 14
0 12 0 13
0 1 0 2
29 14 29 15
28 30 28 31
28 23 29 23
27 7 27 8
26 7 27 7
24 27 24 28
24 5 24 6
22 3 23 3
21 24 21 25
19 23 19 24
18 21 18 22
18 20 18 21
17 4 18 4
14 14 14 15
14 0 14 2
12 28 12 29
12 27 12 28
12 26 12 27
12 26 13 26
12 21 12 22
12 17 12 19
11 21 12 21
11 19 12 19
10 19 11 19
7 19 8 19
6 30 8 30
6 21 6 24
6 6 6 9
5 30 6 30
5 2 5 3
4 20 4 22
4 13 6 13
4 3 5 3
2 27 2 31
2 19 2 20
1 20 2 20
0 20 1 20
30 24 31 24
29 4 30 4
29 3 29 4
28 1 30 1
27 25 27 30
26 23 26 27
25 20 25 22
24 20 25 20
22 13 22 15
22 12 22 13
22 6 23 6
22 4 22 6
20 28 20 29
20 27 20 28
20 21 20 22
20 18 20 21
20 17 20 18
19 22 20 22
19 11 20 11
17 23 18 23
16 28 16 29
14 7 14 8
14 7 18 7
14 6 14 7
13 7 14 7
11 8 14 8
9 16 11 16
8 16 9 16
8 12 8 16
8 2 9 2
6 16 6 18
6 16 8 16
6 0 7 0
5 25 6 25
5 12 6 12
5 11 5 12
5 10 5 11
4 25 5 25
4 11 5 11
3 10 5 10
3 9 3 10
3 7 3 9
3 7 5 7
1 22 2 22
1 21 1 22
1 10 3 10
1 9 1 10
1 9 3 9
1 7 1 9
0 29 0 30
0 28 0 29
0 7 1 7
