21
19 2 18 2
17 14 17 13
15 12 15 11
11 22 11 21
10 2 10 1
6 23 6 22
4 9 4 8
1 2 1 1
22 7 22 6
15 21 14 21
15 20 14 20
15 19 14 19
10 20 10 19
10 0 9 0
9 20 9 19
9 5 9 4
8 23 8 22
8 12 8 11
8 11 8 10
8 5 8 4
3 17 3 16
171
23 22 23 23
23 3 23 4
22 19 22 20
22 11 22 19
21 13 21 17
21 4 23 4
20 23 23 23
20 20 20 23
20 17 20 20
20 17 21 17
20 14 20 17
19 23 20 23
19 20 19 23
19 20 20 20
19 13 19 20
19 13 21 13
18 23 19 23
18 22 18 23
18 20 18 22
18 20 19 20
18 18 18 20
18 17 18 18
18 2 18 3
18 0 18 2
18 0 20 0
17 13 19 13
17 10 17 13
17 10 20 10
17 3 17 10
17 3 18 3
16 22 18 22
16 13 16 14
16 13 17 13
16 11 16 13
16 9 16 11
16 6 16 9
15 18 18 18
15 11 16 11
15 9 15 11
15 9 16 9
15 1 15 9
14 11 14 12
14 11 15 11
14 5 14 6
14 1 14 5
14 1 15 1
13 6 14 6
13 1 14 1
13 0 13 1
12 20 12 21
12 9 15 9
11 21 12 21
11 20 11 21
11 20 12 20
11 7 11 11
11 1 13 1
10 1 11 1
9 14 9 15
9 14 16 14
9 9 9 14
8 21 11 21
6 22 7 22
6 15 6 22
6 14 6 15
6 14 9 14
5 6 13 6
4 22 4 23
4 22 6 22
4 21 4 22
4 20 4 21
3 23 4 23
3 21 3 23
3 21 4 21
3 15 6 15
3 14 3 15
3 13 3 14
3 8 4 8
3 5 3 8
3 2 3 5
3 1 3 2
2 15 3 15
2 11 2 15
2 1 3 1
1 13 1 17
1 1 2 1
1 0 1 1
1 0 6 0
0 21 0 22
0 21 3 21
0 19 2 19
23 16 23 18
23 8 23 12
23 6 23 8
22 21 22 22
22 6 23 6
22 5 22 6
21 19 21 20
21 18 21 19
21 6 22 6
21 5 21 6
21 5 22 5
21 2 21 3
21 2 22 2
20 11 20 12
20 6 21 6
20 4 20 6
19 11 20 11
19 6 20 6
18 11 19 11
18 4 20 4
17 15 18 15
16 15 16 16
16 15 17 15
14 21 14 22
14 20 14 21
14 19 14 20
13 16 13 18
13 16 16 16
13 13 15 13
13 12 13 13
13 11 13 12
12 18 13 18
12 12 13 12
11 19 14 19
11 17 11 19
11 4 13 4
10 22 14 22
10 19 11 19
10 16 10 19
10 15 10 16
10 15 11 15
10 13 13 13
10 7 10 13
10 4 11 4
9 22 10 22
9 19 10 19
9 17 9 19
9 4 10 4
9 0 9 1
8 22 9 22
8 4 9 4
8 1 8 4
8 1 9 1
7 17 7 21
7 17 9 17
7 15 7 17
7 10 7 11
7 10 8 10
6 11 6 13
6 11 7 11
6 9 6 11
6 8 6 9
6 7 6 8
5 11 6 11
4 12 4 14
4 11 4 12
4 11 5 11
3 9 6 9
2 16 2 18
2 16 3 16
2 3 2 7
2 2 2 3
1 7 2 7
0 18 2 18
0 16 0 18
0 15 0 16
0 9 0 15
0 9 3 9
0 5 0 9
0 2 2 2
0 1 0 2
