37
31 31 31 30
27 11 27 10
16 7 16 6
14 15 14 14
13 13 13 12
12 18 12 17
11 24 10 24
5 4 5 3
29 24 29 23
28 0 27 0
25 30 24 30
25 8 25 7
24 24 24 23
21 3 21 2
20 26 19 26
19 30 19 29
16 25 16 24
10 21 10 20
5 0 4 0
4 13 4 12
27 9 27 8
23 8 23 7
22 21 22 20
21 8 21 7
20 14 20 13
19 4 19 3
15 8 15 7
13 29 13 28
9 27 8 27
5 7 4 7
4 19 4 18
3 22 3 21
2 13 1 13
2 12 2 11
1 23 1 22
1 14 0 14
1 13 0 13
185
31 28 31 30
31 27 31 28
31 21 31 23
30 30 31 30
30 27 30 30
30 27 31 27
29 14 29 15
29 13 29 14
29 13 30 13
28 13 29 13
27 15 27 16
27 15 29 15
27 3 30 3
26 30 30 30
26 10 27 10
25 10 26 10
22 1 24 1
21 10 25 10
20 1 22 1
17 17 17 20
17 16 17 17
17 13 17 16
17 13 18 13
17 10 17 13
17 8 17 10
17 6 17 8
16 6 17 6
15 17 17 17
15 14 15 17
15 13 15 14
15 13 17 13
15 12 15 13
14 14 15 14
14 12 14 14
14 12 15 12
14 6 16 6
13 31 15 31
13 12 14 12
11 17 11 18
11 17 12 17
11 14 11 17
11 14 14 14
10 24 10 25
10 2 11 2
9 6 9 8
8 14 11 14
7 25 10 25
7 24 7 25
7 24 10 24
7 23 7 24
7 7 7 23
6 30 9 30
6 28 6 30
6 3 8 3
5 8 5 11
5 3 6 3
4 30 6 30
4 29 4 30
4 14 4 17
2 17 4 17
2 2 10 2
1 27 1 29
1 24 7 24
29 22 29 23
29 21 29 22
28 23 29 23
27 22 27 28
27 22 29 22
27 6 28 6
27 0 27 1
26 1 27 1
25 17 26 17
25 6 25 7
25 6 27 6
24 30 24 31
24 28 24 30
24 28 27 28
24 7 24 9
24 7 25 7
24 2 24 7
24 2 30 2
23 23 24 23
23 18 29 18
22 23 23 23
22 4 22 5
22 2 22 4
22 2 24 2
21 2 22 2
20 31 22 31
20 29 20 31
20 16 22 16
19 29 20 29
19 26 19 27
18 26 19 26
18 23 18 26
18 23 22 23
18 17 25 17
15 27 19 27
15 24 15 27
15 24 16 24
15 23 15 24
14 24 15 24
14 8 14 10
12 28 12 31
11 31 12 31
11 20 11 31
11 20 12 20
11 6 11 9
11 6 12 6
11 0 14 0
10 20 11 20
10 18 10 20
10 4 15 4
9 4 10 4
8 16 8 22
8 9 8 12
4 10 4 12
4 0 4 1
3 12 3 13
3 12 4 12
3 10 3 12
3 10 4 10
3 8 3 10
3 7 3 8
2 23 3 23
1 10 3 10
1 2 1 10
30 17 30 21
30 14 30 17
29 7 29 12
26 8 27 8
25 20 25 22
25 3 26 3
23 27 23 28
23 4 23 7
22 28 23 28
22 20 25 20
22 7 23 7
21 20 22 20
21 7 22 7
20 28 22 28
20 27 20 28
19 13 19 14
19 13 20 13
19 10 19 13
18 7 21 7
18 3 18 7
18 3 19 3
17 31 18 31
16 22 25 22
15 28 16 28
15 0 16 0
14 28 15 28
14 7 15 7
13 28 14 28
13 27 13 28
13 11 14 11
12 3 18 3
10 0 10 1
9 15 10 15
9 5 10 5
8 27 8 28
8 6 8 8
8 4 8 6
7 28 8 28
5 20 5 23
5 20 6 20
5 18 5 20
5 12 5 18
4 25 4 26
4 25 5 25
4 18 5 18
4 8 4 9
4 7 4 8
3 20 3 21
3 20 5 20
2 21 2 22
2 21 3 21
1 26 4 26
1 22 2 22
1 11 2 11
0 22 1 22
0 15 0 17
0 14 0 15
0 13 0 14
