32
21 17 20 17
18 16 18 15
15 15 14 15
14 6 14 5
13 29 13 28
6 19 6 18
6 9 6 8
5 10 5 9
1 17 0 17
21 22 21 21
21 4 21 3
19 27 19 26
16 7 16 6
9 21 9 20
3 3 3 2
29 4 29 3
27 9 26 9
24 22 24 21
24 12 24 11
23 24 23 23
18 25 17 25
17 10 17 9
13 6 12 6
12 25 12 24
28 16 28 15
25 6 24 6
23 26 22 26
21 20 21 19
19 18 19 17
11 6 10 6
10 23 9 23
3 25 2 25
215
29 19 29 22
27 23 27 24
26 1 27 1
25 2 25 3
23 2 23 3
23 2 25 2
22 2 23 2
21 2 22 2
21 0 21 2
20 17 20 18
20 15 20 17
20 0 20 1
20 0 21 0
19 28 19 29
19 28 20 28
19 15 20 15
18 29 19 29
18 15 19 15
17 2 17 3
16 18 17 18
15 12 17 12
14 24 14 25
14 24 18 24
14 15 14 16
14 8 17 8
14 1 14 5
13 25 13 28
13 25 14 25
13 16 14 16
13 8 14 8
13 5 14 5
12 28 12 29
12 28 13 28
12 18 16 18
11 18 12 18
11 16 13 16
11 5 13 5
10 16 11 16
9 25 10 25
9 3 11 3
8 18 11 18
8 12 8 18
7 18 8 18
7 12 8 12
7 4 8 4
6 18 7 18
6 17 6 18
6 13 6 17
5 8 5 9
5 8 6 8
4 9 5 9
4 7 4 9
2 14 2 15
2 13 2 14
2 9 4 9
1 14 2 14
0 17 0 18
0 14 1 14
0 8 0 12
29 27 29 29
29 25 29 27
29 24 29 25
29 15 29 16
26 25 29 25
26 24 26 25
26 11 29 11
25 9 25 10
24 25 24 28
24 10 25 10
23 28 23 29
23 28 24 28
22 10 22 12
22 10 24 10
22 6 23 6
22 3 22 6
21 3 22 3
20 29 23 29
20 21 21 21
20 10 22 10
20 6 22 6
19 25 19 26
19 21 19 25
19 21 20 21
18 26 19 26
18 6 20 6
17 6 18 6
17 5 17 6
16 6 17 6
13 17 15 17
11 0 11 1
10 8 10 11
10 1 11 1
9 20 10 20
9 16 9 17
8 1 10 1
5 19 8 19
5 13 5 19
4 25 4 27
4 25 6 25
4 2 4 6
4 2 5 2
3 27 4 27
3 16 3 22
3 6 4 6
3 2 4 2
3 1 3 2
2 17 2 18
2 6 3 6
1 22 3 22
1 18 2 18
1 2 1 3
1 2 3 2
28 3 29 3
26 9 26 10
26 5 26 6
25 27 26 27
25 25 25 27
25 21 27 21
25 0 26 0
24 21 25 21
24 11 25 11
24 5 26 5
22 23 23 23
22 18 22 23
18 9 20 9
17 27 21 27
17 26 17 27
17 25 17 26
17 16 17 17
17 9 18 9
16 25 17 25
15 9 15 11
14 26 17 26
13 19 15 19
12 23 12 24
12 22 12 23
12 20 12 22
12 20 19 20
12 19 12 20
12 19 13 19
12 15 13 15
12 9 15 9
12 7 12 9
12 6 12 7
11 24 12 24
11 11 11 13
9 15 10 15
9 13 11 13
9 8 9 9
8 9 9 9
8 2 11 2
7 9 8 9
7 8 7 9
7 8 9 8
5 4 5 5
4 12 4 13
4 12 6 12
4 1 5 1
2 7 2 8
1 21 2 21
1 8 1 9
1 8 2 8
0 24 3 24
28 5 29 5
28 0 29 0
27 19 27 20
27 18 27 19
27 15 27 18
27 15 28 15
26 18 27 18
25 22 25 23
24 16 25 16
24 7 24 8
24 7 26 7
24 6 24 7
23 18 26 18
23 13 23 18
22 27 22 28
22 26 22 27
22 13 23 13
21 18 21 19
20 26 22 26
20 19 21 19
18 19 20 19
18 17 19 17
17 14 17 15
17 7 24 7
17 4 20 4
16 14 16 17
16 14 17 14
15 4 17 4
15 2 15 4
15 2 16 2
15 0 15 2
14 10 14 13
14 7 17 7
13 13 14 13
11 27 12 27
11 26 11 27
10 6 10 7
9 26 11 26
9 23 9 24
7 22 8 22
5 27 6 27
5 0 10 0
4 0 5 0
2 25 2 26
2 10 2 12
2 10 6 10
1 12 2 12
1 10 1 12
1 10 2 10
0 15 0 16
0 5 0 6
0 2 0 3
