28
14 17 13 17
13 23 13 22
29 31 29 30
27 13 27 12
13 16 13 15
13 15 13 14
11 22 11 21
4 30 4 29
1 24 1 23
34 29 33 29
25 8 24 8
24 25 24 24
21 17 20 17
21 12 21 11
17 15 17 14
7 1 6 1
2 30 1 30
33 6 32 6
25 12 24 12
24 31 23 31
23 7 22 7
15 34 15 33
15 33 15 32
13 34 13 33
27 22 27 21
19 3 18 3
8 1 7 1
6 29 5 29
193
34 13 35 13
33 8 34 8
32 18 32 19
31 18 32 18
30 24 31 24
30 18 31 18
30 15 30 18
28 15 30 15
27 35 30 35
26 9 27 9
22 28 23 28
22 16 26 16
22 15 22 16
21 4 22 4
19 20 26 20
18 14 18 19
17 25 17 26
17 8 17 9
16 24 16 31
16 24 20 24
15 24 16 24
15 21 15 24
14 28 14 29
14 9 14 10
14 9 17 9
13 31 16 31
13 17 13 18
13 12 15 12
12 22 13 22
11 28 14 28
10 19 18 19
10 9 14 9
7 19 7 20
7 19 10 19
7 12 13 12
4 17 13 17
2 15 2 16
0 17 4 17
33 16 33 17
32 16 33 16
31 22 34 22
31 21 31 22
31 3 31 6
31 2 31 3
31 2 32 2
30 22 31 22
28 30 29 30
28 27 28 30
28 6 31 6
28 4 28 6
26 12 27 12
24 32 24 34
24 0 25 0
23 30 28 30
21 25 21 31
21 25 22 25
18 31 21 31
18 30 18 31
18 29 18 30
18 29 20 29
18 10 19 10
17 1 17 4
12 14 12 15
12 14 13 14
11 21 13 21
11 14 12 14
10 21 11 21
9 18 11 18
4 13 4 14
3 29 3 30
3 29 4 29
2 10 3 10
1 0 3 0
0 23 1 23
0 4 4 4
0 3 0 4
33 29 33 30
32 13 32 14
31 13 32 13
25 24 25 28
24 24 25 24
24 10 24 11
24 9 24 10
24 8 24 9
24 6 24 8
24 5 24 6
23 11 24 11
23 9 23 11
23 9 24 9
21 11 23 11
20 17 20 18
20 11 21 11
20 9 20 11
19 26 19 28
19 14 19 15
19 14 22 14
19 6 24 6
19 0 21 0
18 11 20 11
17 28 19 28
16 14 17 14
16 0 16 4
16 0 19 0
10 22 10 23
10 6 11 6
9 9 9 11
9 8 9 9
8 31 9 31
8 25 11 25
7 32 7 33
6 18 7 18
6 1 6 2
3 3 4 3
2 6 2 7
1 31 8 31
1 30 1 31
0 31 1 31
0 6 2 6
34 25 34 27
34 15 34 16
34 2 35 2
32 6 32 7
28 10 28 11
26 1 31 1
25 33 27 33
25 2 25 6
24 12 24 13
23 31 23 32
23 17 25 17
22 7 22 8
21 22 21 24
21 8 22 8
20 16 21 16
20 12 24 12
19 35 21 35
19 34 19 35
19 16 20 16
18 9 19 9
18 7 18 9
18 6 18 7
17 30 17 31
15 0 15 2
14 32 14 33
14 32 15 32
14 7 14 8
13 33 14 33
13 5 13 6
13 0 13 5
13 0 15 0
11 32 14 32
10 32 11 32
9 24 10 24
5 24 9 24
5 20 5 24
4 34 4 35
4 20 5 20
3 15 3 16
2 35 4 35
0 35 2 35
35 11 35 12
35 7 35 8
31 20 32 20
30 11 35 11
30 7 30 11
29 11 30 11
28 3 29 3
27 4 27 5
26 21 27 21
26 14 30 14
26 10 26 11
26 10 27 10
18 32 20 32
18 3 18 4
18 1 18 3
14 14 15 14
14 4 15 4
14 3 14 4
11 0 12 0
10 26 14 26
9 26 9 28
9 26 10 26
7 8 7 10
7 6 7 8
7 4 7 6
7 2 7 4
7 1 7 2
6 34 6 35
6 34 14 34
5 29 5 30
5 4 5 7
5 4 7 4
3 7 3 9
3 6 3 7
