# score 227358
60 0 100
70 0 100
80 0 100
90 0 100
100 0 100
110 0 100
120 0 100
130 0 100
140 0 100
60 10 100
70 10 100
80 10 100
90 10 100
100 10 100
110 10 100
120 10 100
130 10 100
140 10 100
60 20 100
70 20 100
80 20 100
90 20 100
100 20 100
110 20 100
120 20 100
130 20 100
140 20 100
60 30 100
70 30 100
80 30 100
90 30 100
100 30 100
110 30 100
120 30 100
130 30 100
140 30 100
60 40 100
70 40 100
80 40 100
90 40 100
100 40 100
110 40 100
120 40 100
130 40 100
140 40 100
60 50 100
70 50 100
80 50 100
90 50 100
100 50 100
110 50 100
120 50 100
130 50 100
140 50 100
60 60 100
70 60 100
80 60 100
90 60 100
100 60 100
110 60 100
120 60 100
130 60 100
140 60 100
60 70 100
70 70 100
80 70 100
90 70 100
100 70 100
110 70 100
120 70 100
130 70 100
140 70 100
60 80 100
70 80 100
80 80 100
90 80 100
100 80 100
110 80 100
120 80 100
130 80 100
140 80 100
140 130 100
150 130 100
160 130 100
170 130 100
180 130 100
190 130 100
140 140 100
150 140 100
160 140 100
170 140 100
180 140 100
190 140 100
140 150 100
150 150 100
160 150 100
170 150 100
180 150 100
190 150 100
140 160 100
150 160 100
160 160 100
170 160 100
180 160 100
190 160 100
140 170 100
150 170 100
160 170 100
170 170 100
180 170 100
190 170 100
140 180 100
150 180 100
160 180 100
170 180 100
180 180 100
190 180 100
140 190 100
150 190 100
160 190 100
170 190 100
180 190 100
190 190 100
0 140 100
10 140 100
20 140 100
30 140 100
40 140 100
50 140 100
60 140 100
0 150 100
10 150 100
20 150 100
30 150 100
40 150 100
50 150 100
60 150 100
0 160 100
10 160 100
20 160 100
30 160 100
40 160 100
50 160 100
60 160 100
0 170 100
10 170 100
20 170 100
30 170 100
40 170 100
50 170 100
60 170 100
0 180 100
10 180 100
20 180 100
30 180 100
40 180 100
50 180 100
60 180 100
0 190 100
10 190 100
20 190 100
30 190 100
40 190 100
50 190 100
60 190 100
30 60 100
40 60 100
50 60 100
60 60 100
90 60 100
110 60 100
30 70 100
40 70 100
50 70 100
80 70 100
90 70 100
110 70 100
30 80 100
40 80 100
50 80 100
70 80 100
80 80 100
90 80 100
100 80 100
110 80 100
30 90 100
40 90 100
50 90 100
60 90 100
70 90 100
80 90 100
90 90 100
100 90 100
110 90 100
30 100 100
40 100 100
50 100 100
60 100 100
70 100 100
80 100 100
90 100 100
100 100 100
110 100 100
30 110 100
40 110 100
50 110 100
60 110 100
70 110 100
80 110 100
90 110 100
100 110 100
110 110 100
30 120 100
40 120 100
50 120 100
60 120 100
70 120 100
80 120 100
90 120 100
100 120 100
110 120 100
30 130 100
40 130 100
50 130 100
60 130 100
70 130 100
80 130 100
90 130 100
100 130 100
110 130 100
30 140 100
40 140 100
50 140 100
60 140 100
70 140 100
80 140 100
90 140 100
100 140 100
110 140 100
150 0 100
160 0 100
170 0 100
180 0 100
190 0 100
150 10 100
160 10 100
170 10 100
180 10 100
190 10 100
150 20 100
160 20 100
170 20 100
180 20 100
190 20 100
150 30 100
160 30 100
170 30 100
180 30 100
190 30 100
150 40 100
160 40 100
170 40 100
180 40 100
190 40 100
150 50 100
160 50 100
170 50 100
180 50 100
190 50 100
0 60 100
10 60 100
20 60 100
30 60 100
40 60 100
0 70 100
10 70 100
20 70 100
30 70 100
40 70 100
0 80 100
10 80 100
20 80 100
30 80 100
40 80 100
0 90 100
10 90 100
20 90 100
30 90 100
0 100 100
10 100 100
20 100 100
30 100 100
60 100 100
0 110 100
10 110 100
20 110 100
30 110 100
40 110 100
50 110 100
60 110 100
0 120 100
10 120 100
20 120 100
30 120 100
40 120 100
50 120 100
60 120 100
0 130 100
10 130 100
20 130 100
30 130 100
40 130 100
60 130 100
0 140 100
20 140 100
30 140 100
40 140 100
50 140 100
60 140 100
60 100 100
70 100 100
90 100 100
100 100 100
110 100 100
120 100 100
40 110 100
50 110 100
60 110 100
70 110 100
90 110 100
100 110 100
110 110 100
120 110 100
40 120 100
50 120 100
60 120 100
70 120 100
80 120 100
90 120 100
100 120 100
110 120 100
120 120 100
60 130 100
70 130 100
90 130 100
100 130 100
110 130 100
120 130 100
40 140 100
100 140 100
110 140 100
120 140 100
40 150 100
50 150 100
70 150 100
80 150 100
90 150 100
100 150 100
110 150 100
120 150 100
40 160 100
50 160 100
60 160 100
70 160 100
80 160 100
90 160 100
100 160 100
110 160 100
120 160 100
40 170 100
50 170 100
60 170 100
70 170 100
80 170 100
90 170 100
100 170 100
110 170 100
120 170 100
50 180 100
60 180 100
70 180 100
80 180 100
90 180 100
100 180 100
110 180 100
120 180 100
110 100 100
120 100 100
130 100 100
140 100 100
150 100 100
160 100 100
170 100 100
180 100 100
190 100 100
110 110 100
120 110 100
130 110 100
140 110 100
150 110 100
160 110 100
170 110 100
180 110 100
190 110 100
130 120 100
140 120 100
150 120 100
160 120 100
170 120 100
180 120 100
190 120 100
110 130 100
120 130 100
130 130 100
140 130 100
150 130 100
160 130 100
170 130 100
180 130 100
190 130 100
110 140 100
120 140 100
130 140 100
140 140 100
170 140 100
190 140 100
120 150 100
130 150 100
140 150 100
160 150 100
170 150 100
180 150 100
190 150 100
120 160 100
130 160 100
140 160 100
150 160 100
160 160 100
170 160 100
180 160 100
130 170 100
140 170 100
150 170 100
160 170 100
170 170 100
110 180 100
130 180 100
140 180 100
150 180 100
160 180 100
190 180 100
10 20 100
20 20 100
30 20 100
40 20 100
50 20 100
60 20 100
70 20 100
80 20 100
90 20 100
10 30 100
20 30 100
30 30 100
40 30 100
50 30 100
70 30 100
80 30 100
90 30 100
10 40 100
20 40 100
30 40 100
40 40 100
50 40 100
60 40 100
70 40 100
80 40 100
90 40 100
10 50 100
20 50 100
30 50 100
40 50 100
50 50 100
60 50 100
70 50 100
80 50 100
90 50 100
10 60 100
20 60 100
30 60 100
90 60 100
10 70 100
20 70 100
30 70 100
40 70 100
80 70 100
10 80 100
20 80 100
30 80 100
40 80 100
70 80 100
80 80 100
90 80 100
30 90 100
70 90 100
80 90 100
90 90 100
10 100 100
60 100 100
10 0 100
20 0 100
30 0 100
40 0 100
50 0 100
60 0 100
70 0 100
80 0 100
90 0 100
10 10 100
20 10 100
30 10 100
40 10 100
50 10 100
60 10 100
70 10 100
80 10 100
90 10 100
10 20 100
20 20 100
30 20 100
40 20 100
60 20 100
70 20 100
80 20 100
90 20 100
10 30 100
30 30 100
40 30 100
70 30 100
10 40 100
20 40 100
30 40 100
40 40 100
50 40 100
60 40 100
70 40 100
80 40 100
90 40 100
10 50 100
20 50 100
30 50 100
40 50 100
50 50 100
60 50 100
70 50 100
80 50 100
90 50 100
10 60 100
30 60 100
10 70 100
20 70 100
30 70 100
40 70 100
80 70 100
180 171 100
180 172 100
180 173 100
180 174 100
180 175 100
180 176 100
180 177 100
180 178 100
180 179 100
179 180 100
178 180 100
177 180 100
176 180 100
175 180 100
174 180 100
173 180 100
172 180 100
171 180 100
169 180 100
168 180 100
167 180 100
166 180 100
165 180 100
164 180 100
164 180 100
163 180 100
163 180 100
163 180 100
162 180 100
162 180 100
162 180 100
162 180 100
162 180 100
161 180 100
161 180 100
161 180 100
161 180 100
161 180 100
161 180 100
161 180 100
161 180 100
160 180 100
160 180 100
160 180 100
160 180 100
160 180 100
160 180 100
160 180 100
160 180 100
160 180 100
160 180 100
159 180 100
159 180 100
159 180 100
159 180 100
159 180 100
159 180 100
159 180 100
159 180 100
159 180 100
159 180 100
159 180 100
159 180 100
159 180 100
159 180 100
159 180 100
159 180 100
159 180 100
158 180 100
158 180 100
158 180 100
158 180 100
158 180 100
158 180 100
158 180 100
158 180 100
158 180 100
158 180 100
158 180 100
158 180 100
158 180 100
158 180 100
158 180 100
158 180 100
158 180 100
158 180 100
158 180 100
158 180 100
158 180 100
158 180 100
158 180 100
157 180 100
157 180 100
157 180 100
157 180 100
157 180 100
157 180 100
157 180 100
157 180 100
157 180 100
157 180 100
157 180 100
157 180 100
157 180 100
157 180 100
157 180 100
157 180 100
157 180 100
157 180 100
157 180 100
157 180 100
157 180 100
157 180 100
157 180 100
157 180 100
157 180 100
157 180 100
157 180 100
157 180 100
157 180 100
156 180 100
156 180 100
156 180 100
156 180 100
156 180 100
156 180 100
156 180 100
156 180 100
156 180 100
156 180 100
156 180 100
156 180 100
156 180 100
156 180 100
156 180 100
156 180 100
156 180 100
156 180 100
156 180 100
156 180 100
156 180 100
156 180 100
156 180 100
156 180 100
156 180 100
156 180 100
156 180 100
156 180 100
156 180 100
156 180 100
156 180 100
156 180 100
156 180 100
155 180 100
155 180 100
155 180 100
155 180 100
155 180 100
155 180 100
155 180 100
155 180 100
155 180 100
155 180 100
155 180 100
155 180 100
155 180 100
155 180 100
155 180 100
155 180 100
155 180 100
155 180 100
155 180 100
155 180 100
155 180 100
155 180 100
155 180 100
155 180 100
155 180 100
155 180 100
155 180 100
155 180 100
155 180 100
155 180 100
155 180 100
155 180 100
155 180 100
155 180 100
155 180 100
155 180 100
155 180 100
154 180 100
154 180 100
154 180 100
154 180 100
154 180 100
154 180 100
154 180 100
154 180 100
154 180 100
154 180 100
154 180 100
154 180 100
154 180 100
154 180 100
154 180 100
154 180 100
154 180 100
154 180 100
154 180 100
154 180 100
154 180 100
154 180 100
154 180 100
154 180 100
154 180 100
154 180 100
154 180 100
154 180 100
154 180 100
154 180 100
154 180 100
154 180 100
154 180 100
154 180 100
154 180 100
154 180 100
154 180 100
154 180 100
154 180 100
153 180 100
153 180 100
153 180 100
153 180 100
153 180 100
153 180 100
153 180 100
153 180 100
153 180 100
153 180 100
153 180 100
153 180 100
153 180 100
153 180 100
153 180 100
153 180 100
153 180 100
153 180 100
153 180 100
153 180 100
153 180 100
153 180 100
153 180 100
153 180 100
153 180 100
153 180 100
153 180 100
153 180 100
153 180 100
153 180 100
153 180 100
153 180 100
153 180 100
153 180 100
153 180 100
153 180 100
153 180 100
153 180 100
153 180 100
153 180 100
152 180 100
152 180 100
152 180 100
152 180 100
152 180 100
152 180 100
152 180 100
152 180 100
152 180 100
152 180 100
152 180 100
152 180 100
152 180 100
152 180 100
152 180 100
152 180 100
152 180 100
152 180 100
152 180 100
152 180 100
152 180 100
152 180 100
152 180 100
152 180 100
152 180 100
152 180 100
152 180 100
152 180 100
152 180 100
152 180 100
152 180 100
152 180 100
152 180 100
152 180 100
152 180 100
152 180 100
152 180 100
152 180 100
152 180 100
152 180 100
151 180 100
151 180 100
151 180 100
151 180 100
151 180 100
151 180 100
151 180 100
151 180 100
151 180 100
151 180 100
151 180 100
151 180 100
151 180 100
151 180 100
151 180 100
151 180 100
151 180 100
151 180 100
151 180 100
151 180 100
151 180 100
151 180 100
151 180 100
151 180 100
151 180 100
151 180 100
151 180 100
151 180 100
151 180 100
151 180 100
151 180 100
151 180 100
151 180 100
151 180 100
151 180 100
151 180 100
151 180 100
151 180 100
151 180 100
150 180 100
150 180 100
150 180 100
150 180 100
150 180 100
150 180 100
150 180 100
150 180 100
150 180 100
150 180 100
150 180 100
150 180 100
150 180 100
150 180 100
150 180 100
150 180 100
150 180 100
150 180 100
150 180 100
150 180 100
150 180 100
150 180 100
150 180 100
150 180 100
150 180 100
150 180 100
150 180 100
150 180 100
150 180 100
150 180 100
150 180 100
150 180 100
150 180 100
150 180 100
150 180 100
150 180 100
149 180 100
149 180 100
149 180 100
149 180 100
149 180 100
149 180 100
149 180 100
149 180 100
149 180 100
149 180 100
149 180 100
149 180 100
149 180 100
149 180 100
149 180 100
149 180 100
149 180 100
149 180 100
149 180 100
149 180 100
149 180 100
149 180 100
149 180 100
149 180 100
149 180 100
149 180 100
149 180 100
149 180 100
149 180 100
149 180 100
149 180 100
149 180 100
149 180 100
149 180 100
149 180 100
148 180 100
148 180 100
148 180 100
148 180 100
148 180 100
148 180 100
148 180 100
148 180 100
148 180 100
148 180 100
148 180 100
148 180 100
148 180 100
148 180 100
148 180 100
148 180 100
148 180 100
148 180 100
148 180 100
148 180 100
148 180 100
148 180 100
148 180 100
148 180 100
148 180 100
148 180 100
148 180 100
148 180 100
148 180 100
148 180 100
148 180 100
148 180 100
147 180 100
147 180 100
147 180 100
147 180 100
147 180 100
147 180 100
147 180 100
147 180 100
147 180 100
147 180 100
147 180 100
147 180 100
147 180 100
147 180 100
147 180 100
147 180 100
147 180 100
147 180 100
147 180 100
147 180 100
147 180 100
147 180 100
147 180 100
147 180 100
147 180 100
147 180 100
147 180 100
147 180 100
147 180 100
146 180 100
146 180 100
146 180 100
146 180 100
146 180 100
146 180 100
146 180 100
146 180 100
146 180 100
146 180 100
146 180 100
146 180 100
146 180 100
146 180 100
146 180 100
146 180 100
146 180 100
146 180 100
146 180 100
146 180 100
146 180 100
146 180 100
146 180 100
146 180 100
146 180 100
145 180 100
145 180 100
145 180 100
145 180 100
145 180 100
145 180 100
145 180 100
145 180 100
145 180 100
145 180 100
145 180 100
145 180 100
145 180 100
145 180 100
145 180 100
145 180 100
145 180 100
145 180 100
145 180 100
145 180 100
145 180 100
144 180 100
144 180 100
144 180 100
144 180 100
144 180 100
144 180 100
144 180 100
144 180 100
144 180 100
144 180 100
144 180 100
144 180 100
144 180 100
144 180 100
144 180 100
144 180 100
143 180 100
143 180 100
143 180 100
143 180 100
143 180 100
143 180 100
143 180 100
143 180 100
143 180 100
143 180 100
143 180 100
142 180 100
142 180 100
142 180 100
142 180 100
142 180 100
142 180 100
142 180 100
141 180 100
141 180 100
141 180 100
141 180 100
140 180 100
139 180 100
139 180 100
138 180 100
137 180 100
136 180 100
135 180 100
134 180 100
133 180 100
132 180 100
131 180 100
129 180 100
128 180 100
127 180 100
126 180 100
125 180 100
124 180 100
123 180 100
122 180 100
121 180 100
120 179 100
120 178 100
120 177 100
120 176 100
120 175 100
120 174 100
120 173 100
120 172 100
120 171 100
119 170 100
118 170 100
117 170 100
116 170 100
115 170 100
114 170 100
113 170 100
112 170 100
111 170 100
110 169 100
110 168 100
110 167 100
110 166 100
110 165 100
110 164 100
110 163 100
110 162 100
110 161 100
110 159 100
110 158 100
110 157 100
110 156 100
110 155 100
110 154 100
110 153 100
110 152 100
110 151 100
109 150 100
108 150 100
107 150 100
106 150 100
105 150 100
104 150 100
103 150 100
102 150 100
101 150 100
99 150 100
98 150 100
97 150 100
96 150 100
95 150 100
94 150 100
93 150 100
92 150 100
91 150 100
89 150 100
88 150 100
87 150 100
86 150 100
85 150 100
84 150 100
83 150 100
82 150 100
81 150 100
80 149 100
80 148 100
80 147 100
80 146 100
80 145 100
80 144 100
80 143 100
80 142 100
80 141 100
80 139 100
80 138 100
80 137 100
80 136 100
80 135 100
80 134 100
80 133 100
80 132 100
80 131 100
80 129 100
80 128 100
80 127 100
80 127 100
80 126 100
80 126 100
80 125 100
80 125 100
80 125 100
80 124 100
80 124 100
80 124 100
80 124 100
80 123 100
80 123 100
80 123 100
80 123 100
80 122 100
80 122 100
80 122 100
80 122 100
80 122 100
80 121 100
80 121 100
80 121 100
80 121 100
80 121 100
80 120 100
80 120 100
80 120 100
80 119 100
80 119 100
80 119 100
80 119 100
80 119 100
80 118 100
80 118 100
80 118 100
80 118 100
80 117 100
80 117 100
80 117 100
80 116 100
80 116 100
80 115 100
80 115 100
80 114 100
80 113 100
80 112 100
80 111 100
80 109 100
80 108 100
80 107 100
80 106 100
80 105 100
80 104 100
80 103 100
80 102 100
80 101 100
79 100 100
78 100 100
77 100 100
76 100 100
75 100 100
74 100 100
73 100 100
72 100 100
71 100 100
69 100 100
69 100 100
68 100 100
68 100 100
67 100 100
67 100 100
66 100 100
66 100 100
65 100 100
65 100 100
65 100 100
64 100 100
64 100 100
64 100 100
63 100 100
63 100 100
63 100 100
62 100 100
62 100 100
62 100 100
61 100 100
61 100 100
61 100 100
60 99 100
60 99 100
60 99 100
60 98 100
60 98 100
60 97 100
60 97 100
60 96 100
60 96 100
60 95 100
60 95 100
60 94 100
60 94 100
60 93 100
60 92 100
60 91 100
60 89 100
60 88 100
60 87 100
60 86 100
60 86 100
60 85 100
60 84 100
60 83 100
60 82 100
60 81 100
60 79 100
60 78 100
60 77 100
60 76 100
60 75 100
60 74 100
60 73 100
60 72 100
60 71 100
61 70 100
62 70 100
63 70 100
64 70 100
65 70 100
66 70 100
67 70 100
68 70 100
69 70 100
70 69 100
70 68 100
70 67 100
70 66 100
70 65 100
70 64 100
70 63 100
70 62 100
70 61 100
71 60 100
72 60 100
73 60 100
74 60 100
75 60 100
76 60 100
77 60 100
78 60 100
79 60 100
81 60 100
82 60 100
83 60 100
83 60 100
84 60 100
84 60 100
85 60 100
85 60 100
86 60 100
86 60 100
87 60 100
87 60 100
87 60 100
88 60 100
88 60 100
88 60 100
89 60 100
89 60 100
89 60 100
91 60 100
91 60 100
91 60 100
92 60 100
92 60 100
93 60 100
93 60 100
94 60 100
94 60 100
95 60 100
96 60 100
97 60 100
98 60 100
99 60 100
101 60 100
101 59 100
102 59 100
102 58 100
103 58 100
103 57 100
103 57 100
104 57 100
104 57 100
104 56 100
104 56 100
104 55 100
104 55 100
104 55 100
104 54 100
104 54 100
104 54 100
104 54 100
104 53 100
104 53 100
104 53 100
104 53 100
104 53 100
104 52 100
104 52 100
104 52 100
104 52 100
104 52 100
104 51 100
104 51 100
104 51 100
104 51 100
104 51 100
104 51 100
104 50 100
104 50 100
104 50 100
104 50 100
104 50 100
104 50 100
104 50 100
104 49 100
104 49 100
104 49 100
104 49 100
104 49 100
104 49 100
104 49 100
104 48 100
104 48 100
104 48 100
104 48 100
104 48 100
104 48 100
104 48 100
104 47 100
104 47 100
104 47 100
104 47 100
104 47 100
104 47 100
104 47 100
104 46 100
104 46 100
104 46 100
104 46 100
104 46 100
104 46 100
104 46 100
104 45 100
104 45 100
104 45 100
104 45 100
104 45 100
104 45 100
28 183 100
29 183 100
29 182 100
30 182 100
30 181 100
31 180 100
32 180 100
33 180 100
34 180 100
35 180 100
36 180 100
37 180 100
38 180 100
39 180 100
41 180 100
41 180 100
41 179 100
41 179 100
42 179 100
42 179 100
42 178 100
42 178 100
43 178 100
43 178 100
43 178 100
43 177 100
43 177 100
43 177 100
43 177 100
44 177 100
44 177 100
44 177 100
44 177 100
44 176 100
44 176 100
44 176 100
44 176 100
44 176 100
45 176 100
45 176 100
45 176 100
45 176 100
45 176 100
45 176 100
45 175 100
45 175 100
45 175 100
45 175 100
45 175 100
45 175 100
45 175 100
46 175 100
46 175 100
46 175 100
46 175 100
46 175 100
46 175 100
46 175 100
46 174 100
46 174 100
46 174 100
46 174 100
46 174 100
46 174 100
46 174 100
46 174 100
46 174 100
47 174 100
47 174 100
47 174 100
47 174 100
47 174 100
47 174 100
47 174 100
47 174 100
47 174 100
47 173 100
47 173 100
47 173 100
47 173 100
47 173 100
47 173 100
47 173 100
47 173 100
47 173 100
47 173 100
48 173 100
48 173 100
48 173 100
48 173 100
48 173 100
48 173 100
48 173 100
48 173 100
48 173 100
48 173 100
48 173 100
48 172 100
48 172 100
48 172 100
48 172 100
48 172 100
48 172 100
48 172 100
48 172 100
48 172 100
48 172 100
48 172 100
48 172 100
49 172 100
49 172 100
49 172 100
49 172 100
49 172 100
49 172 100
49 172 100
49 172 100
49 172 100
49 172 100
49 172 100
49 171 100
49 171 100
49 171 100
49 171 100
49 171 100
49 171 100
49 171 100
49 171 100
49 171 100
49 171 100
49 171 100
49 171 100
50 171 100
50 171 100
50 171 100
50 171 100
50 171 100
50 171 100
50 171 100
50 171 100
50 171 100
50 171 100
50 171 100
50 171 100
50 170 100
50 170 100
50 170 100
50 170 100
50 170 100
50 170 100
50 170 100
50 170 100
50 170 100
50 170 100
51 170 100
51 170 100
51 170 100
51 170 100
51 170 100
51 170 100
51 170 100
51 170 100
51 170 100
51 170 100
51 170 100
51 169 100
51 169 100
51 169 100
51 169 100
51 169 100
51 169 100
51 169 100
51 169 100
51 169 100
51 169 100
51 169 100
52 169 100
52 169 100
52 169 100
52 169 100
52 169 100
52 169 100
52 169 100
52 169 100
52 169 100
52 169 100
52 168 100
52 168 100
52 168 100
52 168 100
52 168 100
52 168 100
52 168 100
52 168 100
52 168 100
52 168 100
53 168 100
53 168 100
53 168 100
53 168 100
53 168 100
53 168 100
53 168 100
53 168 100
53 168 100
53 167 100
53 167 100
53 167 100
53 167 100
53 167 100
53 167 100
53 167 100
53 167 100
54 167 100
54 167 100
54 167 100
54 167 100
54 167 100
54 167 100
54 167 100
54 166 100
54 166 100
54 166 100
54 166 100
54 166 100
54 166 100
55 166 100
55 166 100
55 166 100
55 166 100
55 166 100
55 166 100
55 165 100
55 165 100
55 165 100
55 165 100
55 165 100
56 165 100
56 165 100
56 165 100
56 165 100
56 164 100
56 164 100
56 164 100
56 164 100
57 164 100
57 164 100
57 164 100
57 164 100
57 163 100
57 163 100
57 163 100
58 163 100
58 163 100
58 163 100
58 162 100
58 162 100
59 162 100
59 162 100
59 162 100
59 161 100
59 161 100
60 161 100
60 161 100
60 159 100
60 159 100
60 158 100
60 157 100
60 156 100
60 155 100
60 154 100
60 153 100
60 152 100
60 151 100
61 150 100
62 150 100
63 150 100
64 150 100
65 150 100
66 150 100
67 150 100
68 150 100
69 150 100
71 150 100
72 150 100
73 150 100
74 150 100
75 150 100
76 150 100
77 150 100
78 150 100
79 150 100
79 101 100
195 15 100
194 15 100
194 14 100
193 14 100
193 13 100
192 13 100
192 12 100
191 12 100
191 11 100
190 11 100
189 10 100
188 10 100
187 10 100
186 10 100
185 10 100
184 10 100
183 10 100
182 10 100
181 10 100
179 10 100
178 10 100
177 10 100
176 10 100
175 10 100
174 10 100
173 10 100
172 10 100
171 10 100
170 11 100
170 12 100
170 13 100
170 14 100
170 15 100
170 16 100
170 17 100
170 18 100
170 19 100
169 20 100
168 20 100
167 20 100
166 20 100
165 20 100
164 20 100
163 20 100
162 20 100
161 20 100
160 21 100
160 22 100
160 23 100
160 24 100
160 25 100
160 26 100
160 27 100
160 28 100
160 29 100
159 30 100
158 30 100
157 30 100
156 30 100
155 30 100
154 30 100
153 30 100
152 30 100
151 30 100
150 31 100
150 32 100
150 33 100
150 34 100
150 35 100
150 36 100
150 37 100
150 38 100
150 39 100
149 40 100
148 40 100
147 40 100
146 40 100
145 40 100
144 40 100
143 40 100
142 40 100
141 40 100
139 40 100
138 40 100
137 40 100
136 40 100
135 40 100
134 40 100
133 40 100
132 40 100
131 40 100
129 40 100
128 40 100
127 40 100
126 40 100
125 40 100
124 40 100
123 40 100
122 40 100
121 40 100
119 40 100
119 41 100
118 41 100
118 42 100
117 42 100
117 43 100
116 43 100
116 44 100
116 44 100
115 44 100
115 44 100
115 45 100
115 45 100
114 45 100
114 45 100
114 45 100
113 45 100
113 45 100
113 45 100
112 45 100
112 45 100
112 45 100
111 45 100
111 45 100
111 45 100
111 45 100
110 45 100
110 45 100
110 45 100
110 45 100
109 45 100
109 45 100
109 45 100
109 45 100
109 45 100
108 45 100
108 45 100
108 45 100
108 45 100
108 45 100
107 45 100
107 45 100
107 45 100
107 45 100
107 45 100
107 45 100
106 45 100
106 45 100
106 45 100
106 45 100
106 45 100
106 45 100
105 45 100
105 45 100
105 45 100
105 45 100
105 45 100
105 45 100
23 102 100
24 102 100
24 101 100
25 101 100
25 100 100
26 100 100
27 100 100
28 100 100
29 100 100
29 100 100
31 100 100
31 100 100
32 100 100
32 100 100
33 100 100
33 100 100
34 100 100
34 100 100
35 100 100
36 100 100
37 100 100
38 100 100
39 100 100
41 100 100
42 100 100
43 100 100
44 100 100
45 100 100
46 100 100
47 100 100
48 100 100
49 100 100
51 100 100
52 100 100
52 100 100
53 100 100
53 100 100
54 100 100
54 100 100
55 100 100
55 100 100
55 100 100
56 100 100
56 100 100
56 100 100
57 100 100
57 100 100
57 100 100
58 100 100
58 100 100
58 100 100
59 100 100
59 100 100
59 100 100
59 100 100
150 145 100
150 144 100
150 143 100
150 142 100
150 141 100
151 140 100
152 140 100
153 140 100
154 140 100
155 140 100
156 140 100
157 140 100
158 140 100
159 140 100
161 140 100
162 140 100
163 140 100
163 140 100
164 140 100
164 140 100
165 140 100
165 140 100
165 140 100
166 140 100
166 140 100
166 140 100
166 140 100
167 140 100
167 140 100
167 140 100
167 140 100
167 140 100
168 140 100
168 140 100
168 140 100
168 140 100
168 140 100
169 140 100
169 140 100
169 140 100
169 140 100
169 140 100
169 140 100
170 140 100
170 140 100
170 140 100
170 140 100
171 140 100
171 140 100
171 140 100
171 140 100
171 140 100
172 140 100
172 140 100
172 140 100
172 140 100
173 140 100
173 140 100
173 140 100
173 140 100
174 140 100
174 140 100
174 140 100
175 140 100
175 140 100
176 140 100
176 140 100
177 140 100
178 140 100
179 140 100
180 141 100
180 142 100
180 143 100
180 144 100
180 144 100
180 145 100
180 145 100
180 146 100
180 146 100
180 147 100
180 147 100
180 147 100
180 148 100
180 148 100
180 148 100
180 148 100
180 149 100
180 149 100
180 149 100
180 149 100
180 150 100
180 150 100
180 150 100
180 151 100
180 151 100
180 151 100
180 151 100
180 151 100
180 152 100
180 152 100
180 152 100
180 152 100
180 152 100
180 152 100
180 153 100
180 153 100
180 153 100
180 153 100
180 153 100
180 153 100
180 154 100
180 154 100
180 154 100
180 154 100
180 154 100
180 155 100
180 155 100
180 155 100
180 155 100
180 155 100
180 156 100
180 156 100
180 156 100
180 156 100
180 157 100
180 157 100
180 157 100
180 158 100
180 158 100
180 158 100
180 159 100
180 159 100
180 161 100
180 162 100
180 163 100
180 164 100
180 165 100
180 166 100
180 167 100
180 168 100
180 169 100
59 69 100
60 69 100
53 35 100
52 35 100
52 36 100
51 36 100
51 37 100
50 37 100
50 38 100
50 39 100
50 39 100
50 41 100
50 41 100
50 42 100
50 42 100
50 42 100
50 43 100
50 43 100
50 43 100
50 44 100
50 44 100
50 44 100
50 44 100
50 45 100
50 45 100
50 45 100
50 45 100
50 46 100
50 46 100
50 46 100
50 46 100
50 46 100
50 47 100
50 47 100
50 47 100
50 47 100
50 47 100
50 48 100
50 48 100
50 48 100
50 48 100
50 48 100
50 49 100
50 49 100
50 49 100
50 49 100
50 50 100
50 50 100
50 51 100
50 51 100
50 51 100
50 51 100
50 52 100
50 52 100
50 52 100
50 53 100
50 53 100
50 53 100
50 54 100
50 54 100
50 54 100
50 55 100
50 55 100
50 56 100
50 56 100
50 57 100
50 57 100
50 58 100
50 58 100
50 59 100
51 60 100
52 60 100
53 60 100
54 60 100
55 60 100
56 60 100
57 60 100
58 60 100
59 60 100
59 60 100
61 60 100
61 60 100
62 60 100
62 60 100
63 60 100
63 60 100
64 60 100
64 60 100
65 60 100
66 60 100
67 60 100
68 60 100
69 60 100
