# score 59489
140 80 100
150 80 100
160 80 100
170 80 100
180 80 100
190 80 100
140 90 100
150 90 100
160 90 100
170 90 100
180 90 100
190 90 100
140 100 100
150 100 100
160 100 100
170 100 100
180 100 100
190 100 100
140 110 100
150 110 100
160 110 100
170 110 100
180 110 100
190 110 100
140 120 100
150 120 100
160 120 100
170 120 100
180 120 100
190 120 100
140 130 100
150 130 100
160 130 100
170 130 100
180 130 100
190 130 100
140 140 100
150 140 100
160 140 100
170 140 100
180 140 100
190 140 100
140 150 100
150 150 100
160 150 100
170 150 100
180 150 100
190 150 100
140 160 100
150 160 100
160 160 100
170 160 100
180 160 100
190 160 100
50 0 100
60 0 100
70 0 100
80 0 100
90 0 100
100 0 100
110 0 100
120 0 100
130 0 100
50 10 100
60 10 100
70 10 100
80 10 100
90 10 100
100 10 100
110 10 100
120 10 100
130 10 100
50 20 100
60 20 100
70 20 100
80 20 100
90 20 100
100 20 100
110 20 100
120 20 100
130 20 100
50 30 100
60 30 100
70 30 100
80 30 100
90 30 100
100 30 100
110 30 100
120 30 100
130 30 100
50 40 100
60 40 100
70 40 100
80 40 100
90 40 100
100 40 100
110 40 100
120 40 100
130 40 100
50 50 100
60 50 100
70 50 100
80 50 100
90 50 100
100 50 100
110 50 100
120 50 100
130 50 100
50 60 100
60 60 100
70 60 100
80 60 100
90 60 100
100 60 100
110 60 100
120 60 100
130 60 100
10 70 100
20 70 100
30 70 100
40 70 100
50 70 100
60 70 100
70 70 100
80 70 100
90 70 100
10 80 100
20 80 100
30 80 100
40 80 100
50 80 100
60 80 100
70 80 100
80 80 100
90 80 100
10 90 100
20 90 100
30 90 100
40 90 100
50 90 100
60 90 100
70 90 100
80 90 100
90 90 100
10 100 100
20 100 100
30 100 100
40 100 100
50 100 100
60 100 100
70 100 100
80 100 100
90 100 100
10 110 100
20 110 100
30 110 100
40 110 100
50 110 100
60 110 100
70 110 100
80 110 100
90 110 100
10 120 100
20 120 100
30 120 100
40 120 100
50 120 100
60 120 100
70 120 100
80 120 100
90 120 100
10 130 100
20 130 100
30 130 100
40 130 100
50 130 100
60 130 100
70 130 100
80 130 100
90 130 100
10 140 100
20 140 100
30 140 100
40 140 100
50 140 100
60 140 100
70 140 100
80 140 100
90 140 100
10 150 100
20 150 100
30 150 100
40 150 100
50 150 100
60 150 100
70 150 100
80 150 100
90 150 100
110 0 100
120 0 100
130 0 100
140 0 100
150 0 100
160 0 100
170 0 100
180 0 100
190 0 100
110 10 100
120 10 100
130 10 100
140 10 100
150 10 100
160 10 100
170 10 100
180 10 100
190 10 100
120 20 100
130 20 100
140 20 100
150 20 100
160 20 100
170 20 100
180 20 100
190 20 100
120 30 100
130 30 100
140 30 100
150 30 100
160 30 100
170 30 100
180 30 100
190 30 100
110 40 100
120 40 100
130 40 100
140 40 100
150 40 100
160 40 100
170 40 100
180 40 100
190 40 100
110 50 100
120 50 100
130 50 100
140 50 100
150 50 100
160 50 100
170 50 100
180 50 100
190 50 100
110 60 100
120 60 100
130 60 100
140 60 100
150 60 100
160 60 100
170 60 100
180 60 100
190 60 100
110 70 100
120 70 100
130 70 100
140 70 100
150 70 100
160 70 100
170 70 100
180 70 100
190 70 100
110 80 100
120 80 100
130 80 100
140 80 100
150 80 100
160 80 100
170 80 100
180 80 100
190 80 100
0 130 100
0 140 100
10 140 100
20 140 100
0 150 100
10 150 100
20 150 100
30 150 100
0 160 100
10 160 100
20 160 100
30 160 100
40 160 100
50 160 100
0 170 100
10 170 100
20 170 100
30 170 100
40 170 100
50 170 100
0 180 100
10 180 100
20 180 100
30 180 100
40 180 100
50 180 100
0 190 100
10 190 100
20 190 100
30 190 100
40 190 100
50 190 100
153 48 100
154 48 100
154 49 100
155 49 100
155 50 100
156 50 100
157 50 100
158 50 100
159 50 100
161 50 100
162 50 100
163 50 100
164 50 100
165 50 100
166 50 100
167 50 100
168 50 100
169 50 100
170 51 100
170 52 100
170 53 100
170 54 100
170 55 100
170 56 100
170 57 100
170 58 100
170 59 100
171 60 100
172 60 100
173 60 100
174 60 100
175 60 100
176 60 100
177 60 100
178 60 100
179 60 100
181 60 100
182 60 100
183 60 100
184 60 100
185 60 100
186 60 100
187 60 100
188 60 100
189 60 100
190 61 100
190 62 100
190 63 100
190 64 100
190 65 100
190 66 100
190 67 100
190 68 100
190 69 100
190 71 100
190 72 100
190 73 100
190 74 100
190 75 100
190 76 100
190 77 100
190 77 100
190 78 100
190 78 100
190 79 100
190 79 100
190 79 100
190 80 100
190 80 100
190 81 100
190 81 100
190 81 100
190 81 100
190 81 100
190 81 100
190 82 100
190 82 100
190 82 100
190 82 100
190 82 100
190 82 100
190 82 100
190 82 100
190 83 100
190 83 100
190 83 100
190 83 100
190 83 100
190 83 100
190 83 100
190 83 100
190 83 100
190 84 100
190 84 100
190 84 100
190 84 100
190 84 100
190 84 100
190 84 100
190 84 100
190 84 100
190 84 100
190 85 100
190 85 100
190 85 100
190 85 100
190 85 100
190 85 100
190 85 100
190 85 100
190 85 100
190 85 100
190 86 100
190 86 100
190 86 100
190 86 100
190 86 100
190 86 100
190 86 100
190 86 100
190 86 100
190 87 100
190 87 100
190 87 100
190 87 100
190 87 100
190 87 100
190 87 100
190 87 100
190 88 100
190 88 100
190 88 100
190 88 100
190 88 100
190 88 100
190 88 100
190 89 100
190 89 100
190 89 100
190 89 100
190 89 100
190 89 100
190 89 100
190 90 100
190 90 100
190 90 100
190 90 100
190 90 100
190 91 100
190 91 100
190 91 100
190 91 100
190 92 100
190 92 100
190 92 100
190 93 100
190 93 100
190 94 100
190 94 100
190 95 100
190 95 100
190 96 100
190 97 100
190 98 100
190 99 100
190 101 100
190 102 100
190 103 100
190 104 100
190 105 100
190 106 100
190 107 100
190 108 100
190 109 100
190 111 100
190 112 100
190 113 100
190 114 100
190 115 100
190 116 100
190 117 100
190 118 100
190 119 100
189 120 100
189 121 100
189 122 100
14 177 100
15 177 100
15 176 100
16 176 100
16 175 100
17 175 100
17 174 100
18 174 100
18 173 100
19 173 100
19 172 100
20 172 100
20 171 100
21 170 100
22 170 100
23 170 100
24 170 100
25 170 100
26 170 100
27 170 100
28 170 100
29 170 100
31 170 100
32 170 100
33 170 100
34 170 100
35 170 100
36 170 100
37 170 100
38 170 100
39 170 100
40 169 100
40 168 100
40 167 100
40 166 100
40 165 100
40 164 100
40 163 100
40 162 100
40 161 100
40 159 100
40 158 100
40 157 100
40 156 100
40 155 100
40 154 100
40 153 100
40 152 100
40 151 100
40 149 100
40 148 100
40 147 100
40 146 100
40 145 100
40 144 100
40 143 100
40 142 100
40 141 100
40 139 100
40 138 100
40 137 100
40 136 100
40 135 100
40 134 100
40 133 100
40 132 100
40 131 100
40 129 100
40 128 100
40 127 100
40 126 100
40 125 100
40 124 100
40 123 100
40 122 100
40 121 100
41 120 100
42 120 100
43 120 100
44 120 100
45 120 100
46 120 100
47 120 100
48 120 100
49 120 100
51 120 100
51 119 100
52 119 100
52 118 100
53 118 100
53 117 100
53 116 100
53 115 100
53 114 100
