# score 287364
0 90 100
10 90 100
20 90 100
30 90 100
40 90 100
0 100 100
10 100 100
20 100 100
30 100 100
40 100 100
0 110 100
10 110 100
20 110 100
30 110 100
40 110 100
0 120 100
10 120 100
20 120 100
30 120 100
40 120 100
0 130 100
10 130 100
20 130 100
30 130 100
40 130 100
0 140 100
10 140 100
20 140 100
30 140 100
40 140 100
0 150 100
10 150 100
20 150 100
30 150 100
40 150 100
0 160 100
10 160 100
20 160 100
30 160 100
40 160 100
0 170 100
10 170 100
20 170 100
30 170 100
40 170 100
140 140 100
150 140 100
160 140 100
170 140 100
180 140 100
190 140 100
140 150 100
150 150 100
160 150 100
170 150 100
180 150 100
190 150 100
140 160 100
150 160 100
160 160 100
170 160 100
180 160 100
190 160 100
140 170 100
150 170 100
160 170 100
170 170 100
180 170 100
190 170 100
140 180 100
150 180 100
160 180 100
170 180 100
180 180 100
190 180 100
140 190 100
150 190 100
160 190 100
170 190 100
180 190 100
190 190 100
100 40 100
110 40 100
120 40 100
130 40 100
140 40 100
150 40 100
160 40 100
170 40 100
180 40 100
100 50 100
110 50 100
120 50 100
130 50 100
140 50 100
150 50 100
160 50 100
170 50 100
180 50 100
100 60 100
110 60 100
120 60 100
130 60 100
140 60 100
150 60 100
160 60 100
170 60 100
180 60 100
100 70 100
110 70 100
120 70 100
130 70 100
140 70 100
150 70 100
160 70 100
170 70 100
180 70 100
100 80 100
110 80 100
120 80 100
130 80 100
140 80 100
150 80 100
160 80 100
170 80 100
180 80 100
100 90 100
110 90 100
120 90 100
130 90 100
140 90 100
150 90 100
160 90 100
170 90 100
180 90 100
100 100 100
110 100 100
120 100 100
130 100 100
140 100 100
150 100 100
160 100 100
170 100 100
180 100 100
100 110 100
110 110 100
120 110 100
130 110 100
140 110 100
150 110 100
160 110 100
170 110 100
180 110 100
100 120 100
110 120 100
120 120 100
130 120 100
140 120 100
150 120 100
160 120 100
170 120 100
180 120 100
80 0 100
90 0 100
100 0 100
110 0 100
120 0 100
130 0 100
140 0 100
150 0 100
160 0 100
80 10 100
90 10 100
100 10 100
110 10 100
120 10 100
130 10 100
140 10 100
150 10 100
160 10 100
80 20 100
90 20 100
100 20 100
110 20 100
120 20 100
130 20 100
140 20 100
150 20 100
160 20 100
80 30 100
90 30 100
100 30 100
110 30 100
120 30 100
130 30 100
140 30 100
150 30 100
160 30 100
80 40 100
90 40 100
110 40 100
120 40 100
130 40 100
140 40 100
150 40 100
160 40 100
80 50 100
90 50 100
100 50 100
110 50 100
120 50 100
130 50 100
140 50 100
150 50 100
160 50 100
80 60 100
90 60 100
100 60 100
110 60 100
120 60 100
130 60 100
140 60 100
150 60 100
160 60 100
20 60 100
30 60 100
40 60 100
50 60 100
60 60 100
70 60 100
80 60 100
90 60 100
100 60 100
20 70 100
30 70 100
40 70 100
50 70 100
60 70 100
70 70 100
80 70 100
90 70 100
100 70 100
20 80 100
30 80 100
40 80 100
50 80 100
60 80 100
70 80 100
80 80 100
90 80 100
100 80 100
30 90 100
40 90 100
50 90 100
60 90 100
70 90 100
80 90 100
90 90 100
100 90 100
40 100 100
50 100 100
60 100 100
70 100 100
80 100 100
90 100 100
100 100 100
20 110 100
40 110 100
50 110 100
60 110 100
70 110 100
80 110 100
90 110 100
20 120 100
30 120 100
40 120 100
50 120 100
60 120 100
70 120 100
80 120 100
90 120 100
100 120 100
20 130 100
30 130 100
40 130 100
50 130 100
60 130 100
70 130 100
80 130 100
90 130 100
100 130 100
20 140 100
30 140 100
40 140 100
50 140 100
60 140 100
70 140 100
80 140 100
90 140 100
100 140 100
184 188 100
183 188 100
183 189 100
182 189 100
182 190 100
181 190 100
181 190 100
180 190 100
179 190 100
179 190 100
179 190 100
178 190 100
178 190 100
178 190 100
177 190 100
177 190 100
177 190 100
176 190 100
176 190 100
176 190 100
175 190 100
175 190 100
175 190 100
174 190 100
174 190 100
174 190 100
173 190 100
173 190 100
172 190 100
172 190 100
171 190 100
171 190 100
169 190 100
168 190 100
167 190 100
166 190 100
165 190 100
164 190 100
163 190 100
162 190 100
161 190 100
159 190 100
158 190 100
157 190 100
156 190 100
155 190 100
154 190 100
153 190 100
152 190 100
151 190 100
149 190 100
149 189 100
149 189 100
148 189 100
148 189 100
148 188 100
148 188 100
147 188 100
147 188 100
147 187 100
147 187 100
146 187 100
146 187 100
146 186 100
146 186 100
146 186 100
145 186 100
145 186 100
145 186 100
145 185 100
145 185 100
145 185 100
145 185 100
144 185 100
144 185 100
144 185 100
144 185 100
144 184 100
144 184 100
144 184 100
144 184 100
143 184 100
143 184 100
143 184 100
143 184 100
143 183 100
143 183 100
143 183 100
143 183 100
143 183 100
142 183 100
142 183 100
142 183 100
142 183 100
142 183 100
142 182 100
142 182 100
142 182 100
142 182 100
142 182 100
141 182 100
141 182 100
141 182 100
141 182 100
141 182 100
141 181 100
141 181 100
141 181 100
141 181 100
141 181 100
141 181 100
140 181 100
140 181 100
140 181 100
140 181 100
140 181 100
140 181 100
140 180 100
140 180 100
140 180 100
140 180 100
140 180 100
140 180 100
140 179 100
140 179 100
140 179 100
140 179 100
140 179 100
140 179 100
140 179 100
140 179 100
140 178 100
140 178 100
140 178 100
140 178 100
140 178 100
140 178 100
140 178 100
140 178 100
140 178 100
140 178 100
140 177 100
140 177 100
140 177 100
140 177 100
140 177 100
140 177 100
140 177 100
140 177 100
140 177 100
140 177 100
140 177 100
140 177 100
140 176 100
140 176 100
140 176 100
140 176 100
140 176 100
140 176 100
140 176 100
140 176 100
140 176 100
140 176 100
140 176 100
140 176 100
140 176 100
140 176 100
140 175 100
140 175 100
140 175 100
140 175 100
140 175 100
140 175 100
140 175 100
140 175 100
140 175 100
140 175 100
140 175 100
140 175 100
140 175 100
140 175 100
140 175 100
140 175 100
140 174 100
140 174 100
140 174 100
140 174 100
140 174 100
140 174 100
140 174 100
140 174 100
140 174 100
140 174 100
140 174 100
140 174 100
140 174 100
140 174 100
140 174 100
140 174 100
140 174 100
140 173 100
140 173 100
140 173 100
140 173 100
140 173 100
140 173 100
140 173 100
140 173 100
140 173 100
140 173 100
140 173 100
140 173 100
140 173 100
140 173 100
140 173 100
140 173 100
140 173 100
140 173 100
140 172 100
140 172 100
140 172 100
140 172 100
140 172 100
140 172 100
140 172 100
140 172 100
140 172 100
140 172 100
140 172 100
140 172 100
140 172 100
140 172 100
140 172 100
140 172 100
140 172 100
140 171 100
140 171 100
140 171 100
140 171 100
140 171 100
140 171 100
140 171 100
140 171 100
140 171 100
140 171 100
140 171 100
140 171 100
140 171 100
140 171 100
140 171 100
140 171 100
140 170 100
140 170 100
140 170 100
140 170 100
140 170 100
140 170 100
140 170 100
140 170 100
140 170 100
140 170 100
140 170 100
140 170 100
140 169 100
140 169 100
140 169 100
140 169 100
140 169 100
140 169 100
140 169 100
140 169 100
140 169 100
140 169 100
140 168 100
140 168 100
140 168 100
140 168 100
140 168 100
140 168 100
140 168 100
140 168 100
140 167 100
140 167 100
140 167 100
140 167 100
140 167 100
140 166 100
140 166 100
140 166 100
140 166 100
140 165 100
140 165 100
140 165 100
140 164 100
140 164 100
140 163 100
140 163 100
140 162 100
140 161 100
140 159 100
140 158 100
140 157 100
140 156 100
140 155 100
140 154 100
140 153 100
140 152 100
140 151 100
140 149 100
140 148 100
140 147 100
140 146 100
140 145 100
140 144 100
140 143 100
140 142 100
140 141 100
140 139 100
140 138 100
140 137 100
140 136 100
140 135 100
140 134 100
140 133 100
140 132 100
140 131 100
140 130 100
140 129 100
140 128 100
140 127 100
140 126 100
140 125 100
140 124 100
140 123 100
140 122 100
140 121 100
140 119 100
140 118 100
140 117 100
140 116 100
140 115 100
140 114 100
140 113 100
140 112 100
140 111 100
139 110 100
139 109 100
138 109 100
138 108 100
138 108 100
137 108 100
137 108 100
137 107 100
137 107 100
136 107 100
136 107 100
136 106 100
136 106 100
135 106 100
135 106 100
135 105 100
135 105 100
134 105 100
134 105 100
134 104 100
134 104 100
133 104 100
133 104 100
133 104 100
133 103 100
133 103 100
133 103 100
132 103 100
132 103 100
132 103 100
132 102 100
132 102 100
132 102 100
131 102 100
131 102 100
131 102 100
131 101 100
131 101 100
131 101 100
131 101 100
130 101 100
130 101 100
130 101 100
130 101 100
130 100 100
130 100 100
130 100 100
129 100 100
129 100 100
129 100 100
129 100 100
129 100 100
128 100 100
128 100 100
128 100 100
128 100 100
128 100 100
127 100 100
127 100 100
127 100 100
127 100 100
127 100 100
126 100 100
126 100 100
126 100 100
126 100 100
125 100 100
125 100 100
125 100 100
125 100 100
124 100 100
124 100 100
124 100 100
123 100 100
123 100 100
122 100 100
122 100 100
121 100 100
119 100 100
118 100 100
117 100 100
116 100 100
115 100 100
114 100 100
113 100 100
112 100 100
111 100 100
109 100 100
108 100 100
108 100 100
107 100 100
107 100 100
106 100 100
106 100 100
105 100 100
105 100 100
104 100 100
104 100 100
103 100 100
103 100 100
102 100 100
102 100 100
101 100 100
101 100 100
99 100 100
99 100 100
98 100 100
98 100 100
97 100 100
97 100 100
96 100 100
96 100 100
95 100 100
95 100 100
94 100 100
94 100 100
93 100 100
92 100 100
91 100 100
89 100 100
88 100 100
87 100 100
86 100 100
85 100 100
84 100 100
83 100 100
82 100 100
81 100 100
79 100 100
78 100 100
77 100 100
76 100 100
75 100 100
74 100 100
73 100 100
72 100 100
71 100 100
69 100 100
69 100 100
69 101 100
69 101 100
68 101 100
68 101 100
67 101 100
67 101 100
67 101 100
66 101 100
66 101 100
66 101 100
66 101 100
66 102 100
66 102 100
66 102 100
66 102 100
66 102 100
65 102 100
65 102 100
65 102 100
65 102 100
65 102 100
65 102 100
65 103 100
65 103 100
65 103 100
65 103 100
65 103 100
65 103 100
64 103 100
64 103 100
64 103 100
64 103 100
64 103 100
64 103 100
64 104 100
64 104 100
64 104 100
64 104 100
64 104 100
64 104 100
64 104 100
63 104 100
63 104 100
63 104 100
63 104 100
63 104 100
63 104 100
63 104 100
63 105 100
63 105 100
63 105 100
63 105 100
63 105 100
63 105 100
63 105 100
62 105 100
62 105 100
62 105 100
62 105 100
62 105 100
62 105 100
62 105 100
62 106 100
62 106 100
62 106 100
62 106 100
62 106 100
62 106 100
61 106 100
61 106 100
61 106 100
61 106 100
61 106 100
61 106 100
61 107 100
61 107 100
61 107 100
61 107 100
61 107 100
61 107 100
60 107 100
60 107 100
60 107 100
60 107 100
60 107 100
60 108 100
60 108 100
60 108 100
60 108 100
60 108 100
59 108 100
59 108 100
59 108 100
59 108 100
59 108 100
59 109 100
59 109 100
59 109 100
59 109 100
58 109 100
58 109 100
58 109 100
58 109 100
58 110 100
58 110 100
58 110 100
58 110 100
57 110 100
57 110 100
57 110 100
57 110 100
56 110 100
56 110 100
56 110 100
56 110 100
55 110 100
55 110 100
55 110 100
55 110 100
54 110 100
54 110 100
54 110 100
54 110 100
53 110 100
53 110 100
53 110 100
53 110 100
52 110 100
52 110 100
52 110 100
52 110 100
51 110 100
51 110 100
51 110 100
51 110 100
50 110 100
50 110 100
50 110 100
49 110 100
49 110 100
49 110 100
49 110 100
48 110 100
48 110 100
48 110 100
48 110 100
47 110 100
47 110 100
47 110 100
47 110 100
46 110 100
46 110 100
46 110 100
46 110 100
45 110 100
45 110 100
45 110 100
45 110 100
44 110 100
44 110 100
44 110 100
43 110 100
43 110 100
43 110 100
42 110 100
42 110 100
42 110 100
41 110 100
41 110 100
39 110 100
38 110 100
37 110 100
36 110 100
35 110 100
34 110 100
33 110 100
32 110 100
31 110 100
29 110 100
28 110 100
27 110 100
26 110 100
25 110 100
24 110 100
23 110 100
22 110 100
21 110 100
21 110 100
19 110 100
19 110 100
19 110 100
19 111 100
19 111 100
19 111 100
18 111 100
18 111 100
18 111 100
18 111 100
18 112 100
18 112 100
18 112 100
18 112 100
17 112 100
17 112 100
17 112 100
17 112 100
17 112 100
17 112 100
17 113 100
17 113 100
17 113 100
17 113 100
17 113 100
17 113 100
17 113 100
16 113 100
16 113 100
16 113 100
16 113 100
16 113 100
16 113 100
16 113 100
16 113 100
16 113 100
16 114 100
16 114 100
16 114 100
16 114 100
16 114 100
16 114 100
16 114 100
16 114 100
16 114 100
16 114 100
15 114 100
15 114 100
15 114 100
15 114 100
15 114 100
15 114 100
15 114 100
15 114 100
15 114 100
15 114 100
15 114 100
15 114 100
15 114 100
15 115 100
15 115 100
15 115 100
15 115 100
15 115 100
15 115 100
15 115 100
15 115 100
15 115 100
15 115 100
15 115 100
15 115 100
15 115 100
15 115 100
14 115 100
14 115 100
14 115 100
14 115 100
14 115 100
14 115 100
14 115 100
14 115 100
14 115 100
14 115 100
14 115 100
14 115 100
14 115 100
14 115 100
14 115 100
14 115 100
14 115 100
14 115 100
14 116 100
14 116 100
14 116 100
14 116 100
14 116 100
14 116 100
14 116 100
14 116 100
14 116 100
14 116 100
14 116 100
14 116 100
14 116 100
14 116 100
14 116 100
14 116 100
14 116 100
14 116 100
13 116 100
13 116 100
13 116 100
13 116 100
13 116 100
13 116 100
13 116 100
13 116 100
13 116 100
13 116 100
13 116 100
13 116 100
13 116 100
13 116 100
13 116 100
13 116 100
13 116 100
13 116 100
13 116 100
13 116 100
13 116 100
13 117 100
13 117 100
13 117 100
13 117 100
13 117 100
13 117 100
13 117 100
13 117 100
13 117 100
13 117 100
13 117 100
13 117 100
13 117 100
13 117 100
13 117 100
13 117 100
13 117 100
13 117 100
13 117 100
13 117 100
13 117 100
12 117 100
12 117 100
12 117 100
12 117 100
12 117 100
12 117 100
12 117 100
12 117 100
12 117 100
12 117 100
12 117 100
12 117 100
12 117 100
12 117 100
12 117 100
12 117 100
12 117 100
12 117 100
12 117 100
12 117 100
12 117 100
12 117 100
12 117 100
12 117 100
12 118 100
12 118 100
12 118 100
12 118 100
12 118 100
12 118 100
12 118 100
12 118 100
12 118 100
12 118 100
12 118 100
12 118 100
12 118 100
12 118 100
12 118 100
12 118 100
12 118 100
12 118 100
12 118 100
12 118 100
12 118 100
12 118 100
12 118 100
11 118 100
11 118 100
11 118 100
11 118 100
11 118 100
11 118 100
11 118 100
11 118 100
11 118 100
11 118 100
11 118 100
11 118 100
11 118 100
11 118 100
11 118 100
11 118 100
11 118 100
11 118 100
11 118 100
11 118 100
11 118 100
11 118 100
11 118 100
11 118 100
11 118 100
11 119 100
11 119 100
11 119 100
11 119 100
11 119 100
11 119 100
11 119 100
11 119 100
11 119 100
11 119 100
11 119 100
11 119 100
11 119 100
11 119 100
11 119 100
11 119 100
11 119 100
11 119 100
11 119 100
11 119 100
11 119 100
11 119 100
11 119 100
11 119 100
10 119 100
10 119 100
10 119 100
10 119 100
10 119 100
10 119 100
10 119 100
10 119 100
10 119 100
10 119 100
10 119 100
10 119 100
10 119 100
10 119 100
10 119 100
10 119 100
10 119 100
10 119 100
10 119 100
10 119 100
10 119 100
10 119 100
10 119 100
10 119 100
10 120 100
10 120 100
10 120 100
10 120 100
10 120 100
10 120 100
10 120 100
10 120 100
10 120 100
10 120 100
10 120 100
10 120 100
10 120 100
10 120 100
10 120 100
10 120 100
10 120 100
10 120 100
10 120 100
10 120 100
10 120 100
10 120 100
9 120 100
9 120 100
9 120 100
9 120 100
9 120 100
9 120 100
9 120 100
9 120 100
9 120 100
9 120 100
9 120 100
9 120 100
9 120 100
9 120 100
9 120 100
9 120 100
9 120 100
9 120 100
9 120 100
9 120 100
9 120 100
9 120 100
9 120 100
9 121 100
9 121 100
9 121 100
9 121 100
9 121 100
9 121 100
9 121 100
9 121 100
9 121 100
9 121 100
9 121 100
9 121 100
9 121 100
9 121 100
9 121 100
9 121 100
9 121 100
9 121 100
9 121 100
9 121 100
8 121 100
8 121 100
8 121 100
8 121 100
8 121 100
8 121 100
8 121 100
8 121 100
8 121 100
8 121 100
8 121 100
8 121 100
8 121 100
8 121 100
8 121 100
8 121 100
8 121 100
8 121 100
8 121 100
8 122 100
8 122 100
8 122 100
8 122 100
8 122 100
8 122 100
8 122 100
8 122 100
8 122 100
8 122 100
8 122 100
8 122 100
8 122 100
8 122 100
8 122 100
7 122 100
7 122 100
7 122 100
7 122 100
7 122 100
7 122 100
7 122 100
7 122 100
7 122 100
7 122 100
7 122 100
7 122 100
7 122 100
7 123 100
7 123 100
7 123 100
7 123 100
7 123 100
7 123 100
7 123 100
7 123 100
7 123 100
7 123 100
6 123 100
6 123 100
6 123 100
6 123 100
6 123 100
6 123 100
6 123 100
6 123 100
6 124 100
6 124 100
6 124 100
6 124 100
6 124 100
5 124 100
5 124 100
5 124 100
5 124 100
5 124 100
5 125 100
5 125 100
5 125 100
4 125 100
4 125 100
4 125 100
4 126 100
4 126 100
3 126 100
3 126 100
3 127 100
2 127 100
2 128 100
1 128 100
1 129 100
0 129 100
1 130 100
1 131 100
2 131 100
2 132 100
2 133 100
2 134 100
2 135 100
2 136 100
147 80 100
146 80 100
145 80 100
144 80 100
143 80 100
142 80 100
141 80 100
140 81 100
140 81 100
140 82 100
140 82 100
140 83 100
140 83 100
140 84 100
140 84 100
140 84 100
140 85 100
140 85 100
140 85 100
140 86 100
140 86 100
140 86 100
140 87 100
140 87 100
140 87 100
140 88 100
140 88 100
140 88 100
140 89 100
140 89 100
140 89 100
140 90 100
140 90 100
140 91 100
140 91 100
140 91 100
140 91 100
140 92 100
140 92 100
140 92 100
140 92 100
140 93 100
140 93 100
140 93 100
140 93 100
140 93 100
140 94 100
140 94 100
140 94 100
140 94 100
140 94 100
140 95 100
140 95 100
140 95 100
140 95 100
140 95 100
140 95 100
140 96 100
140 96 100
140 96 100
140 96 100
140 96 100
140 96 100
140 97 100
140 97 100
140 97 100
140 97 100
140 97 100
140 98 100
140 98 100
140 98 100
140 98 100
140 98 100
140 99 100
140 99 100
140 99 100
140 99 100
140 100 100
140 100 100
140 100 100
140 101 100
140 101 100
140 101 100
140 102 100
140 102 100
140 102 100
140 103 100
140 103 100
140 103 100
140 104 100
140 104 100
140 104 100
140 105 100
140 105 100
140 106 100
140 106 100
140 107 100
140 107 100
140 108 100
140 108 100
140 109 100
122 25 100
121 25 100
121 26 100
120 26 100
120 27 100
120 28 100
120 29 100
121 30 100
121 30 100
121 31 100
121 31 100
121 31 100
122 31 100
122 31 100
122 31 100
122 31 100
122 32 100
122 32 100
122 32 100
122 32 100
122 32 100
123 32 100
123 32 100
123 32 100
123 32 100
123 32 100
123 32 100
123 33 100
123 33 100
123 33 100
123 33 100
123 33 100
123 33 100
123 33 100
123 33 100
124 33 100
124 33 100
124 33 100
124 33 100
124 33 100
124 33 100
124 33 100
124 33 100
124 33 100
124 33 100
124 34 100
124 34 100
124 34 100
124 34 100
124 34 100
124 34 100
124 34 100
124 34 100
124 34 100
124 34 100
124 34 100
124 34 100
125 34 100
125 34 100
125 34 100
125 34 100
125 34 100
125 34 100
125 34 100
125 34 100
125 34 100
125 34 100
125 34 100
125 34 100
125 34 100
125 35 100
125 35 100
125 35 100
125 35 100
125 35 100
125 35 100
125 35 100
125 35 100
125 35 100
125 35 100
125 35 100
125 35 100
125 35 100
125 35 100
125 35 100
125 35 100
126 35 100
126 35 100
126 35 100
126 35 100
126 35 100
126 35 100
126 35 100
126 35 100
126 35 100
126 35 100
126 35 100
126 35 100
126 35 100
126 35 100
126 35 100
126 35 100
126 36 100
126 36 100
126 36 100
126 36 100
126 36 100
126 36 100
126 36 100
126 36 100
126 36 100
126 36 100
126 36 100
126 36 100
126 36 100
126 36 100
126 36 100
126 36 100
126 36 100
126 36 100
126 36 100
127 36 100
127 36 100
127 36 100
127 36 100
127 36 100
127 36 100
127 36 100
127 36 100
127 36 100
127 36 100
127 36 100
127 36 100
127 36 100
127 36 100
127 36 100
127 36 100
127 36 100
127 36 100
127 36 100
127 37 100
127 37 100
127 37 100
127 37 100
127 37 100
127 37 100
127 37 100
127 37 100
127 37 100
127 37 100
127 37 100
127 37 100
127 37 100
127 37 100
127 37 100
127 37 100
127 37 100
127 37 100
127 37 100
127 37 100
127 37 100
127 37 100
128 37 100
128 37 100
128 37 100
128 37 100
128 37 100
128 37 100
128 37 100
128 37 100
128 37 100
128 37 100
128 37 100
128 37 100
128 37 100
128 37 100
128 37 100
128 37 100
128 37 100
128 37 100
128 37 100
128 37 100
128 37 100
128 37 100
128 38 100
128 38 100
128 38 100
128 38 100
128 38 100
128 38 100
128 38 100
128 38 100
128 38 100
128 38 100
128 38 100
128 38 100
128 38 100
128 38 100
128 38 100
128 38 100
128 38 100
128 38 100
128 38 100
128 38 100
128 38 100
128 38 100
128 38 100
128 38 100
129 38 100
129 38 100
129 38 100
129 38 100
129 38 100
129 38 100
129 38 100
129 38 100
129 38 100
129 38 100
129 38 100
129 38 100
129 38 100
129 38 100
129 38 100
129 38 100
129 38 100
129 38 100
129 38 100
129 38 100
129 38 100
129 38 100
129 38 100
129 39 100
129 39 100
129 39 100
129 39 100
129 39 100
129 39 100
129 39 100
129 39 100
129 39 100
129 39 100
129 39 100
129 39 100
129 39 100
129 39 100
129 39 100
129 39 100
129 39 100
129 39 100
129 39 100
129 39 100
129 39 100
129 39 100
129 39 100
129 39 100
129 39 100
130 39 100
130 39 100
130 39 100
130 39 100
130 39 100
130 39 100
130 39 100
130 39 100
130 39 100
130 39 100
130 39 100
130 39 100
130 39 100
130 39 100
130 39 100
130 39 100
130 39 100
130 39 100
130 39 100
130 39 100
130 39 100
130 39 100
130 39 100
130 40 100
130 40 100
130 40 100
130 40 100
130 40 100
130 40 100
130 40 100
130 40 100
130 40 100
130 40 100
130 40 100
130 40 100
130 40 100
130 40 100
130 40 100
130 40 100
130 40 100
130 40 100
130 40 100
130 40 100
130 40 100
130 40 100
130 40 100
131 40 100
131 40 100
131 40 100
131 40 100
131 40 100
131 40 100
131 40 100
131 40 100
131 40 100
131 40 100
131 40 100
131 40 100
131 40 100
131 40 100
131 40 100
131 40 100
131 40 100
131 40 100
131 40 100
131 40 100
131 40 100
131 40 100
132 40 100
132 40 100
132 40 100
132 40 100
132 40 100
132 40 100
132 40 100
132 40 100
132 40 100
132 40 100
132 40 100
132 40 100
132 40 100
132 40 100
132 40 100
132 40 100
132 40 100
132 40 100
132 40 100
132 40 100
133 40 100
133 40 100
133 40 100
133 40 100
133 40 100
133 40 100
133 40 100
133 40 100
133 40 100
133 40 100
133 40 100
133 40 100
133 40 100
133 40 100
133 40 100
133 40 100
133 40 100
134 40 100
134 40 100
134 40 100
134 40 100
134 40 100
134 40 100
134 40 100
134 40 100
134 40 100
134 40 100
134 40 100
134 40 100
134 40 100
134 40 100
134 40 100
135 40 100
135 40 100
135 40 100
135 40 100
135 40 100
135 40 100
135 40 100
135 40 100
135 40 100
135 40 100
135 40 100
135 40 100
135 40 100
136 40 100
136 40 100
136 40 100
136 40 100
136 40 100
136 40 100
136 40 100
136 40 100
136 40 100
136 40 100
136 40 100
137 40 100
137 40 100
137 40 100
137 40 100
137 40 100
137 40 100
137 40 100
137 40 100
137 40 100
138 40 100
138 40 100
138 40 100
138 40 100
138 40 100
138 40 100
138 40 100
138 40 100
139 40 100
139 40 100
139 40 100
139 40 100
139 40 100
139 40 100
140 40 100
140 40 100
140 40 100
141 40 100
141 40 100
141 40 100
141 40 100
142 40 100
142 40 100
142 40 100
143 40 100
143 40 100
143 40 100
144 40 100
144 40 100
145 40 100
145 40 100
146 40 100
146 40 100
147 40 100
147 40 100
148 40 100
148 40 100
149 40 100
149 40 100
150 41 100
150 41 100
150 42 100
150 42 100
150 43 100
150 43 100
150 44 100
150 44 100
150 44 100
150 45 100
150 45 100
150 45 100
150 46 100
150 46 100
150 46 100
150 47 100
150 47 100
150 47 100
150 47 100
150 48 100
150 48 100
150 48 100
150 48 100
150 49 100
150 49 100
150 49 100
150 49 100
150 50 100
150 50 100
150 50 100
150 51 100
150 51 100
150 51 100
150 51 100
150 51 100
150 51 100
150 52 100
150 52 100
150 52 100
150 52 100
150 52 100
150 52 100
150 52 100
150 53 100
150 53 100
150 53 100
150 53 100
150 53 100
150 53 100
150 53 100
150 53 100
150 53 100
150 54 100
150 54 100
150 54 100
150 54 100
150 54 100
150 54 100
150 54 100
150 54 100
150 54 100
150 54 100
150 54 100
150 55 100
150 55 100
150 55 100
150 55 100
150 55 100
150 55 100
150 55 100
150 55 100
150 55 100
150 55 100
150 55 100
150 55 100
150 55 100
150 56 100
150 56 100
150 56 100
150 56 100
150 56 100
150 56 100
150 56 100
150 56 100
150 56 100
150 56 100
150 56 100
150 56 100
150 56 100
150 56 100
150 57 100
150 57 100
150 57 100
150 57 100
150 57 100
150 57 100
150 57 100
150 57 100
150 57 100
150 57 100
150 57 100
150 57 100
150 57 100
150 57 100
150 57 100
150 58 100
150 58 100
150 58 100
150 58 100
150 58 100
150 58 100
150 58 100
150 58 100
150 58 100
150 58 100
150 58 100
150 58 100
150 58 100
150 58 100
150 58 100
150 58 100
150 59 100
150 59 100
150 59 100
150 59 100
150 59 100
150 59 100
150 59 100
150 59 100
150 59 100
150 59 100
150 59 100
150 59 100
150 59 100
150 59 100
150 59 100
150 59 100
150 60 100
150 60 100
150 60 100
150 60 100
150 60 100
150 60 100
150 60 100
150 60 100
150 60 100
150 60 100
150 60 100
150 60 100
150 60 100
150 61 100
150 61 100
150 61 100
150 61 100
150 61 100
150 61 100
150 61 100
150 61 100
150 61 100
150 61 100
150 61 100
150 61 100
150 61 100
150 62 100
150 62 100
150 62 100
150 62 100
150 62 100
150 62 100
150 62 100
150 62 100
150 62 100
150 62 100
150 62 100
150 63 100
150 63 100
150 63 100
150 63 100
150 63 100
150 63 100
150 63 100
150 63 100
150 63 100
150 64 100
150 64 100
150 64 100
150 64 100
150 64 100
150 64 100
150 64 100
150 65 100
150 65 100
150 65 100
150 65 100
150 65 100
150 66 100
150 66 100
150 66 100
150 66 100
150 67 100
150 67 100
150 67 100
150 68 100
150 68 100
150 68 100
150 69 100
150 69 100
150 70 100
150 71 100
150 71 100
150 72 100
150 72 100
150 73 100
150 74 100
150 75 100
150 76 100
150 77 100
150 78 100
150 79 100
149 80 100
148 80 100
