# score 59489
0 0 100
10 0 100
20 0 100
30 0 100
40 0 100
50 0 100
60 0 100
70 0 100
0 10 100
10 10 100
20 10 100
30 10 100
40 10 100
50 10 100
60 10 100
70 10 100
0 20 100
10 20 100
20 20 100
30 20 100
40 20 100
50 20 100
60 20 100
70 20 100
0 30 100
10 30 100
20 30 100
30 30 100
40 30 100
50 30 100
60 30 100
70 30 100
0 40 100
10 40 100
20 40 100
30 40 100
40 40 100
50 40 100
60 40 100
70 40 100
0 50 100
10 50 100
20 50 100
30 50 100
40 50 100
50 50 100
60 50 100
70 50 100
0 60 100
10 60 100
20 60 100
30 60 100
40 60 100
50 60 100
60 60 100
70 60 100
130 140 100
140 140 100
150 140 100
160 140 100
170 140 100
180 140 100
190 140 100
130 150 100
140 150 100
150 150 100
160 150 100
170 150 100
180 150 100
190 150 100
130 160 100
140 160 100
150 160 100
160 160 100
170 160 100
180 160 100
190 160 100
130 170 100
140 170 100
150 170 100
160 170 100
170 170 100
180 170 100
190 170 100
130 180 100
140 180 100
150 180 100
160 180 100
170 180 100
180 180 100
190 180 100
130 190 100
140 190 100
150 190 100
160 190 100
170 190 100
180 190 100
190 190 100
70 90 100
80 90 100
90 90 100
100 90 100
110 90 100
120 90 100
130 90 100
140 90 100
150 90 100
70 100 100
80 100 100
90 100 100
100 100 100
110 100 100
120 100 100
130 100 100
140 100 100
150 100 100
70 110 100
80 110 100
90 110 100
100 110 100
110 110 100
120 110 100
130 110 100
140 110 100
150 110 100
70 120 100
80 120 100
90 120 100
100 120 100
110 120 100
120 120 100
130 120 100
140 120 100
150 120 100
70 130 100
80 130 100
90 130 100
100 130 100
110 130 100
120 130 100
130 130 100
140 130 100
150 130 100
70 140 100
80 140 100
90 140 100
100 140 100
110 140 100
120 140 100
70 150 100
80 150 100
90 150 100
100 150 100
110 150 100
120 150 100
70 160 100
80 160 100
90 160 100
100 160 100
110 160 100
120 160 100
130 160 100
70 170 100
80 170 100
90 170 100
100 170 100
110 170 100
120 170 100
130 170 100
140 170 100
100 0 100
110 0 100
120 0 100
130 0 100
140 0 100
150 0 100
160 0 100
170 0 100
180 0 100
100 10 100
110 10 100
120 10 100
130 10 100
140 10 100
150 10 100
160 10 100
170 10 100
180 10 100
100 20 100
110 20 100
120 20 100
130 20 100
140 20 100
150 20 100
160 20 100
170 20 100
180 20 100
100 30 100
110 30 100
120 30 100
130 30 100
140 30 100
150 30 100
160 30 100
170 30 100
180 30 100
100 40 100
110 40 100
120 40 100
130 40 100
140 40 100
150 40 100
160 40 100
170 40 100
180 40 100
100 50 100
110 50 100
120 50 100
130 50 100
140 50 100
150 50 100
160 50 100
170 50 100
180 50 100
100 60 100
110 60 100
120 60 100
130 60 100
140 60 100
150 60 100
160 60 100
170 60 100
180 60 100
140 27 100
140 28 100
140 29 100
140 31 100
140 32 100
140 33 100
140 34 100
140 35 100
140 36 100
140 37 100
140 38 100
140 39 100
139 40 100
138 40 100
137 40 100
136 40 100
135 40 100
134 40 100
133 40 100
132 40 100
131 40 100
129 40 100
128 40 100
128 40 100
127 40 100
127 40 100
126 40 100
126 40 100
126 40 100
125 40 100
125 40 100
125 40 100
125 40 100
125 40 100
124 40 100
124 40 100
124 40 100
124 40 100
124 40 100
124 40 100
124 40 100
123 40 100
123 40 100
123 40 100
123 40 100
123 40 100
123 40 100
123 40 100
123 40 100
123 40 100
122 40 100
122 40 100
122 40 100
122 40 100
122 40 100
122 40 100
122 40 100
122 40 100
122 40 100
122 40 100
122 40 100
121 40 100
121 40 100
121 40 100
121 40 100
121 40 100
121 40 100
121 40 100
121 40 100
121 40 100
121 40 100
121 40 100
121 40 100
121 40 100
120 40 100
120 40 100
120 40 100
120 40 100
120 40 100
120 40 100
120 40 100
120 40 100
120 40 100
120 40 100
120 40 100
120 40 100
119 40 100
119 40 100
119 40 100
119 40 100
119 40 100
119 40 100
119 40 100
119 40 100
119 40 100
119 40 100
119 40 100
119 40 100
118 40 100
118 40 100
118 40 100
118 40 100
118 40 100
118 40 100
118 40 100
118 40 100
118 40 100
118 40 100
117 40 100
117 40 100
117 40 100
117 40 100
117 40 100
117 40 100
117 40 100
117 40 100
116 40 100
116 40 100
116 40 100
116 40 100
116 40 100
116 40 100
115 40 100
115 40 100
115 40 100
115 40 100
114 40 100
114 40 100
113 40 100
113 40 100
112 40 100
111 40 100
110 41 100
110 42 100
110 43 100
110 44 100
110 45 100
110 46 100
110 47 100
110 48 100
110 49 100
110 51 100
110 52 100
110 53 100
110 54 100
110 55 100
110 56 100
110 57 100
110 58 100
110 59 100
110 61 100
110 62 100
110 63 100
110 64 100
110 65 100
110 66 100
110 67 100
110 68 100
110 69 100
110 70 100
110 71 100
110 72 100
110 73 100
110 74 100
110 75 100
110 76 100
110 77 100
110 78 100
110 79 100
110 80 100
110 81 100
110 82 100
110 83 100
110 84 100
110 85 100
110 86 100
110 87 100
110 88 100
110 89 100
110 91 100
110 92 100
110 93 100
110 94 100
110 95 100
110 96 100
110 97 100
110 98 100
110 99 100
110 101 100
110 101 100
110 102 100
110 102 100
110 102 100
110 103 100
110 103 100
110 103 100
110 103 100
110 104 100
110 104 100
110 104 100
110 104 100
110 104 100
110 105 100
110 105 100
110 105 100
110 105 100
110 105 100
110 105 100
110 106 100
110 106 100
110 106 100
110 106 100
110 106 100
110 106 100
110 106 100
110 107 100
110 107 100
110 107 100
110 107 100
110 107 100
110 107 100
110 107 100
110 107 100
110 108 100
110 108 100
110 108 100
110 108 100
110 108 100
110 108 100
110 108 100
110 108 100
110 108 100
110 108 100
110 109 100
110 109 100
110 109 100
110 109 100
110 109 100
110 109 100
110 109 100
110 109 100
110 109 100
110 109 100
110 109 100
110 110 100
110 110 100
110 110 100
110 110 100
110 110 100
110 110 100
110 110 100
110 110 100
110 110 100
110 110 100
110 110 100
110 111 100
110 111 100
110 111 100
110 111 100
110 111 100
110 111 100
110 111 100
110 111 100
110 111 100
110 111 100
110 111 100
110 111 100
110 112 100
110 112 100
110 112 100
110 112 100
110 112 100
110 112 100
110 112 100
110 112 100
110 112 100
110 112 100
110 112 100
110 112 100
110 113 100
110 113 100
110 113 100
110 113 100
110 113 100
110 113 100
110 113 100
110 113 100
110 113 100
110 113 100
110 113 100
110 114 100
110 114 100
110 114 100
110 114 100
110 114 100
110 114 100
110 114 100
110 114 100
110 114 100
110 114 100
110 115 100
110 115 100
110 115 100
110 115 100
110 115 100
110 115 100
110 115 100
110 115 100
110 116 100
110 116 100
110 116 100
110 116 100
110 116 100
110 116 100
110 117 100
110 117 100
110 117 100
110 117 100
110 117 100
110 118 100
110 118 100
110 118 100
110 118 100
110 119 100
110 119 100
110 119 100
110 119 100
110 120 100
110 120 100
110 121 100
110 121 100
110 121 100
110 122 100
110 122 100
110 123 100
110 123 100
110 124 100
110 125 100
110 126 100
110 127 100
110 128 100
110 129 100
110 131 100
110 132 100
110 133 100
110 134 100
110 135 100
110 136 100
110 137 100
110 138 100
110 139 100
111 140 100
111 139 100
112 139 100
113 139 100
114 139 100
