# score 161095
10 0 100
20 0 100
30 0 100
40 0 100
50 0 100
60 0 100
70 0 100
80 0 100
90 0 100
10 10 100
20 10 100
30 10 100
40 10 100
50 10 100
60 10 100
70 10 100
80 10 100
90 10 100
10 20 100
20 20 100
30 20 100
40 20 100
50 20 100
60 20 100
70 20 100
80 20 100
90 20 100
10 30 100
20 30 100
30 30 100
40 30 100
50 30 100
60 30 100
70 30 100
80 30 100
90 30 100
10 40 100
20 40 100
30 40 100
40 40 100
50 40 100
60 40 100
70 40 100
80 40 100
90 40 100
110 90 100
120 90 100
130 90 100
140 90 100
150 90 100
160 90 100
170 90 100
180 90 100
190 90 100
110 100 100
120 100 100
130 100 100
140 100 100
150 100 100
160 100 100
170 100 100
180 100 100
190 100 100
110 110 100
120 110 100
130 110 100
140 110 100
150 110 100
160 110 100
170 110 100
180 110 100
190 110 100
110 120 100
120 120 100
130 120 100
140 120 100
150 120 100
160 120 100
170 120 100
180 120 100
190 120 100
110 130 100
120 130 100
130 130 100
140 130 100
150 130 100
160 130 100
170 130 100
180 130 100
190 130 100
110 140 100
120 140 100
130 140 100
140 140 100
150 140 100
160 140 100
170 140 100
180 140 100
190 140 100
110 150 100
120 150 100
130 150 100
140 150 100
150 150 100
160 150 100
170 150 100
180 150 100
190 150 100
110 160 100
120 160 100
130 160 100
140 160 100
150 160 100
160 160 100
170 160 100
180 160 100
190 160 100
110 170 100
120 170 100
130 170 100
140 170 100
150 170 100
160 170 100
170 170 100
180 170 100
190 170 100
0 0 100
10 0 100
20 0 100
30 0 100
40 0 100
0 10 100
10 10 100
20 10 100
30 10 100
40 10 100
0 20 100
10 20 100
20 20 100
30 20 100
40 20 100
0 30 100
10 30 100
20 30 100
30 30 100
40 30 100
50 30 100
0 40 100
10 40 100
20 40 100
30 40 100
40 40 100
50 40 100
0 50 100
10 50 100
20 50 100
30 50 100
40 50 100
50 50 100
0 60 100
10 60 100
20 60 100
30 60 100
40 60 100
50 60 100
0 70 100
10 70 100
20 70 100
30 70 100
40 70 100
50 70 100
0 80 100
10 80 100
20 80 100
30 80 100
40 80 100
50 80 100
70 40 100
80 40 100
90 40 100
100 40 100
110 40 100
120 40 100
130 40 100
140 40 100
150 40 100
70 50 100
80 50 100
90 50 100
100 50 100
110 50 100
120 50 100
130 50 100
140 50 100
150 50 100
70 60 100
80 60 100
90 60 100
100 60 100
110 60 100
120 60 100
130 60 100
140 60 100
150 60 100
70 70 100
80 70 100
90 70 100
100 70 100
110 70 100
120 70 100
130 70 100
140 70 100
150 70 100
70 80 100
80 80 100
90 80 100
100 80 100
110 80 100
120 80 100
130 80 100
140 80 100
150 80 100
70 90 100
80 90 100
90 90 100
100 90 100
70 100 100
80 100 100
90 100 100
100 100 100
70 110 100
80 110 100
90 110 100
100 110 100
70 120 100
80 120 100
90 120 100
100 120 100
120 120 100
0 140 100
10 140 100
20 140 100
30 140 100
40 140 100
50 140 100
0 150 100
10 150 100
20 150 100
30 150 100
40 150 100
50 150 100
0 160 100
10 160 100
20 160 100
30 160 100
40 160 100
50 160 100
0 170 100
10 170 100
20 170 100
30 170 100
40 170 100
50 170 100
0 180 100
10 180 100
20 180 100
30 180 100
40 180 100
50 180 100
0 190 100
10 190 100
20 190 100
30 190 100
40 190 100
50 190 100
100 20 100
110 20 100
120 20 100
130 20 100
140 20 100
150 20 100
160 20 100
170 20 100
180 20 100
100 30 100
110 30 100
120 30 100
130 30 100
140 30 100
150 30 100
160 30 100
170 30 100
180 30 100
100 40 100
110 40 100
120 40 100
130 40 100
140 40 100
150 40 100
160 40 100
170 40 100
180 40 100
100 50 100
110 50 100
120 50 100
130 50 100
160 50 100
170 50 100
180 50 100
100 60 100
110 60 100
120 60 100
160 60 100
170 60 100
180 60 100
100 70 100
160 70 100
170 70 100
180 70 100
150 80 100
160 80 100
170 80 100
180 80 100
160 90 100
170 90 100
180 90 100
160 100 100
170 100 100
180 100 100
80 150 100
90 150 100
100 150 100
110 150 100
120 150 100
130 150 100
140 150 100
150 150 100
160 150 100
80 160 100
90 160 100
100 160 100
110 160 100
120 160 100
130 160 100
140 160 100
150 160 100
160 160 100
80 170 100
90 170 100
100 170 100
110 170 100
120 170 100
130 170 100
140 170 100
150 170 100
160 170 100
80 180 100
90 180 100
100 180 100
110 180 100
120 180 100
130 180 100
140 180 100
150 180 100
160 180 100
80 190 100
90 190 100
100 190 100
110 190 100
120 190 100
130 190 100
140 190 100
150 190 100
160 190 100
40 70 100
50 70 100
60 70 100
70 70 100
80 70 100
90 70 100
100 70 100
40 80 100
50 80 100
60 80 100
70 80 100
80 80 100
90 80 100
40 90 100
50 90 100
60 90 100
70 90 100
80 90 100
90 90 100
40 100 100
50 100 100
60 100 100
70 100 100
80 100 100
40 110 100
50 110 100
60 110 100
70 110 100
40 120 100
50 120 100
60 120 100
70 120 100
40 130 100
50 130 100
60 130 100
70 130 100
80 130 100
90 130 100
100 130 100
110 130 100
120 130 100
40 140 100
50 140 100
60 140 100
70 140 100
80 140 100
90 140 100
100 140 100
110 140 100
120 140 100
40 150 100
50 150 100
60 150 100
70 150 100
80 150 100
90 150 100
100 150 100
110 150 100
120 150 100
20 110 100
30 110 100
40 110 100
50 110 100
60 110 100
70 110 100
20 120 100
30 120 100
40 120 100
50 120 100
60 120 100
20 130 100
30 130 100
40 130 100
50 130 100
60 130 100
70 130 100
80 130 100
90 130 100
100 130 100
20 140 100
30 140 100
40 140 100
50 140 100
60 140 100
70 140 100
80 140 100
90 140 100
100 140 100
20 150 100
30 150 100
40 150 100
50 150 100
60 150 100
70 150 100
80 150 100
90 150 100
100 150 100
40 160 100
50 160 100
60 160 100
70 160 100
80 160 100
90 160 100
100 160 100
50 170 100
60 170 100
70 170 100
80 170 100
90 170 100
100 170 100
50 180 100
60 180 100
70 180 100
80 180 100
90 180 100
100 180 100
40 190 100
50 190 100
60 190 100
70 190 100
80 190 100
90 190 100
100 190 100
113 89 100
114 89 100
114 90 100
115 90 100
116 90 100
117 90 100
118 90 100
119 90 100
121 90 100
122 90 100
123 90 100
124 90 100
125 90 100
126 90 100
127 90 100
128 90 100
129 90 100
131 90 100
132 90 100
133 90 100
134 90 100
135 90 100
136 90 100
137 90 100
138 90 100
139 90 100
140 91 100
140 92 100
140 93 100
140 94 100
140 95 100
140 96 100
140 97 100
140 98 100
140 99 100
140 101 100
140 102 100
140 103 100
140 104 100
140 105 100
140 106 100
140 107 100
140 108 100
140 109 100
140 111 100
140 112 100
140 113 100
140 114 100
140 115 100
140 116 100
140 117 100
140 118 100
140 119 100
141 120 100
142 120 100
143 120 100
144 120 100
145 120 100
146 120 100
147 120 100
148 120 100
149 120 100
150 121 100
150 122 100
150 123 100
150 124 100
150 125 100
150 126 100
150 127 100
150 128 100
150 129 100
151 130 100
151 131 100
151 132 100
151 133 100
151 134 100
151 135 100
151 136 100
151 137 100
19 185 100
20 185 100
20 184 100
20 183 100
20 182 100
20 181 100
21 180 100
22 180 100
23 180 100
24 180 100
25 180 100
26 180 100
27 180 100
28 180 100
29 180 100
31 180 100
32 180 100
33 180 100
34 180 100
35 180 100
36 180 100
37 180 100
38 180 100
39 180 100
40 179 100
40 178 100
40 177 100
40 176 100
40 175 100
40 174 100
40 173 100
40 172 100
40 171 100
41 170 100
42 170 100
43 170 100
44 170 100
45 170 100
46 170 100
47 170 100
48 170 100
48 170 100
49 170 100
49 170 100
51 170 100
51 170 100
51 169 100
51 169 100
52 169 100
52 169 100
52 169 100
52 168 100
52 168 100
52 168 100
53 168 100
53 168 100
53 168 100
53 167 100
53 167 100
53 167 100
53 167 100
54 167 100
54 167 100
54 167 100
54 167 100
54 166 100
54 166 100
54 166 100
54 166 100
54 166 100
55 166 100
55 166 100
55 166 100
55 166 100
55 166 100
55 165 100
55 165 100
55 165 100
55 165 100
55 165 100
56 165 100
56 165 100
56 165 100
56 165 100
56 165 100
56 164 100
56 164 100
56 164 100
56 164 100
56 164 100
56 164 100
57 164 100
57 164 100
57 164 100
57 164 100
57 164 100
57 164 100
57 163 100
57 163 100
57 163 100
57 163 100
57 163 100
57 163 100
58 163 100
58 163 100
58 163 100
58 163 100
58 163 100
58 163 100
58 162 100
58 162 100
58 162 100
58 162 100
58 162 100
58 162 100
59 162 100
59 162 100
59 162 100
59 162 100
59 162 100
59 161 100
59 161 100
59 161 100
59 161 100
59 161 100
60 161 100
60 161 100
60 161 100
60 161 100
60 161 100
60 160 100
60 160 100
60 160 100
60 160 100
61 160 100
61 160 100
61 160 100
61 160 100
61 159 100
61 159 100
61 159 100
61 159 100
62 159 100
62 159 100
62 159 100
62 159 100
62 158 100
62 158 100
62 158 100
62 158 100
63 158 100
63 158 100
63 158 100
64 158 100
64 158 100
64 158 100
65 158 100
65 158 100
65 158 100
66 158 100
66 158 100
66 158 100
66 157 100
66 157 100
66 157 100
67 157 100
67 157 100
67 156 100
67 156 100
68 156 100
68 156 100
68 155 100
68 155 100
69 155 100
69 155 100
69 154 100
69 154 100
69 154 100
70 154 100
70 154 100
70 154 100
70 153 100
70 153 100
70 153 100
71 153 100
71 153 100
71 153 100
71 152 100
71 152 100
71 152 100
72 152 100
72 152 100
72 152 100
72 152 100
72 151 100
72 151 100
72 151 100
72 151 100
73 151 100
73 151 100
73 151 100
73 151 100
73 150 100
73 150 100
73 150 100
73 150 100
73 150 100
74 150 100
74 150 100
74 150 100
74 150 100
74 150 100
74 149 100
74 149 100
74 149 100
74 149 100
74 149 100
75 149 100
75 149 100
75 149 100
75 149 100
75 149 100
75 148 100
75 148 100
75 148 100
75 148 100
75 148 100
76 148 100
76 148 100
76 148 100
76 148 100
76 147 100
76 147 100
76 147 100
76 147 100
77 147 100
77 147 100
77 147 100
77 147 100
77 146 100
77 146 100
77 146 100
77 146 100
78 146 100
78 146 100
78 146 100
78 145 100
78 145 100
78 145 100
79 145 100
79 145 100
79 145 100
79 144 100
79 144 100
79 144 100
80 144 100
80 144 100
80 143 100
80 143 100
80 142 100
80 142 100
80 141 100
80 141 100
80 139 100
80 139 100
80 138 100
80 138 100
80 137 100
80 137 100
80 136 100
80 136 100
80 135 100
80 135 100
80 134 100
80 134 100
80 133 100
80 133 100
80 132 100
80 132 100
80 131 100
80 131 100
80 129 100
80 129 100
80 128 100
80 127 100
80 126 100
80 125 100
80 124 100
80 123 100
80 122 100
80 121 100
80 119 100
80 118 100
80 117 100
80 116 100
80 115 100
80 114 100
80 113 100
80 112 100
80 111 100
81 110 100
82 110 100
83 110 100
84 110 100
85 110 100
86 110 100
87 110 100
88 110 100
89 110 100
90 109 100
90 108 100
90 107 100
90 106 100
90 105 100
90 104 100
90 103 100
90 102 100
90 101 100
90 99 100
90 98 100
90 97 100
90 96 100
90 95 100
90 94 100
90 93 100
90 92 100
90 92 100
90 91 100
90 91 100
91 90 100
91 90 100
92 90 100
92 90 100
93 90 100
93 90 100
94 90 100
94 90 100
95 90 100
96 90 100
97 90 100
98 90 100
99 90 100
101 90 100
102 90 100
103 90 100
104 90 100
105 90 100
106 90 100
107 90 100
108 90 100
109 90 100
111 90 100
111 89 100
112 89 100
146 62 100
145 62 100
145 61 100
144 61 100
144 60 100
143 60 100
142 60 100
141 60 100
140 61 100
140 62 100
140 63 100
140 64 100
140 65 100
140 66 100
140 67 100
140 68 100
140 69 100
140 71 100
140 72 100
140 73 100
140 74 100
140 75 100
140 76 100
140 77 100
140 78 100
140 79 100
140 81 100
140 82 100
140 83 100
140 84 100
140 85 100
140 86 100
140 87 100
140 88 100
140 89 100
127 199 100
128 199 100
128 198 100
129 198 100
129 197 100
130 197 100
130 196 100
130 195 100
130 194 100
130 193 100
130 192 100
130 191 100
129 190 100
128 190 100
127 190 100
126 190 100
125 190 100
124 190 100
123 190 100
122 190 100
121 190 100
119 190 100
118 190 100
117 190 100
116 190 100
115 190 100
114 190 100
113 190 100
112 190 100
111 190 100
110 189 100
110 188 100
110 188 100
110 187 100
110 187 100
110 186 100
110 186 100
110 185 100
110 185 100
110 185 100
110 184 100
110 184 100
110 184 100
110 183 100
110 183 100
110 183 100
110 183 100
110 182 100
110 182 100
110 182 100
110 182 100
110 181 100
110 181 100
110 181 100
110 181 100
110 181 100
110 180 100
110 180 100
110 180 100
110 180 100
110 179 100
110 179 100
110 179 100
110 179 100
110 179 100
110 179 100
110 178 100
110 178 100
110 178 100
110 178 100
110 178 100
110 178 100
110 177 100
110 177 100
110 177 100
110 177 100
110 177 100
110 177 100
110 176 100
110 176 100
110 176 100
110 176 100
110 176 100
110 176 100
110 175 100
110 175 100
110 175 100
110 175 100
110 175 100
110 175 100
110 175 100
110 174 100
110 174 100
110 174 100
110 174 100
110 174 100
110 174 100
110 174 100
110 173 100
110 173 100
110 173 100
110 173 100
110 173 100
110 173 100
110 173 100
110 173 100
110 172 100
110 172 100
110 172 100
110 172 100
110 172 100
110 172 100
110 172 100
110 172 100
110 172 100
110 171 100
110 171 100
110 171 100
110 171 100
110 171 100
110 171 100
110 171 100
110 171 100
110 171 100
110 171 100
110 170 100
110 170 100
110 170 100
110 170 100
110 170 100
110 170 100
110 170 100
110 170 100
110 170 100
110 169 100
110 169 100
110 169 100
110 169 100
110 169 100
110 169 100
110 169 100
110 169 100
110 169 100
110 169 100
110 169 100
110 169 100
110 168 100
110 168 100
110 168 100
110 168 100
110 168 100
110 168 100
110 168 100
110 168 100
110 168 100
110 168 100
110 168 100
110 168 100
110 168 100
110 167 100
110 167 100
110 167 100
110 167 100
110 167 100
110 167 100
110 167 100
110 167 100
110 167 100
110 167 100
110 167 100
110 167 100
110 167 100
110 167 100
110 166 100
110 166 100
110 166 100
110 166 100
110 166 100
110 166 100
110 166 100
110 166 100
110 166 100
110 166 100
110 166 100
110 166 100
110 166 100
110 166 100
110 166 100
110 165 100
110 165 100
110 165 100
110 165 100
110 165 100
110 165 100
110 165 100
110 165 100
110 165 100
110 165 100
110 165 100
110 165 100
110 165 100
110 165 100
110 165 100
110 165 100
110 164 100
110 164 100
110 164 100
110 164 100
110 164 100
110 164 100
110 164 100
110 164 100
110 164 100
110 164 100
110 164 100
110 164 100
110 164 100
110 164 100
110 164 100
110 164 100
110 163 100
110 163 100
110 163 100
110 163 100
110 163 100
110 163 100
110 163 100
110 163 100
110 163 100
110 163 100
110 163 100
110 163 100
110 163 100
110 163 100
110 163 100
110 163 100
110 162 100
110 162 100
110 162 100
110 162 100
110 162 100
110 162 100
110 162 100
110 162 100
110 162 100
110 162 100
110 162 100
110 162 100
110 162 100
110 162 100
110 162 100
110 162 100
110 162 100
110 161 100
110 161 100
110 161 100
110 161 100
110 161 100
110 161 100
110 161 100
110 161 100
110 161 100
110 161 100
110 161 100
110 161 100
110 161 100
110 161 100
110 161 100
110 161 100
110 160 100
110 160 100
110 160 100
110 160 100
110 160 100
110 160 100
110 160 100
110 160 100
110 160 100
110 160 100
110 160 100
110 160 100
110 160 100
110 160 100
110 159 100
110 159 100
110 159 100
110 159 100
110 159 100
110 159 100
110 159 100
110 159 100
110 159 100
110 159 100
110 159 100
110 159 100
110 159 100
110 159 100
110 159 100
110 159 100
110 158 100
110 158 100
110 158 100
110 158 100
110 158 100
110 158 100
110 158 100
110 158 100
110 158 100
110 158 100
110 158 100
110 158 100
110 158 100
110 158 100
110 158 100
110 157 100
110 157 100
110 157 100
110 157 100
110 157 100
110 157 100
110 157 100
110 157 100
110 157 100
110 157 100
110 157 100
110 157 100
110 157 100
110 157 100
110 157 100
110 156 100
110 156 100
110 156 100
110 156 100
110 156 100
110 156 100
110 156 100
110 156 100
110 156 100
110 156 100
110 156 100
110 156 100
110 156 100
110 156 100
110 156 100
110 155 100
110 155 100
110 155 100
110 155 100
110 155 100
110 155 100
110 155 100
110 155 100
110 155 100
110 155 100
110 155 100
110 155 100
110 155 100
110 155 100
110 155 100
110 154 100
110 154 100
110 154 100
110 154 100
110 154 100
110 154 100
110 154 100
110 154 100
110 154 100
110 154 100
110 154 100
110 154 100
110 154 100
110 154 100
110 154 100
110 153 100
110 153 100
110 153 100
110 153 100
110 153 100
110 153 100
110 153 100
110 153 100
110 153 100
110 153 100
110 153 100
110 153 100
110 153 100
110 153 100
110 153 100
110 152 100
110 152 100
110 152 100
110 152 100
110 152 100
110 152 100
110 152 100
110 152 100
110 152 100
110 152 100
110 152 100
110 152 100
110 152 100
110 152 100
110 152 100
110 151 100
110 151 100
110 151 100
110 151 100
110 151 100
110 151 100
110 151 100
110 151 100
110 151 100
110 151 100
110 151 100
110 151 100
110 151 100
110 151 100
110 151 100
110 151 100
110 150 100
110 150 100
110 150 100
110 150 100
110 150 100
110 150 100
110 150 100
110 150 100
110 150 100
110 150 100
110 150 100
110 150 100
110 150 100
110 149 100
110 149 100
110 149 100
110 149 100
110 149 100
110 149 100
110 149 100
110 149 100
110 149 100
110 149 100
110 149 100
110 149 100
110 149 100
110 149 100
110 149 100
110 149 100
110 148 100
110 148 100
110 148 100
110 148 100
110 148 100
110 148 100
110 148 100
110 148 100
110 148 100
110 148 100
110 148 100
110 148 100
110 148 100
110 148 100
110 148 100
110 147 100
110 147 100
110 147 100
110 147 100
110 147 100
110 147 100
110 147 100
110 147 100
110 147 100
110 147 100
110 147 100
110 147 100
110 147 100
110 147 100
110 146 100
110 146 100
110 146 100
110 146 100
110 146 100
110 146 100
110 146 100
110 146 100
110 146 100
110 146 100
110 146 100
110 146 100
110 146 100
110 146 100
110 145 100
110 145 100
110 145 100
110 145 100
110 145 100
110 145 100
110 145 100
110 145 100
110 145 100
110 145 100
110 145 100
110 145 100
110 144 100
110 144 100
110 144 100
110 144 100
110 144 100
110 144 100
110 144 100
110 144 100
110 144 100
110 144 100
110 144 100
110 143 100
110 143 100
110 143 100
110 143 100
110 143 100
110 143 100
110 143 100
110 143 100
110 143 100
110 143 100
110 142 100
110 142 100
110 142 100
110 142 100
110 142 100
110 142 100
110 142 100
110 142 100
110 142 100
110 141 100
110 141 100
110 141 100
110 141 100
110 141 100
110 141 100
110 141 100
110 141 100
110 140 100
110 140 100
110 140 100
110 140 100
110 140 100
110 139 100
110 139 100
110 139 100
110 139 100
110 139 100
110 139 100
110 138 100
110 138 100
110 138 100
110 138 100
110 138 100
110 137 100
110 137 100
110 137 100
110 137 100
110 136 100
110 136 100
110 136 100
110 135 100
110 135 100
110 135 100
110 134 100
110 134 100
110 134 100
110 133 100
110 133 100
110 133 100
110 132 100
110 132 100
110 131 100
110 131 100
109 130 100
109 130 100
108 130 100
108 130 100
107 130 100
107 130 100
106 130 100
106 130 100
105 130 100
105 130 100
104 130 100
103 130 100
102 130 100
102 130 100
101 130 100
101 130 100
99 130 100
99 130 100
98 130 100
98 130 100
97 130 100
97 130 100
96 130 100
96 130 100
95 130 100
95 130 100
94 130 100
94 130 100
93 130 100
93 130 100
92 130 100
92 130 100
91 130 100
91 130 100
89 130 100
89 130 100
88 130 100
88 130 100
87 130 100
87 130 100
86 130 100
86 130 100
85 130 100
85 130 100
84 130 100
84 130 100
83 130 100
83 130 100
82 130 100
82 130 100
81 130 100
81 130 100
