# score 281580
100 60 100
110 60 100
120 60 100
130 60 100
140 60 100
150 60 100
160 60 100
170 60 100
180 60 100
100 70 100
110 70 100
120 70 100
130 70 100
140 70 100
150 70 100
160 70 100
170 70 100
180 70 100
100 80 100
110 80 100
120 80 100
130 80 100
140 80 100
150 80 100
160 80 100
170 80 100
180 80 100
100 90 100
110 90 100
120 90 100
130 90 100
140 90 100
150 90 100
160 90 100
170 90 100
180 90 100
100 100 100
110 100 100
120 100 100
130 100 100
140 100 100
150 100 100
160 100 100
170 100 100
180 100 100
100 110 100
110 110 100
120 110 100
130 110 100
140 110 100
150 110 100
160 110 100
170 110 100
180 110 100
100 120 100
110 120 100
120 120 100
130 120 100
140 120 100
150 120 100
160 120 100
170 120 100
180 120 100
100 130 100
110 130 100
120 130 100
130 130 100
140 130 100
150 130 100
160 130 100
170 130 100
180 130 100
100 140 100
110 140 100
120 140 100
130 140 100
140 140 100
150 140 100
160 140 100
170 140 100
180 140 100
60 150 100
70 150 100
80 150 100
90 150 100
100 150 100
110 150 100
120 150 100
130 150 100
140 150 100
60 160 100
70 160 100
80 160 100
90 160 100
100 160 100
110 160 100
120 160 100
130 160 100
140 160 100
60 170 100
70 170 100
80 170 100
90 170 100
100 170 100
110 170 100
120 170 100
130 170 100
140 170 100
60 180 100
70 180 100
80 180 100
90 180 100
100 180 100
110 180 100
120 180 100
130 180 100
140 180 100
60 190 100
70 190 100
80 190 100
90 190 100
100 190 100
110 190 100
120 190 100
130 190 100
140 190 100
130 130 100
140 130 100
190 130 100
130 140 100
140 140 100
180 140 100
190 140 100
130 150 100
140 150 100
150 150 100
160 150 100
170 150 100
180 150 100
190 150 100
130 160 100
140 160 100
150 160 100
160 160 100
170 160 100
180 160 100
190 160 100
150 170 100
160 170 100
170 170 100
180 170 100
190 170 100
150 180 100
160 180 100
170 180 100
180 180 100
190 180 100
130 190 100
140 190 100
150 190 100
160 190 100
170 190 100
180 190 100
190 190 100
0 150 100
10 150 100
20 150 100
30 150 100
40 150 100
0 160 100
10 160 100
20 160 100
30 160 100
40 160 100
0 170 100
10 170 100
20 170 100
30 170 100
40 170 100
0 180 100
10 180 100
20 180 100
30 180 100
40 180 100
0 190 100
10 190 100
20 190 100
30 190 100
40 190 100
90 0 100
100 0 100
110 0 100
120 0 100
130 0 100
140 0 100
150 0 100
160 0 100
170 0 100
90 10 100
100 10 100
110 10 100
120 10 100
130 10 100
140 10 100
150 10 100
160 10 100
170 10 100
90 20 100
100 20 100
110 20 100
120 20 100
130 20 100
140 20 100
150 20 100
160 20 100
170 20 100
90 30 100
100 30 100
110 30 100
120 30 100
130 30 100
140 30 100
150 30 100
160 30 100
170 30 100
90 40 100
100 40 100
110 40 100
120 40 100
130 40 100
140 40 100
150 40 100
160 40 100
170 40 100
90 50 100
100 50 100
110 50 100
120 50 100
130 50 100
140 50 100
150 50 100
160 50 100
170 50 100
90 60 100
100 60 100
110 60 100
160 60 100
170 60 100
90 70 100
150 70 100
160 70 100
170 70 100
90 80 100
120 80 100
130 80 100
150 80 100
160 80 100
170 80 100
10 20 100
20 20 100
30 20 100
40 20 100
50 20 100
60 20 100
70 20 100
80 20 100
10 30 100
20 30 100
30 30 100
40 30 100
50 30 100
60 30 100
70 30 100
80 30 100
10 40 100
20 40 100
30 40 100
40 40 100
50 40 100
60 40 100
70 40 100
80 40 100
10 50 100
20 50 100
30 50 100
40 50 100
50 50 100
60 50 100
70 50 100
80 50 100
90 50 100
10 60 100
20 60 100
30 60 100
40 60 100
50 60 100
60 60 100
70 60 100
80 60 100
90 60 100
10 70 100
20 70 100
30 70 100
40 70 100
50 70 100
60 70 100
70 70 100
80 70 100
90 70 100
10 80 100
20 80 100
30 80 100
40 80 100
50 80 100
60 80 100
70 80 100
80 80 100
10 90 100
20 90 100
30 90 100
40 90 100
50 90 100
60 90 100
70 90 100
80 90 100
90 90 100
10 100 100
20 100 100
30 100 100
40 100 100
50 100 100
60 100 100
70 100 100
80 100 100
90 100 100
0 60 100
10 60 100
20 60 100
60 60 100
0 70 100
10 70 100
0 80 100
0 90 100
10 90 100
20 90 100
40 90 100
50 90 100
0 100 100
10 100 100
30 100 100
40 100 100
50 100 100
60 100 100
0 110 100
10 110 100
20 110 100
30 110 100
40 110 100
50 110 100
60 110 100
0 120 100
10 120 100
20 120 100
30 120 100
40 120 100
50 120 100
60 120 100
0 130 100
10 130 100
20 130 100
30 130 100
40 130 100
50 130 100
60 130 100
0 140 100
10 140 100
20 140 100
30 140 100
40 140 100
50 140 100
60 140 100
50 120 100
60 120 100
70 120 100
80 120 100
90 120 100
110 120 100
120 120 100
130 120 100
50 130 100
60 130 100
70 130 100
80 130 100
90 130 100
120 130 100
130 130 100
50 140 100
60 140 100
70 140 100
80 140 100
90 140 100
120 140 100
130 140 100
50 150 100
60 150 100
70 150 100
80 150 100
120 150 100
130 150 100
50 160 100
60 160 100
70 160 100
80 160 100
110 160 100
120 160 100
130 160 100
50 170 100
60 170 100
70 170 100
120 170 100
50 180 100
60 180 100
50 190 100
60 190 100
70 190 100
130 190 100
150 80 100
160 80 100
170 80 100
180 80 100
190 80 100
130 90 100
160 90 100
170 90 100
180 90 100
190 90 100
130 100 100
160 100 100
170 100 100
190 100 100
130 110 100
140 110 100
150 110 100
190 110 100
130 120 100
140 120 100
150 120 100
190 120 100
130 130 100
140 130 100
190 130 100
130 140 100
140 140 100
190 140 100
130 150 100
140 150 100
160 150 100
170 150 100
180 150 100
190 150 100
130 160 100
140 160 100
150 160 100
160 160 100
170 160 100
180 160 100
190 160 100
120 100 100
130 100 100
170 100 100
120 110 100
130 110 100
140 110 100
150 110 100
120 120 100
130 120 100
140 120 100
150 120 100
120 130 100
130 130 100
140 130 100
130 140 100
140 140 100
190 140 100
120 150 100
130 150 100
160 150 100
170 150 100
180 150 100
190 150 100
120 160 100
130 160 100
150 160 100
160 160 100
170 160 100
190 160 100
120 170 100
160 170 100
50 30 100
60 30 100
70 30 100
110 30 100
130 30 100
50 40 100
60 40 100
50 50 100
60 50 100
70 50 100
100 50 100
110 50 100
60 60 100
70 60 100
90 60 100
100 60 100
110 60 100
50 90 100
80 90 100
90 90 100
110 90 100
120 90 100
130 90 100
50 100 100
70 100 100
80 100 100
90 100 100
100 100 100
110 100 100
120 100 100
130 100 100
50 110 100
60 110 100
70 110 100
80 110 100
90 110 100
100 110 100
110 110 100
120 110 100
130 110 100
160 0 100
170 0 100
180 0 100
190 0 100
130 10 100
160 10 100
170 10 100
180 10 100
190 10 100
130 20 100
140 20 100
150 20 100
160 20 100
170 20 100
180 20 100
190 20 100
140 30 100
150 30 100
160 30 100
170 30 100
180 30 100
190 30 100
150 40 100
160 40 100
170 40 100
180 40 100
190 40 100
150 50 100
160 50 100
170 50 100
180 50 100
190 50 100
5 196 100
6 196 100
6 195 100
7 195 100
7 194 100
8 194 100
8 193 100
9 193 100
9 192 100
10 192 100
10 191 100
10 189 100
10 188 100
10 187 100
10 186 100
10 185 100
10 184 100
10 183 100
10 182 100
10 181 100
10 179 100
10 178 100
10 177 100
10 176 100
10 175 100
10 174 100
10 173 100
10 172 100
10 171 100
10 169 100
10 168 100
10 167 100
10 166 100
10 165 100
10 164 100
10 163 100
10 162 100
10 161 100
10 159 100
10 158 100
10 157 100
10 156 100
10 155 100
10 154 100
10 153 100
10 152 100
10 151 100
10 149 100
10 148 100
10 147 100
10 146 100
10 145 100
10 144 100
10 143 100
10 142 100
10 141 100
10 139 100
10 138 100
10 137 100
10 136 100
10 135 100
10 134 100
10 133 100
10 132 100
10 131 100
10 129 100
10 128 100
10 127 100
10 126 100
10 125 100
10 124 100
10 123 100
10 122 100
10 121 100
11 120 100
12 120 100
13 120 100
14 120 100
15 120 100
16 120 100
17 120 100
18 120 100
19 120 100
20 119 100
20 118 100
20 117 100
20 116 100
20 115 100
20 114 100
20 113 100
20 112 100
20 111 100
21 110 100
21 109 100
22 109 100
22 108 100
22 107 100
21 107 100
21 106 100
20 106 100
20 105 100
20 104 100
20 103 100
20 102 100
20 101 100
20 99 100
20 98 100
20 97 100
20 96 100
20 95 100
20 95 100
20 94 100
20 94 100
20 93 100
20 93 100
20 92 100
20 92 100
20 91 100
20 91 100
20 89 100
20 88 100
20 87 100
20 86 100
20 85 100
20 84 100
20 83 100
20 82 100
20 81 100
21 80 100
22 80 100
23 80 100
24 80 100
25 80 100
26 80 100
27 80 100
28 80 100
29 80 100
31 80 100
32 80 100
33 80 100
34 80 100
35 80 100
36 80 100
37 80 100
38 80 100
39 80 100
41 80 100
42 80 100
43 80 100
44 80 100
45 80 100
46 80 100
47 80 100
48 80 100
49 80 100
51 80 100
52 80 100
53 80 100
54 80 100
55 80 100
56 80 100
57 80 100
58 80 100
59 80 100
61 80 100
62 80 100
63 80 100
64 80 100
65 80 100
66 80 100
67 80 100
68 80 100
69 80 100
71 80 100
72 80 100
73 80 100
74 80 100
75 80 100
76 80 100
77 80 100
78 80 100
79 80 100
81 80 100
82 80 100
83 80 100
84 80 100
85 80 100
86 80 100
87 80 100
88 80 100
89 80 100
91 80 100
91 79 100
92 79 100
92 78 100
93 78 100
93 77 100
94 77 100
95 77 100
96 77 100
97 77 100
97 78 100
98 78 100
98 79 100
99 79 100
99 80 100
101 80 100
102 80 100
103 80 100
104 80 100
105 80 100
106 80 100
107 80 100
108 80 100
109 80 100
111 80 100
112 80 100
113 80 100
114 80 100
115 80 100
116 80 100
117 80 100
118 80 100
118 80 100
119 80 100
119 80 100
121 80 100
122 80 100
123 80 100
124 80 100
125 80 100
126 80 100
127 80 100
128 80 100
128 80 100
129 80 100
129 80 100
130 81 100
130 81 100
130 82 100
130 82 100
130 83 100
130 83 100
130 83 100
130 84 100
130 84 100
130 84 100
130 85 100
130 85 100
130 85 100
130 85 100
130 86 100
130 86 100
130 86 100
130 86 100
130 87 100
130 87 100
130 87 100
130 87 100
130 88 100
130 88 100
130 88 100
130 89 100
130 89 100
130 89 100
131 90 100
131 90 100
132 90 100
132 90 100
133 90 100
133 90 100
134 90 100
134 90 100
135 90 100
135 90 100
136 90 100
136 90 100
137 90 100
137 90 100
138 90 100
139 90 100
140 91 100
140 92 100
140 93 100
140 94 100
140 95 100
140 96 100
140 97 100
140 98 100
140 99 100
141 100 100
141 101 100
142 101 100
142 102 100
143 102 100
143 103 100
144 103 100
145 103 100
146 103 100
138 40 100
137 40 100
136 40 100
135 40 100
134 40 100
133 40 100
132 40 100
131 40 100
130 41 100
130 42 100
130 43 100
130 44 100
130 45 100
130 46 100
130 47 100
130 48 100
130 49 100
130 51 100
130 52 100
130 53 100
130 54 100
130 55 100
130 56 100
130 57 100
130 58 100
130 59 100
130 61 100
130 62 100
130 63 100
130 64 100
130 65 100
130 66 100
130 67 100
130 68 100
130 69 100
130 71 100
130 72 100
130 73 100
130 74 100
130 75 100
130 76 100
130 77 100
130 78 100
130 79 100
50 61 100
50 62 100
50 63 100
50 64 100
50 65 100
50 66 100
50 67 100
50 68 100
50 69 100
50 71 100
50 72 100
50 73 100
50 74 100
50 75 100
50 76 100
50 77 100
50 78 100
50 79 100
94 165 100
95 165 100
95 166 100
96 166 100
96 167 100
97 167 100
97 168 100
98 168 100
98 169 100
99 169 100
99 170 100
101 170 100
102 170 100
103 170 100
104 170 100
105 170 100
106 170 100
107 170 100
108 170 100
109 170 100
110 171 100
110 172 100
110 173 100
110 174 100
110 175 100
110 176 100
110 177 100
110 178 100
110 179 100
110 181 100
110 182 100
110 183 100
110 184 100
110 185 100
110 186 100
110 187 100
110 188 100
110 189 100
109 190 100
109 191 100
108 191 100
108 192 100
107 192 100
107 193 100
107 194 100
107 195 100
107 196 100
107 197 100
107 198 100
107 199 100
174 121 100
173 121 100
173 120 100
172 120 100
171 120 100
169 120 100
168 120 100
167 120 100
166 120 100
165 120 100
164 120 100
163 120 100
162 120 100
161 120 100
160 119 100
160 118 100
160 117 100
160 116 100
160 115 100
160 114 100
160 113 100
160 112 100
160 111 100
160 109 100
160 108 100
160 107 100
160 106 100
160 105 100
160 104 100
160 104 100
160 103 100
160 103 100
160 102 100
160 102 100
160 101 100
160 101 100
159 100 100
159 100 100
158 100 100
158 100 100
157 100 100
156 100 100
155 100 100
154 100 100
153 100 100
152 100 100
151 100 100
149 100 100
149 101 100
148 101 100
148 102 100
147 102 100
147 103 100
160 139 100
160 138 100
160 137 100
160 136 100
160 135 100
160 134 100
160 133 100
160 132 100
160 131 100
160 129 100
160 128 100
160 127 100
160 126 100
160 125 100
160 124 100
160 123 100
160 122 100
160 121 100
178 15 100
179 15 100
179 14 100
180 14 100
180 13 100
180 12 100
180 11 100
180 9 100
180 8 100
180 7 100
180 6 100
180 5 100
180 4 100
180 3 100
180 2 100
180 1 100
179 0 100
178 0 100
177 0 100
176 0 100
175 0 100
174 0 100
173 0 100
173 0 100
172 0 100
172 0 100
171 0 100
171 0 100
169 0 100
169 0 100
168 0 100
168 0 100
167 0 100
167 0 100
166 0 100
166 0 100
165 0 100
165 0 100
164 0 100
164 0 100
163 0 100
163 0 100
162 0 100
162 0 100
161 0 100
161 0 100
159 0 100
159 0 100
158 0 100
158 0 100
157 0 100
157 0 100
156 0 100
155 0 100
154 0 100
153 0 100
152 0 100
151 0 100
149 0 100
148 0 100
147 0 100
146 0 100
145 0 100
144 0 100
143 0 100
142 0 100
141 0 100
139 0 100
138 0 100
137 0 100
136 0 100
135 0 100
134 0 100
133 0 100
132 0 100
131 0 100
129 0 100
128 0 100
127 0 100
126 0 100
125 0 100
124 0 100
123 0 100
122 0 100
121 0 100
121 0 100
120 0 100
119 0 100
119 0 100
118 0 100
118 0 100
117 0 100
117 0 100
116 0 100
115 0 100
114 0 100
113 0 100
112 0 100
111 0 100
109 0 100
108 0 100
107 0 100
106 0 100
105 0 100
104 0 100
103 0 100
102 0 100
101 0 100
100 1 100
100 2 100
100 3 100
100 4 100
100 5 100
100 6 100
100 7 100
100 8 100
100 9 100
100 11 100
100 12 100
100 13 100
100 14 100
100 15 100
100 16 100
100 17 100
100 18 100
100 19 100
100 21 100
100 22 100
100 23 100
100 24 100
100 25 100
100 26 100
100 27 100
100 28 100
100 29 100
101 30 100
102 30 100
103 30 100
104 30 100
105 30 100
106 30 100
107 30 100
108 30 100
109 30 100
111 30 100
111 30 100
112 30 100
112 30 100
113 30 100
113 30 100
114 30 100
114 30 100
114 30 100
115 30 100
115 30 100
115 30 100
116 30 100
116 30 100
116 30 100
117 30 100
117 30 100
118 30 100
118 30 100
119 30 100
119 30 100
120 31 100
120 32 100
120 33 100
120 34 100
120 35 100
120 36 100
120 37 100
120 38 100
120 39 100
121 40 100
122 40 100
123 40 100
124 40 100
125 40 100
126 40 100
127 40 100
128 40 100
129 40 100
