# score 307216
80 150 100
90 150 100
100 150 100
110 150 100
120 150 100
130 150 100
140 150 100
150 150 100
160 150 100
80 160 100
90 160 100
100 160 100
110 160 100
120 160 100
130 160 100
140 160 100
150 160 100
160 160 100
80 170 100
90 170 100
100 170 100
110 170 100
120 170 100
130 170 100
140 170 100
150 170 100
160 170 100
80 180 100
90 180 100
100 180 100
110 180 100
120 180 100
130 180 100
140 180 100
150 180 100
160 180 100
80 190 100
90 190 100
100 190 100
110 190 100
120 190 100
130 190 100
140 190 100
150 190 100
160 190 100
0 150 100
10 150 100
20 150 100
30 150 100
40 150 100
50 150 100
0 160 100
10 160 100
20 160 100
30 160 100
40 160 100
50 160 100
0 170 100
10 170 100
20 170 100
30 170 100
40 170 100
50 170 100
0 180 100
10 180 100
20 180 100
30 180 100
40 180 100
50 180 100
0 190 100
10 190 100
20 190 100
30 190 100
40 190 100
50 190 100
130 0 100
140 0 100
150 0 100
160 0 100
170 0 100
180 0 100
190 0 100
130 10 100
140 10 100
150 10 100
160 10 100
170 10 100
180 10 100
190 10 100
130 20 100
140 20 100
150 20 100
160 20 100
170 20 100
180 20 100
190 20 100
130 30 100
140 30 100
150 30 100
160 30 100
170 30 100
180 30 100
190 30 100
130 40 100
140 40 100
150 40 100
160 40 100
170 40 100
180 40 100
190 40 100
130 50 100
140 50 100
150 50 100
160 50 100
170 50 100
180 50 100
190 50 100
0 0 100
10 0 100
20 0 100
30 0 100
40 0 100
50 0 100
0 10 100
10 10 100
20 10 100
30 10 100
40 10 100
50 10 100
0 20 100
10 20 100
20 20 100
30 20 100
40 20 100
50 20 100
0 30 100
10 30 100
20 30 100
30 30 100
40 30 100
50 30 100
0 40 100
10 40 100
20 40 100
30 40 100
40 40 100
50 40 100
140 130 100
150 130 100
160 130 100
170 130 100
180 130 100
190 130 100
140 140 100
150 140 100
160 140 100
170 140 100
180 140 100
190 140 100
140 150 100
150 150 100
160 150 100
170 150 100
180 150 100
190 150 100
140 160 100
150 160 100
160 160 100
170 160 100
180 160 100
190 160 100
140 170 100
150 170 100
170 170 100
180 170 100
190 170 100
140 180 100
170 180 100
180 180 100
190 180 100
140 190 100
150 190 100
160 190 100
170 190 100
180 190 100
190 190 100
50 0 100
60 0 100
70 0 100
80 0 100
90 0 100
100 0 100
110 0 100
120 0 100
130 0 100
50 10 100
60 10 100
70 10 100
80 10 100
90 10 100
100 10 100
110 10 100
120 10 100
130 10 100
50 20 100
60 20 100
70 20 100
80 20 100
90 20 100
100 20 100
110 20 100
120 20 100
130 20 100
50 30 100
60 30 100
70 30 100
80 30 100
90 30 100
100 30 100
110 30 100
120 30 100
130 30 100
50 40 100
60 40 100
70 40 100
80 40 100
90 40 100
100 40 100
110 40 100
120 40 100
130 40 100
110 10 100
120 10 100
130 10 100
140 10 100
150 10 100
160 10 100
170 10 100
120 20 100
130 20 100
140 20 100
150 20 100
160 20 100
170 20 100
180 20 100
110 30 100
120 30 100
130 30 100
140 30 100
150 30 100
160 30 100
170 30 100
180 30 100
100 40 100
110 40 100
120 40 100
130 40 100
140 40 100
170 40 100
180 40 100
100 50 100
110 50 100
120 50 100
130 50 100
160 50 100
170 50 100
180 50 100
100 60 100
110 60 100
120 60 100
130 60 100
140 60 100
150 60 100
160 60 100
170 60 100
180 60 100
100 70 100
110 70 100
120 70 100
130 70 100
140 70 100
150 70 100
160 70 100
170 70 100
180 70 100
100 80 100
110 80 100
120 80 100
130 80 100
140 80 100
150 80 100
160 80 100
170 80 100
180 80 100
100 90 100
110 90 100
120 90 100
130 90 100
140 90 100
150 90 100
160 90 100
170 90 100
180 90 100
0 60 100
10 60 100
20 60 100
30 60 100
40 60 100
50 60 100
0 70 100
10 70 100
20 70 100
30 70 100
40 70 100
50 70 100
0 80 100
10 80 100
20 80 100
30 80 100
40 80 100
50 80 100
0 90 100
10 90 100
20 90 100
30 90 100
40 90 100
50 90 100
0 100 100
10 100 100
20 100 100
30 100 100
40 100 100
50 100 100
0 110 100
10 110 100
20 110 100
30 110 100
40 110 100
50 110 100
0 120 100
10 120 100
20 120 100
30 120 100
40 120 100
50 120 100
0 130 100
10 130 100
20 130 100
30 130 100
40 130 100
50 130 100
0 140 100
10 140 100
20 140 100
30 140 100
40 140 100
50 140 100
20 0 100
30 0 100
40 0 100
50 0 100
60 0 100
70 0 100
80 0 100
20 10 100
30 10 100
40 10 100
50 10 100
60 10 100
70 10 100
80 10 100
10 20 100
20 20 100
30 20 100
40 20 100
50 20 100
60 20 100
70 20 100
80 20 100
10 30 100
20 30 100
30 30 100
40 30 100
50 30 100
60 30 100
70 30 100
80 30 100
10 40 100
20 40 100
30 40 100
40 40 100
60 40 100
70 40 100
80 40 100
90 40 100
0 120 100
10 120 100
20 120 100
30 120 100
60 120 100
70 120 100
10 130 100
20 130 100
30 130 100
40 130 100
60 130 100
70 130 100
0 140 100
10 140 100
20 140 100
30 140 100
40 140 100
50 140 100
60 140 100
70 140 100
0 150 100
10 150 100
20 150 100
30 150 100
40 150 100
50 150 100
60 150 100
70 150 100
0 160 100
10 160 100
20 160 100
40 160 100
50 160 100
60 160 100
70 160 100
0 170 100
10 170 100
40 170 100
50 170 100
60 170 100
70 170 100
0 180 100
30 180 100
40 180 100
50 180 100
60 180 100
70 180 100
30 190 100
40 190 100
50 190 100
60 190 100
70 190 100
12 6 100
11 6 100
11 5 100
10 5 100
10 4 100
10 3 100
10 2 100
10 1 100
11 0 100
12 0 100
13 0 100
14 0 100
15 0 100
16 0 100
17 0 100
18 0 100
18 0 100
19 0 100
19 0 100
20 0 100
21 0 100
21 0 100
21 0 100
21 0 100
22 0 100
22 0 100
22 0 100
22 0 100
22 0 100
23 0 100
23 0 100
23 0 100
23 0 100
23 0 100
23 0 100
23 0 100
24 0 100
24 0 100
24 0 100
24 0 100
24 0 100
24 0 100
24 0 100
24 0 100
24 0 100
24 0 100
25 0 100
25 0 100
25 0 100
25 0 100
25 0 100
25 0 100
25 0 100
25 0 100
25 0 100
25 0 100
25 0 100
25 0 100
25 0 100
26 0 100
26 0 100
26 0 100
26 0 100
26 0 100
26 0 100
26 0 100
26 0 100
26 0 100
26 0 100
26 0 100
26 0 100
26 0 100
26 0 100
26 0 100
26 0 100
26 0 100
27 0 100
27 0 100
27 0 100
27 0 100
27 0 100
27 0 100
27 0 100
27 0 100
27 0 100
27 0 100
27 0 100
27 0 100
27 0 100
27 0 100
27 0 100
27 0 100
27 0 100
27 0 100
27 0 100
27 0 100
28 0 100
28 0 100
28 0 100
28 0 100
28 0 100
28 0 100
28 0 100
28 0 100
28 0 100
28 0 100
28 0 100
28 0 100
28 0 100
28 0 100
28 0 100
28 0 100
28 0 100
28 0 100
28 0 100
28 0 100
28 0 100
28 0 100
28 0 100
29 0 100
29 0 100
29 0 100
29 0 100
29 0 100
29 0 100
29 0 100
29 0 100
29 0 100
29 0 100
29 0 100
29 0 100
29 0 100
29 0 100
29 0 100
29 0 100
29 0 100
29 0 100
29 0 100
29 0 100
29 0 100
29 0 100
29 0 100
29 0 100
29 0 100
29 0 100
30 0 100
30 0 100
30 0 100
30 0 100
30 0 100
30 0 100
30 0 100
30 0 100
30 0 100
30 0 100
30 0 100
30 0 100
30 0 100
30 0 100
30 0 100
30 0 100
30 0 100
30 0 100
30 0 100
30 0 100
30 0 100
30 0 100
30 0 100
30 0 100
30 0 100
30 0 100
31 0 100
31 0 100
31 0 100
31 0 100
31 0 100
31 0 100
31 0 100
31 0 100
31 0 100
31 0 100
31 0 100
31 0 100
31 0 100
31 0 100
31 0 100
31 0 100
31 0 100
31 0 100
31 0 100
31 0 100
31 0 100
31 0 100
31 0 100
31 0 100
31 0 100
31 0 100
31 0 100
31 0 100
31 0 100
31 0 100
32 0 100
32 0 100
32 0 100
32 0 100
32 0 100
32 0 100
32 0 100
32 0 100
32 0 100
32 0 100
32 0 100
32 0 100
32 0 100
32 0 100
32 0 100
32 0 100
32 0 100
32 0 100
32 0 100
32 0 100
32 0 100
32 0 100
32 0 100
32 0 100
32 0 100
32 0 100
32 0 100
32 0 100
32 0 100
32 0 100
32 0 100
33 0 100
33 0 100
33 0 100
33 0 100
33 0 100
33 0 100
33 0 100
33 0 100
33 0 100
33 0 100
33 0 100
33 0 100
33 0 100
33 0 100
33 0 100
33 0 100
33 0 100
33 0 100
33 0 100
33 0 100
33 0 100
33 0 100
33 0 100
33 0 100
33 0 100
33 0 100
33 0 100
33 0 100
33 0 100
33 0 100
33 0 100
33 0 100
34 0 100
34 0 100
34 0 100
34 0 100
34 0 100
34 0 100
34 0 100
34 0 100
34 0 100
34 0 100
34 0 100
34 0 100
34 0 100
34 0 100
34 0 100
34 0 100
34 0 100
34 0 100
34 0 100
34 0 100
34 0 100
34 0 100
34 0 100
34 0 100
34 0 100
34 0 100
34 0 100
34 0 100
34 0 100
34 0 100
34 0 100
34 0 100
34 0 100
35 0 100
35 0 100
35 0 100
35 0 100
35 0 100
35 0 100
35 0 100
35 0 100
35 0 100
35 0 100
35 0 100
35 0 100
35 0 100
35 0 100
35 0 100
35 0 100
35 0 100
35 0 100
35 0 100
35 0 100
35 0 100
35 0 100
35 0 100
35 0 100
35 0 100
35 0 100
35 0 100
35 0 100
35 0 100
35 0 100
35 0 100
35 0 100
35 0 100
36 0 100
36 0 100
36 0 100
36 0 100
36 0 100
36 0 100
36 0 100
36 0 100
36 0 100
36 0 100
36 0 100
36 0 100
36 0 100
36 0 100
36 0 100
36 0 100
36 0 100
36 0 100
36 0 100
36 0 100
36 0 100
36 0 100
36 0 100
36 0 100
36 0 100
36 0 100
36 0 100
36 0 100
36 0 100
36 0 100
36 0 100
36 0 100
37 0 100
37 0 100
37 0 100
37 0 100
37 0 100
37 0 100
37 0 100
37 0 100
37 0 100
37 0 100
37 0 100
37 0 100
37 0 100
37 0 100
37 0 100
37 0 100
37 0 100
37 0 100
37 0 100
37 0 100
37 0 100
37 0 100
37 0 100
37 0 100
37 0 100
37 0 100
37 0 100
37 0 100
37 0 100
37 0 100
37 0 100
38 0 100
38 0 100
38 0 100
38 0 100
38 0 100
38 0 100
38 0 100
38 0 100
38 0 100
38 0 100
38 0 100
38 0 100
38 0 100
38 0 100
38 0 100
38 0 100
38 0 100
38 0 100
38 0 100
38 0 100
38 0 100
38 0 100
38 0 100
38 0 100
38 0 100
38 0 100
38 0 100
38 0 100
38 0 100
39 0 100
39 0 100
39 0 100
39 0 100
39 0 100
39 0 100
39 0 100
39 0 100
39 0 100
39 0 100
39 0 100
39 0 100
39 0 100
39 0 100
39 0 100
39 0 100
39 0 100
39 0 100
39 0 100
39 0 100
39 0 100
39 0 100
39 0 100
39 0 100
39 0 100
39 0 100
39 0 100
40 0 100
40 0 100
40 0 100
40 0 100
40 0 100
40 0 100
40 0 100
40 0 100
40 0 100
40 0 100
40 0 100
40 0 100
40 0 100
40 0 100
40 0 100
40 0 100
40 0 100
40 0 100
40 0 100
40 0 100
40 0 100
40 0 100
40 0 100
41 0 100
41 0 100
41 0 100
41 0 100
41 0 100
41 0 100
41 0 100
41 0 100
41 0 100
41 0 100
41 0 100
41 0 100
41 0 100
41 0 100
41 0 100
41 0 100
41 0 100
41 0 100
41 0 100
41 0 100
41 0 100
41 0 100
41 0 100
42 0 100
42 0 100
42 0 100
42 0 100
42 0 100
42 0 100
42 0 100
42 0 100
42 0 100
42 0 100
42 0 100
42 0 100
42 0 100
42 0 100
42 0 100
42 0 100
42 0 100
42 0 100
42 0 100
42 0 100
43 0 100
43 0 100
43 0 100
43 0 100
43 0 100
43 0 100
43 0 100
43 0 100
43 0 100
43 0 100
43 0 100
43 0 100
43 0 100
43 0 100
43 0 100
43 0 100
43 0 100
44 0 100
44 0 100
44 0 100
44 0 100
44 0 100
44 0 100
44 0 100
44 0 100
44 0 100
44 0 100
44 0 100
44 0 100
44 0 100
44 0 100
44 0 100
45 0 100
45 0 100
45 0 100
45 0 100
45 0 100
45 0 100
45 0 100
45 0 100
45 0 100
45 0 100
45 0 100
45 0 100
45 0 100
46 0 100
46 0 100
46 0 100
46 0 100
46 0 100
46 0 100
46 0 100
46 0 100
46 0 100
46 0 100
46 0 100
47 0 100
47 0 100
47 0 100
47 0 100
47 0 100
47 0 100
47 0 100
47 0 100
47 0 100
47 0 100
48 0 100
48 0 100
48 0 100
48 0 100
48 0 100
48 0 100
48 0 100
48 0 100
48 0 100
49 0 100
49 0 100
49 0 100
49 0 100
49 0 100
49 0 100
49 0 100
49 0 100
50 0 100
50 0 100
50 0 100
50 0 100
50 0 100
51 0 100
51 0 100
51 0 100
51 0 100
51 0 100
51 0 100
51 0 100
52 0 100
52 0 100
52 0 100
52 0 100
52 0 100
52 0 100
52 0 100
53 0 100
53 0 100
53 0 100
53 0 100
53 0 100
53 0 100
53 0 100
54 0 100
54 0 100
54 0 100
54 0 100
54 0 100
54 0 100
54 0 100
55 0 100
55 0 100
55 0 100
55 0 100
55 0 100
55 0 100
55 0 100
56 0 100
56 0 100
56 0 100
56 0 100
56 0 100
56 0 100
56 0 100
57 0 100
57 0 100
57 0 100
57 0 100
57 0 100
57 0 100
57 0 100
57 0 100
58 0 100
58 0 100
58 0 100
58 0 100
58 0 100
58 0 100
58 0 100
58 0 100
58 0 100
59 0 100
59 0 100
59 0 100
59 0 100
59 0 100
59 0 100
59 0 100
59 0 100
59 0 100
59 0 100
60 0 100
60 0 100
60 0 100
60 0 100
60 0 100
60 0 100
60 0 100
60 0 100
60 0 100
61 0 100
61 0 100
61 0 100
61 0 100
61 0 100
61 0 100
61 0 100
61 0 100
61 0 100
61 0 100
61 0 100
61 0 100
61 0 100
62 0 100
62 0 100
62 0 100
62 0 100
62 0 100
62 0 100
62 0 100
62 0 100
62 0 100
62 0 100
62 0 100
62 0 100
62 0 100
62 0 100
62 0 100
63 0 100
63 0 100
63 0 100
63 0 100
63 0 100
63 0 100
63 0 100
63 0 100
63 0 100
63 0 100
63 0 100
63 0 100
63 0 100
63 0 100
63 0 100
63 0 100
63 0 100
64 0 100
64 0 100
64 0 100
64 0 100
64 0 100
64 0 100
64 0 100
64 0 100
64 0 100
64 0 100
64 0 100
64 0 100
64 0 100
64 0 100
64 0 100
64 0 100
64 0 100
64 0 100
64 0 100
65 0 100
65 0 100
65 0 100
65 0 100
65 0 100
65 0 100
65 0 100
65 0 100
65 0 100
65 0 100
65 0 100
65 0 100
65 0 100
65 0 100
65 0 100
65 0 100
65 0 100
65 0 100
65 0 100
65 0 100
65 0 100
66 0 100
66 0 100
66 0 100
66 0 100
66 0 100
66 0 100
66 0 100
66 0 100
66 0 100
66 0 100
66 0 100
66 0 100
66 0 100
66 0 100
66 0 100
66 0 100
66 0 100
66 0 100
66 0 100
66 0 100
66 0 100
66 0 100
67 0 100
67 0 100
67 0 100
67 0 100
67 0 100
67 0 100
67 0 100
67 0 100
67 0 100
67 0 100
67 0 100
67 0 100
67 0 100
67 0 100
67 0 100
67 0 100
67 0 100
67 0 100
67 0 100
67 0 100
67 0 100
67 0 100
67 0 100
67 0 100
68 0 100
68 0 100
68 0 100
68 0 100
68 0 100
68 0 100
68 0 100
68 0 100
68 0 100
68 0 100
68 0 100
68 0 100
68 0 100
68 0 100
68 0 100
68 0 100
68 0 100
68 0 100
68 0 100
68 0 100
68 0 100
68 0 100
68 0 100
68 0 100
69 0 100
69 0 100
69 0 100
69 0 100
69 0 100
69 0 100
69 0 100
69 0 100
69 0 100
69 0 100
69 0 100
69 0 100
69 0 100
69 0 100
69 0 100
69 0 100
69 0 100
69 0 100
69 0 100
69 0 100
69 0 100
69 0 100
69 0 100
69 0 100
69 0 100
70 0 100
70 0 100
70 0 100
70 0 100
70 0 100
70 0 100
70 0 100
70 0 100
70 0 100
70 0 100
70 0 100
70 0 100
70 0 100
70 0 100
70 0 100
70 0 100
70 0 100
70 0 100
70 0 100
70 0 100
70 0 100
70 0 100
71 0 100
71 0 100
71 0 100
71 0 100
71 0 100
71 0 100
71 0 100
71 0 100
71 0 100
71 0 100
71 0 100
71 0 100
71 0 100
71 0 100
71 0 100
71 0 100
71 0 100
71 0 100
71 0 100
71 0 100
71 0 100
71 0 100
71 0 100
72 0 100
72 0 100
72 0 100
72 0 100
72 0 100
72 0 100
72 0 100
72 0 100
72 0 100
72 0 100
72 0 100
72 0 100
72 0 100
72 0 100
72 0 100
72 0 100
72 0 100
72 0 100
72 0 100
72 0 100
72 0 100
72 0 100
73 0 100
73 0 100
73 0 100
73 0 100
73 0 100
73 0 100
73 0 100
73 0 100
73 0 100
73 0 100
73 0 100
73 0 100
73 0 100
73 0 100
73 0 100
73 0 100
73 0 100
73 0 100
73 0 100
73 0 100
74 0 100
74 0 100
74 0 100
74 0 100
74 0 100
74 0 100
74 0 100
74 0 100
74 0 100
74 0 100
74 0 100
74 0 100
74 0 100
74 0 100
74 0 100
74 0 100
74 0 100
74 0 100
75 0 100
75 0 100
75 0 100
75 0 100
75 0 100
75 0 100
75 0 100
75 0 100
75 0 100
75 0 100
75 0 100
75 0 100
75 0 100
75 0 100
75 0 100
75 0 100
76 0 100
76 0 100
76 0 100
76 0 100
76 0 100
76 0 100
76 0 100
76 0 100
76 0 100
76 0 100
76 0 100
76 0 100
76 0 100
76 0 100
76 0 100
77 0 100
77 0 100
77 0 100
77 0 100
77 0 100
77 0 100
77 0 100
77 0 100
77 0 100
77 0 100
77 0 100
77 0 100
77 0 100
78 0 100
78 0 100
78 0 100
78 0 100
78 0 100
78 0 100
78 0 100
78 0 100
78 0 100
78 0 100
78 0 100
78 0 100
79 0 100
79 0 100
79 0 100
79 0 100
79 0 100
79 0 100
79 0 100
79 0 100
79 0 100
79 0 100
79 0 100
80 0 100
80 0 100
80 0 100
80 0 100
80 0 100
80 0 100
80 0 100
80 0 100
81 0 100
81 0 100
81 0 100
81 0 100
81 0 100
81 0 100
81 0 100
81 0 100
81 0 100
82 0 100
82 0 100
82 0 100
82 0 100
82 0 100
82 0 100
82 0 100
82 0 100
83 0 100
83 0 100
83 0 100
83 0 100
83 0 100
83 0 100
83 0 100
84 0 100
84 0 100
84 0 100
84 0 100
84 0 100
84 0 100
85 0 100
85 0 100
85 0 100
85 0 100
85 0 100
86 0 100
86 0 100
86 0 100
86 0 100
87 0 100
87 0 100
87 0 100
88 0 100
88 0 100
89 0 100
89 0 100
91 0 100
91 1 100
91 2 100
91 3 100
91 4 100
91 5 100
91 6 100
90 6 100
90 7 100
90 8 100
90 9 100
90 11 100
90 12 100
90 13 100
90 14 100
90 15 100
90 16 100
90 17 100
90 18 100
90 19 100
90 21 100
90 22 100
90 23 100
90 24 100
90 25 100
90 26 100
90 27 100
90 28 100
90 29 100
91 30 100
92 30 100
93 30 100
94 30 100
95 30 100
96 30 100
97 30 100
98 30 100
99 30 100
100 31 100
100 32 100
100 33 100
100 34 100
100 35 100
100 35 100
100 36 100
100 36 100
100 37 100
100 37 100
100 37 100
100 38 100
100 38 100
100 38 100
100 38 100
100 39 100
100 39 100
100 39 100
100 39 100
100 40 100
100 40 100
100 40 100
100 41 100
100 41 100
100 41 100
100 41 100
100 41 100
100 41 100
100 42 100
100 42 100
100 42 100
100 42 100
100 42 100
100 42 100
100 43 100
100 43 100
100 43 100
100 43 100
100 43 100
100 43 100
100 43 100
100 44 100
100 44 100
100 44 100
100 44 100
100 44 100
100 44 100
100 44 100
100 45 100
100 45 100
100 45 100
100 45 100
100 45 100
100 45 100
100 45 100
100 46 100
100 46 100
100 46 100
100 46 100
100 46 100
100 46 100
100 46 100
100 47 100
100 47 100
100 47 100
100 47 100
100 47 100
100 47 100
100 48 100
100 48 100
100 48 100
100 48 100
100 48 100
100 48 100
100 49 100
100 49 100
100 49 100
100 49 100
100 49 100
100 50 100
100 50 100
100 50 100
100 51 100
100 51 100
100 51 100
100 52 100
100 52 100
100 53 100
100 53 100
100 54 100
100 55 100
100 56 100
100 57 100
100 58 100
100 59 100
100 61 100
100 62 100
100 63 100
100 64 100
100 65 100
100 66 100
100 67 100
100 68 100
100 69 100
101 70 100
102 70 100
103 70 100
104 70 100
105 70 100
106 70 100
107 70 100
108 70 100
109 70 100
110 71 100
110 72 100
110 73 100
110 74 100
110 75 100
110 76 100
110 77 100
110 78 100
110 79 100
111 80 100
112 80 100
113 80 100
114 80 100
115 80 100
116 80 100
117 80 100
118 80 100
119 80 100
121 80 100
122 80 100
123 80 100
124 80 100
125 80 100
126 80 100
127 80 100
128 80 100
129 80 100
131 80 100
131 79 100
132 79 100
132 78 100
133 78 100
133 77 100
134 77 100
134 76 100
135 76 100
135 75 100
135 75 100
136 75 100
136 75 100
136 74 100
136 74 100
137 74 100
137 74 100
137 74 100
137 73 100
137 73 100
137 73 100
138 73 100
138 73 100
138 73 100
138 72 100
138 72 100
138 72 100
139 72 100
139 72 100
139 72 100
139 72 100
139 71 100
139 71 100
139 71 100
139 71 100
140 71 100
140 71 100
140 71 100
140 71 100
140 70 100
140 70 100
140 70 100
141 70 100
141 70 100
141 70 100
141 70 100
141 70 100
141 69 100
141 69 100
141 69 100
141 69 100
142 69 100
142 69 100
142 69 100
142 69 100
142 69 100
142 68 100
142 68 100
142 68 100
142 68 100
142 68 100
143 68 100
143 68 100
143 68 100
143 68 100
143 68 100
143 67 100
143 67 100
143 67 100
143 67 100
143 67 100
144 67 100
144 67 100
144 67 100
144 67 100
144 67 100
144 66 100
144 66 100
144 66 100
144 66 100
144 66 100
145 66 100
145 66 100
145 66 100
145 66 100
145 66 100
145 65 100
145 65 100
145 65 100
145 65 100
145 65 100
145 64 100
145 64 100
145 64 100
145 64 100
145 63 100
145 63 100
145 63 100
145 63 100
145 62 100
145 62 100
145 62 100
145 61 100
145 61 100
145 61 100
145 60 100
145 60 100
145 59 100
145 59 100
145 58 100
145 58 100
146 58 100
146 58 100
146 57 100
147 57 100
147 57 100
147 56 100
148 56 100
148 56 100
148 55 100
149 55 100
149 54 100
150 54 100
150 53 100
150 52 100
150 51 100
150 49 100
150 48 100
150 47 100
150 46 100
150 45 100
150 44 100
150 43 100
150 42 100
150 41 100
151 40 100
152 40 100
153 40 100
154 40 100
155 40 100
156 40 100
157 40 100
158 40 100
159 40 100
161 40 100
161 39 100
162 39 100
162 39 100
162 38 100
162 38 100
163 38 100
163 38 100
163 38 100
163 37 100
163 37 100
163 37 100
164 37 100
164 37 100
164 37 100
164 37 100
164 36 100
164 36 100
164 36 100
165 36 100
165 36 100
165 36 100
165 36 100
165 35 100
165 35 100
165 35 100
165 35 100
166 35 100
166 35 100
166 35 100
166 35 100
166 35 100
166 34 100
166 34 100
166 34 100
166 34 100
166 34 100
167 34 100
167 34 100
167 34 100
167 34 100
167 34 100
167 34 100
167 33 100
167 33 100
167 33 100
167 33 100
167 33 100
168 33 100
168 33 100
168 33 100
168 33 100
168 33 100
168 33 100
168 32 100
168 32 100
168 32 100
168 32 100
168 32 100
169 32 100
169 32 100
169 32 100
169 32 100
169 32 100
169 32 100
169 31 100
169 31 100
169 31 100
169 31 100
169 31 100
169 31 100
170 31 100
170 31 100
170 31 100
170 31 100
170 31 100
170 31 100
170 31 100
170 30 100
170 30 100
170 30 100
170 30 100
171 30 100
171 30 100
171 30 100
171 30 100
171 30 100
171 30 100
171 30 100
171 30 100
171 29 100
171 29 100
171 29 100
171 29 100
171 29 100
171 29 100
171 29 100
172 29 100
172 29 100
172 29 100
172 29 100
172 29 100
172 29 100
172 29 100
172 29 100
172 29 100
172 28 100
172 28 100
172 28 100
172 28 100
172 28 100
172 28 100
172 28 100
172 28 100
172 28 100
173 28 100
173 28 100
173 28 100
173 28 100
173 28 100
173 28 100
173 28 100
173 28 100
173 28 100
173 28 100
173 27 100
173 27 100
173 27 100
173 27 100
173 27 100
173 27 100
173 27 100
173 27 100
173 27 100
173 27 100
174 27 100
174 27 100
174 27 100
174 27 100
174 27 100
174 27 100
174 27 100
174 27 100
174 27 100
174 27 100
174 27 100
174 26 100
174 26 100
174 26 100
174 26 100
174 26 100
174 26 100
174 26 100
174 26 100
174 26 100
174 26 100
174 26 100
175 26 100
175 26 100
175 26 100
175 26 100
175 26 100
175 26 100
175 26 100
175 26 100
175 26 100
175 26 100
175 26 100
175 26 100
175 25 100
175 25 100
175 25 100
175 25 100
175 25 100
175 25 100
175 25 100
175 25 100
175 25 100
175 25 100
175 25 100
176 25 100
176 25 100
176 25 100
176 25 100
176 25 100
176 25 100
176 25 100
176 25 100
176 25 100
176 25 100
176 25 100
176 24 100
176 24 100
176 24 100
176 24 100
176 24 100
176 24 100
176 24 100
176 24 100
176 24 100
176 24 100
176 24 100
177 24 100
177 24 100
177 24 100
177 24 100
177 24 100
177 24 100
177 24 100
177 24 100
177 24 100
177 24 100
177 23 100
177 23 100
177 23 100
177 23 100
177 23 100
177 23 100
177 23 100
177 23 100
177 23 100
178 23 100
178 23 100
178 23 100
178 23 100
178 23 100
178 23 100
178 23 100
178 23 100
178 22 100
178 22 100
178 22 100
178 22 100
178 22 100
178 22 100
178 22 100
179 22 100
179 22 100
179 22 100
179 22 100
179 22 100
179 22 100
179 21 100
179 21 100
179 21 100
179 21 100
179 20 100
179 20 100
179 20 100
179 19 100
179 19 100
179 19 100
179 18 100
179 18 100
179 17 100
179 17 100
179 16 100
179 15 100
185 178 100
185 178 100
184 178 100
184 178 100
184 179 100
184 179 100
183 179 100
183 179 100
183 180 100
183 180 100
182 180 100
182 180 100
181 180 100
179 180 100
178 180 100
177 180 100
176 180 100
175 180 100
174 180 100
173 180 100
172 180 100
171 180 100
169 180 100
168 180 100
167 180 100
166 180 100
165 180 100
164 180 100
163 180 100
162 180 100
161 180 100
159 180 100
158 180 100
157 180 100
156 180 100
155 180 100
154 180 100
153 180 100
152 180 100
151 180 100
149 180 100
148 180 100
147 180 100
147 180 100
146 180 100
146 180 100
145 180 100
145 180 100
144 180 100
144 180 100
144 180 100
143 180 100
143 180 100
143 180 100
142 180 100
142 180 100
142 180 100
141 180 100
141 180 100
141 180 100
140 180 100
139 180 100
139 180 100
139 180 100
138 180 100
138 180 100
138 180 100
137 180 100
137 180 100
137 180 100
136 180 100
136 180 100
136 180 100
135 180 100
135 180 100
135 180 100
134 180 100
134 180 100
134 180 100
133 180 100
133 180 100
132 180 100
132 180 100
131 180 100
131 180 100
130 181 100
130 182 100
130 183 100
130 184 100
130 185 100
130 186 100
130 187 100
130 188 100
130 189 100
129 190 100
128 190 100
127 190 100
126 190 100
125 190 100
124 190 100
123 190 100
122 190 100
121 190 100
121 191 100
121 192 100
18 105 100
19 105 100
19 106 100
20 106 100
20 107 100
20 108 100
20 109 100
21 110 100
22 110 100
23 110 100
24 110 100
25 110 100
26 110 100
27 110 100
28 110 100
29 110 100
30 111 100
30 112 100
30 113 100
30 114 100
30 115 100
30 116 100
30 117 100
30 118 100
30 119 100
30 119 100
30 121 100
30 121 100
30 122 100
30 122 100
30 122 100
30 123 100
30 123 100
30 123 100
30 123 100
30 124 100
30 124 100
30 124 100
30 124 100
30 124 100
30 125 100
30 125 100
30 125 100
30 125 100
30 125 100
30 125 100
30 125 100
30 126 100
30 126 100
30 126 100
30 126 100
30 126 100
30 126 100
30 126 100
30 126 100
30 127 100
30 127 100
30 127 100
30 127 100
30 127 100
30 127 100
30 127 100
30 127 100
30 127 100
30 127 100
30 128 100
30 128 100
30 128 100
30 128 100
30 128 100
30 128 100
30 128 100
30 128 100
30 128 100
30 128 100
30 128 100
30 128 100
30 129 100
30 129 100
30 129 100
30 129 100
30 129 100
30 129 100
30 129 100
30 129 100
30 129 100
30 129 100
30 129 100
30 129 100
30 129 100
30 129 100
30 130 100
30 130 100
30 130 100
30 130 100
30 130 100
30 130 100
30 130 100
30 130 100
30 130 100
30 130 100
30 130 100
30 130 100
30 130 100
30 130 100
30 131 100
30 131 100
30 131 100
30 131 100
30 131 100
30 131 100
30 131 100
30 131 100
30 131 100
30 131 100
30 131 100
30 131 100
30 131 100
30 131 100
30 131 100
30 131 100
30 131 100
30 131 100
30 132 100
30 132 100
30 132 100
30 132 100
30 132 100
30 132 100
30 132 100
30 132 100
30 132 100
30 132 100
30 132 100
30 132 100
30 132 100
30 132 100
30 132 100
30 132 100
30 132 100
30 132 100
30 132 100
30 133 100
30 133 100
30 133 100
30 133 100
30 133 100
30 133 100
30 133 100
30 133 100
30 133 100
30 133 100
30 133 100
30 133 100
30 133 100
30 133 100
30 133 100
30 133 100
30 133 100
30 133 100
30 133 100
30 133 100
30 134 100
30 134 100
30 134 100
30 134 100
30 134 100
30 134 100
30 134 100
30 134 100
30 134 100
30 134 100
30 134 100
30 134 100
30 134 100
30 134 100
30 134 100
30 134 100
30 134 100
30 134 100
30 134 100
30 134 100
30 134 100
30 134 100
30 135 100
30 135 100
30 135 100
30 135 100
30 135 100
30 135 100
30 135 100
30 135 100
30 135 100
30 135 100
30 135 100
30 135 100
30 135 100
30 135 100
30 135 100
30 135 100
30 135 100
30 135 100
30 135 100
30 135 100
30 135 100
30 135 100
30 135 100
30 135 100
30 136 100
30 136 100
30 136 100
30 136 100
30 136 100
30 136 100
30 136 100
30 136 100
30 136 100
30 136 100
30 136 100
30 136 100
30 136 100
30 136 100
30 136 100
30 136 100
30 136 100
30 136 100
30 136 100
30 136 100
30 136 100
30 136 100
30 136 100
30 136 100
30 136 100
30 136 100
30 137 100
30 137 100
30 137 100
30 137 100
30 137 100
30 137 100
30 137 100
30 137 100
30 137 100
30 137 100
30 137 100
30 137 100
30 137 100
30 137 100
30 137 100
30 137 100
30 137 100
30 137 100
30 137 100
30 137 100
30 137 100
30 137 100
30 137 100
30 137 100
30 137 100
30 137 100
30 137 100
30 137 100
30 137 100
30 138 100
30 138 100
30 138 100
30 138 100
30 138 100
30 138 100
30 138 100
30 138 100
30 138 100
30 138 100
30 138 100
30 138 100
30 138 100
30 138 100
30 138 100
30 138 100
30 138 100
30 138 100
30 138 100
30 138 100
30 138 100
30 138 100
30 138 100
30 138 100
30 138 100
30 138 100
30 138 100
30 138 100
30 138 100
30 138 100
30 138 100
30 139 100
30 139 100
30 139 100
30 139 100
30 139 100
30 139 100
30 139 100
30 139 100
30 139 100
30 139 100
30 139 100
30 139 100
30 139 100
30 139 100
30 139 100
30 139 100
30 139 100
30 139 100
30 139 100
30 139 100
30 139 100
30 139 100
30 139 100
30 139 100
30 139 100
30 139 100
30 139 100
30 139 100
30 139 100
30 139 100
30 139 100
30 139 100
30 139 100
30 139 100
30 140 100
30 140 100
30 140 100
30 140 100
30 140 100
30 140 100
30 140 100
30 140 100
30 140 100
30 140 100
30 140 100
30 140 100
30 140 100
30 140 100
30 140 100
30 140 100
30 140 100
30 140 100
30 140 100
30 140 100
30 140 100
30 140 100
30 140 100
30 140 100
30 140 100
30 140 100
30 140 100
30 140 100
30 140 100
30 140 100
30 140 100
30 140 100
30 140 100
30 141 100
30 141 100
30 141 100
30 141 100
30 141 100
30 141 100
30 141 100
30 141 100
30 141 100
30 141 100
30 141 100
30 141 100
30 141 100
30 141 100
30 141 100
30 141 100
30 141 100
30 141 100
30 141 100
30 141 100
30 141 100
30 141 100
30 141 100
30 141 100
30 141 100
30 141 100
30 141 100
30 141 100
30 141 100
30 141 100
30 141 100
30 141 100
30 141 100
30 141 100
30 141 100
30 141 100
30 141 100
30 142 100
30 142 100
30 142 100
30 142 100
30 142 100
30 142 100
30 142 100
30 142 100
30 142 100
30 142 100
30 142 100
30 142 100
30 142 100
30 142 100
30 142 100
30 142 100
30 142 100
30 142 100
30 142 100
30 142 100
30 142 100
30 142 100
30 142 100
30 142 100
30 142 100
30 142 100
30 142 100
30 142 100
30 142 100
30 142 100
30 142 100
30 142 100
30 142 100
30 142 100
30 142 100
30 142 100
30 142 100
30 143 100
30 143 100
30 143 100
30 143 100
30 143 100
30 143 100
30 143 100
30 143 100
30 143 100
30 143 100
30 143 100
30 143 100
30 143 100
30 143 100
30 143 100
30 143 100
30 143 100
30 143 100
30 143 100
30 143 100
30 143 100
30 143 100
30 143 100
30 143 100
30 143 100
30 143 100
30 143 100
30 143 100
30 143 100
30 143 100
30 143 100
30 143 100
30 143 100
30 143 100
30 143 100
30 143 100
30 143 100
30 144 100
30 144 100
30 144 100
30 144 100
30 144 100
30 144 100
30 144 100
30 144 100
30 144 100
30 144 100
30 144 100
30 144 100
30 144 100
30 144 100
30 144 100
30 144 100
30 144 100
30 144 100
30 144 100
30 144 100
30 144 100
30 144 100
30 144 100
30 144 100
30 144 100
30 144 100
30 144 100
30 144 100
30 144 100
30 144 100
30 144 100
30 144 100
30 144 100
30 144 100
30 144 100
30 144 100
30 145 100
30 145 100
30 145 100
30 145 100
30 145 100
30 145 100
30 145 100
30 145 100
30 145 100
30 145 100
30 145 100
30 145 100
30 145 100
30 145 100
30 145 100
30 145 100
30 145 100
30 145 100
30 145 100
30 145 100
30 145 100
30 145 100
30 145 100
30 145 100
30 145 100
30 145 100
30 145 100
30 145 100
30 145 100
30 145 100
30 145 100
30 145 100
30 145 100
30 145 100
30 146 100
30 146 100
30 146 100
30 146 100
30 146 100
30 146 100
30 146 100
30 146 100
30 146 100
30 146 100
30 146 100
30 146 100
30 146 100
30 146 100
30 146 100
30 146 100
30 146 100
30 146 100
30 146 100
30 146 100
30 146 100
30 146 100
30 146 100
30 146 100
30 146 100
30 146 100
30 146 100
30 146 100
30 146 100
30 146 100
30 146 100
30 147 100
30 147 100
30 147 100
30 147 100
30 147 100
30 147 100
30 147 100
30 147 100
30 147 100
30 147 100
30 147 100
30 147 100
30 147 100
30 147 100
30 147 100
30 147 100
30 147 100
30 147 100
30 147 100
30 147 100
30 147 100
30 147 100
30 147 100
30 147 100
30 147 100
30 147 100
30 147 100
30 148 100
30 148 100
30 148 100
30 148 100
30 148 100
30 148 100
30 148 100
30 148 100
30 148 100
30 148 100
30 148 100
30 148 100
30 148 100
30 148 100
30 148 100
30 148 100
30 148 100
30 148 100
30 148 100
30 148 100
30 148 100
30 148 100
30 148 100
30 149 100
30 149 100
30 149 100
30 149 100
30 149 100
30 149 100
30 149 100
30 149 100
30 149 100
30 149 100
30 149 100
30 149 100
30 149 100
30 149 100
30 149 100
30 149 100
30 149 100
30 149 100
30 149 100
30 150 100
30 150 100
30 150 100
30 150 100
30 150 100
30 150 100
30 150 100
30 150 100
30 150 100
30 150 100
30 150 100
30 150 100
30 151 100
30 151 100
30 151 100
30 151 100
30 151 100
30 151 100
30 151 100
30 151 100
30 151 100
30 151 100
30 151 100
30 152 100
30 152 100
30 152 100
30 152 100
30 152 100
30 152 100
30 152 100
30 152 100
30 153 100
30 153 100
30 153 100
30 153 100
30 153 100
30 154 100
30 154 100
30 154 100
30 154 100
30 155 100
30 155 100
30 155 100
30 156 100
30 156 100
30 157 100
30 157 100
30 158 100
30 159 100
30 161 100
30 162 100
30 163 100
30 164 100
30 165 100
30 166 100
30 167 100
30 168 100
30 169 100
29 170 100
28 170 100
27 170 100
26 170 100
25 170 100
24 170 100
23 170 100
22 170 100
21 170 100
20 171 100
20 172 100
20 173 100
20 174 100
20 175 100
20 176 100
20 177 100
20 178 100
20 179 100
20 181 100
20 182 100
20 183 100
20 184 100
20 185 100
20 186 100
20 187 100
20 188 100
20 189 100
19 190 100
19 191 100
18 191 100
18 192 100
17 192 100
17 193 100
16 193 100
16 194 100
