# score 165852
30 70 100
40 70 100
50 70 100
60 70 100
70 70 100
80 70 100
90 70 100
100 70 100
110 70 100
30 80 100
40 80 100
50 80 100
60 80 100
70 80 100
80 80 100
90 80 100
100 80 100
110 80 100
30 90 100
40 90 100
50 90 100
60 90 100
70 90 100
80 90 100
90 90 100
100 90 100
110 90 100
30 100 100
40 100 100
50 100 100
60 100 100
70 100 100
80 100 100
90 100 100
100 100 100
110 100 100
30 110 100
40 110 100
50 110 100
60 110 100
70 110 100
80 110 100
90 110 100
100 110 100
110 110 100
30 120 100
40 120 100
50 120 100
60 120 100
70 120 100
80 120 100
90 120 100
100 120 100
110 120 100
30 130 100
40 130 100
50 130 100
60 130 100
70 130 100
80 130 100
90 130 100
100 130 100
110 130 100
30 140 100
40 140 100
50 140 100
60 140 100
70 140 100
80 140 100
90 140 100
100 140 100
110 140 100
30 150 100
40 150 100
50 150 100
60 150 100
70 150 100
80 150 100
90 150 100
100 150 100
110 150 100
0 60 100
10 60 100
20 60 100
30 60 100
40 60 100
50 60 100
0 70 100
10 70 100
20 70 100
30 70 100
40 70 100
50 70 100
0 80 100
10 80 100
20 80 100
30 80 100
40 80 100
50 80 100
0 90 100
10 90 100
20 90 100
30 90 100
40 90 100
50 90 100
0 100 100
10 100 100
20 100 100
30 100 100
40 100 100
50 100 100
0 110 100
10 110 100
20 110 100
30 110 100
40 110 100
50 110 100
0 120 100
10 120 100
20 120 100
30 120 100
40 120 100
50 120 100
0 130 100
10 130 100
20 130 100
30 130 100
40 130 100
50 130 100
0 140 100
10 140 100
20 140 100
30 140 100
40 140 100
50 140 100
0 20 100
10 20 100
20 20 100
30 20 100
40 20 100
50 20 100
60 20 100
0 30 100
10 30 100
20 30 100
30 30 100
40 30 100
50 30 100
60 30 100
0 40 100
10 40 100
20 40 100
30 40 100
40 40 100
50 40 100
60 40 100
0 50 100
10 50 100
20 50 100
30 50 100
40 50 100
50 50 100
60 50 100
50 60 100
60 60 100
40 70 100
50 70 100
60 70 100
0 80 100
20 80 100
30 80 100
40 80 100
50 80 100
60 80 100
0 90 100
10 90 100
20 90 100
30 90 100
40 90 100
50 90 100
60 90 100
0 100 100
10 100 100
20 100 100
30 100 100
40 100 100
50 100 100
60 100 100
150 0 100
160 0 100
170 0 100
180 0 100
190 0 100
150 10 100
160 10 100
170 10 100
180 10 100
190 10 100
150 20 100
160 20 100
170 20 100
180 20 100
190 20 100
150 30 100
160 30 100
170 30 100
180 30 100
190 30 100
150 40 100
160 40 100
170 40 100
180 40 100
190 40 100
150 50 100
160 50 100
170 50 100
180 50 100
190 50 100
20 0 100
30 0 100
40 0 100
50 0 100
60 0 100
70 0 100
80 0 100
90 0 100
100 0 100
20 10 100
30 10 100
40 10 100
50 10 100
60 10 100
70 10 100
80 10 100
90 10 100
100 10 100
20 20 100
70 20 100
80 20 100
90 20 100
100 20 100
20 30 100
70 30 100
80 30 100
90 30 100
100 30 100
20 40 100
60 40 100
70 40 100
80 40 100
90 40 100
100 40 100
20 50 100
50 50 100
60 50 100
70 50 100
80 50 100
90 50 100
100 50 100
50 60 100
60 60 100
70 60 100
80 60 100
90 60 100
100 60 100
40 70 100
50 70 100
70 70 100
80 70 100
90 70 100
10 130 100
20 130 100
30 130 100
40 130 100
10 140 100
20 140 100
30 140 100
40 140 100
0 150 100
10 150 100
20 150 100
30 150 100
40 150 100
0 160 100
10 160 100
20 160 100
30 160 100
40 160 100
0 170 100
10 170 100
20 170 100
30 170 100
40 170 100
0 180 100
10 180 100
20 180 100
30 180 100
40 180 100
0 190 100
10 190 100
20 190 100
30 190 100
40 190 100
70 30 100
80 30 100
90 30 100
100 30 100
110 30 100
120 30 100
130 30 100
140 30 100
60 40 100
70 40 100
80 40 100
90 40 100
100 40 100
110 40 100
120 40 100
130 40 100
140 40 100
60 50 100
70 50 100
80 50 100
90 50 100
110 50 100
120 50 100
130 50 100
140 50 100
60 60 100
70 60 100
80 60 100
110 60 100
120 60 100
130 60 100
140 60 100
120 70 100
130 70 100
140 70 100
80 80 100
90 80 100
120 80 100
130 80 100
140 80 100
60 90 100
70 90 100
80 90 100
90 90 100
100 90 100
120 90 100
130 90 100
140 90 100
80 100 100
90 100 100
100 100 100
110 100 100
120 100 100
130 100 100
140 100 100
90 110 100
100 110 100
110 110 100
120 110 100
130 110 100
140 110 100
10 109 100
11 110 100
12 110 100
13 110 100
14 110 100
15 110 100
16 110 100
17 110 100
18 110 100
19 110 100
21 110 100
22 110 100
22 110 100
23 110 100
23 110 100
24 110 100
24 110 100
24 110 100
25 110 100
25 110 100
25 110 100
25 110 100
26 110 100
26 110 100
26 110 100
26 110 100
26 110 100
27 110 100
27 110 100
27 110 100
27 110 100
27 110 100
27 110 100
27 110 100
28 110 100
28 110 100
28 110 100
28 110 100
28 110 100
28 110 100
28 110 100
28 110 100
28 110 100
29 110 100
29 110 100
29 110 100
29 110 100
29 110 100
29 110 100
29 110 100
29 110 100
29 110 100
29 110 100
29 110 100
29 110 100
30 110 100
30 110 100
30 110 100
30 110 100
30 110 100
30 110 100
30 110 100
30 110 100
30 110 100
30 110 100
30 110 100
30 110 100
30 110 100
30 110 100
31 110 100
31 110 100
31 110 100
31 110 100
31 110 100
31 110 100
31 110 100
31 110 100
31 110 100
31 110 100
31 110 100
31 110 100
31 110 100
31 110 100
31 110 100
31 110 100
31 110 100
31 110 100
31 110 100
31 110 100
32 110 100
32 110 100
32 110 100
32 110 100
32 110 100
32 110 100
32 110 100
32 110 100
32 110 100
32 110 100
32 110 100
32 110 100
32 110 100
32 110 100
32 110 100
32 110 100
32 110 100
32 110 100
32 110 100
32 110 100
32 110 100
32 110 100
32 110 100
33 110 100
33 110 100
33 110 100
33 110 100
33 110 100
33 110 100
33 110 100
33 110 100
33 110 100
33 110 100
33 110 100
33 110 100
33 110 100
33 110 100
33 110 100
33 110 100
33 110 100
33 110 100
33 110 100
33 110 100
33 110 100
33 110 100
33 110 100
33 110 100
33 110 100
33 110 100
34 110 100
34 110 100
34 110 100
34 110 100
34 110 100
34 110 100
34 110 100
34 110 100
34 110 100
34 110 100
34 110 100
34 110 100
34 110 100
34 110 100
34 110 100
34 110 100
34 110 100
34 110 100
34 110 100
34 110 100
34 110 100
34 110 100
34 110 100
34 110 100
34 110 100
34 110 100
34 110 100
34 110 100
35 110 100
35 110 100
35 110 100
35 110 100
35 110 100
35 110 100
35 110 100
35 110 100
35 110 100
35 110 100
35 110 100
35 110 100
35 110 100
35 110 100
35 110 100
35 110 100
35 110 100
35 110 100
35 110 100
35 110 100
35 110 100
35 110 100
35 110 100
35 110 100
35 110 100
35 110 100
35 110 100
35 110 100
35 110 100
36 110 100
36 110 100
36 110 100
36 110 100
36 110 100
36 110 100
36 110 100
36 110 100
36 110 100
36 110 100
36 110 100
36 110 100
36 110 100
36 110 100
36 110 100
36 110 100
36 110 100
36 110 100
36 110 100
36 110 100
36 110 100
36 110 100
36 110 100
36 110 100
36 110 100
36 110 100
36 110 100
36 110 100
36 110 100
37 110 100
37 110 100
37 110 100
37 110 100
37 110 100
37 110 100
37 110 100
37 110 100
37 110 100
37 110 100
37 110 100
37 110 100
37 110 100
37 110 100
37 110 100
37 110 100
37 110 100
37 110 100
37 110 100
37 110 100
37 110 100
37 110 100
37 110 100
37 110 100
37 110 100
37 110 100
37 110 100
37 110 100
37 110 100
38 110 100
38 110 100
38 110 100
38 110 100
38 110 100
38 110 100
38 110 100
38 110 100
38 110 100
38 110 100
38 110 100
38 110 100
38 110 100
38 110 100
38 110 100
38 110 100
38 110 100
38 110 100
38 110 100
38 110 100
38 110 100
38 110 100
38 110 100
38 110 100
38 110 100
38 110 100
38 110 100
38 110 100
39 110 100
39 110 100
39 110 100
39 110 100
39 110 100
39 110 100
39 110 100
39 110 100
39 110 100
39 110 100
39 110 100
39 110 100
39 110 100
39 110 100
39 110 100
39 110 100
39 110 100
39 110 100
39 110 100
39 110 100
39 110 100
39 110 100
39 110 100
39 110 100
39 110 100
39 110 100
39 110 100
40 110 100
40 110 100
40 110 100
40 110 100
40 110 100
40 110 100
40 110 100
40 110 100
40 110 100
40 110 100
40 110 100
40 110 100
40 110 100
40 110 100
40 110 100
40 110 100
40 110 100
40 110 100
40 110 100
40 110 100
40 110 100
40 110 100
40 110 100
40 110 100
41 110 100
41 110 100
41 110 100
41 110 100
41 110 100
41 110 100
41 110 100
41 110 100
41 110 100
41 110 100
41 110 100
41 110 100
41 110 100
41 110 100
41 110 100
41 110 100
41 110 100
41 110 100
41 110 100
41 110 100
41 110 100
41 110 100
41 110 100
41 110 100
42 110 100
42 110 100
42 110 100
42 110 100
42 110 100
42 110 100
42 110 100
42 110 100
42 110 100
42 110 100
42 110 100
42 110 100
42 110 100
42 110 100
42 110 100
42 110 100
42 110 100
42 110 100
42 110 100
42 110 100
42 110 100
42 110 100
43 110 100
43 110 100
43 110 100
43 110 100
43 110 100
43 110 100
43 110 100
43 110 100
43 110 100
43 110 100
43 110 100
43 110 100
43 110 100
43 110 100
43 110 100
43 110 100
43 110 100
43 110 100
43 110 100
43 110 100
44 110 100
44 110 100
44 110 100
44 110 100
44 110 100
44 110 100
44 110 100
44 110 100
44 110 100
44 110 100
44 110 100
44 110 100
44 110 100
44 110 100
44 110 100
44 110 100
44 110 100
44 110 100
45 110 100
45 110 100
45 110 100
45 110 100
45 110 100
45 110 100
45 110 100
45 110 100
45 110 100
45 110 100
45 110 100
45 110 100
45 110 100
45 110 100
45 110 100
45 110 100
46 110 100
46 110 100
46 110 100
46 110 100
46 110 100
46 110 100
46 110 100
46 110 100
46 110 100
46 110 100
46 110 100
46 110 100
46 110 100
46 110 100
47 110 100
47 110 100
47 110 100
47 110 100
47 110 100
47 110 100
47 110 100
47 110 100
47 110 100
47 110 100
47 110 100
47 110 100
48 110 100
48 110 100
48 110 100
48 110 100
48 110 100
48 110 100
48 110 100
48 110 100
48 110 100
48 110 100
49 110 100
49 110 100
49 110 100
49 110 100
49 110 100
49 110 100
49 110 100
49 110 100
50 110 100
50 110 100
50 110 100
50 110 100
51 110 100
51 110 100
51 110 100
51 110 100
51 110 100
52 110 100
52 110 100
52 110 100
52 110 100
53 110 100
53 110 100
53 110 100
54 110 100
54 110 100
55 110 100
55 110 100
56 110 100
57 110 100
58 110 100
59 110 100
61 110 100
62 110 100
63 110 100
64 110 100
65 110 100
66 110 100
67 110 100
68 110 100
69 110 100
71 110 100
71 111 100
71 112 100
71 113 100
71 114 100
71 115 100
71 116 100
26 62 100
27 62 100
27 61 100
28 61 100
28 60 100
29 60 100
30 61 100
30 62 100
30 63 100
30 64 100
30 65 100
30 66 100
30 67 100
30 68 100
30 69 100
31 70 100
31 70 100
32 70 100
32 70 100
33 70 100
33 70 100
33 70 100
34 70 100
34 70 100
34 70 100
35 70 100
35 70 100
35 70 100
35 70 100
36 70 100
36 70 100
36 70 100
36 70 100
37 70 100
37 70 100
37 70 100
37 70 100
37 70 100
38 70 100
38 70 100
38 70 100
38 70 100
38 70 100
39 70 100
39 70 100
39 70 100
39 70 100
39 70 100
39 70 100
40 70 100
40 70 100
41 70 100
41 70 100
41 70 100
41 70 100
41 70 100
41 70 100
42 70 100
42 70 100
42 70 100
42 70 100
42 70 100
42 70 100
43 70 100
43 70 100
43 70 100
43 70 100
43 70 100
43 70 100
44 70 100
44 70 100
44 70 100
44 70 100
44 70 100
44 70 100
45 70 100
45 70 100
45 70 100
45 70 100
45 70 100
45 70 100
46 70 100
46 70 100
46 70 100
46 70 100
46 70 100
46 70 100
47 70 100
47 70 100
47 70 100
47 70 100
47 70 100
48 70 100
48 70 100
48 70 100
48 70 100
48 70 100
49 70 100
49 70 100
49 70 100
49 70 100
51 70 100
51 70 100
51 70 100
52 70 100
52 70 100
52 70 100
53 70 100
53 70 100
53 70 100
54 70 100
54 70 100
55 70 100
55 70 100
56 70 100
56 70 100
57 70 100
57 70 100
58 70 100
58 70 100
59 70 100
59 70 100
60 71 100
60 71 100
60 72 100
60 72 100
60 73 100
60 73 100
60 74 100
60 75 100
60 76 100
60 77 100
60 78 100
60 79 100
60 81 100
60 81 100
60 82 100
60 82 100
60 83 100
60 83 100
60 84 100
60 84 100
60 85 100
60 85 100
60 86 100
60 86 100
60 87 100
60 87 100
60 88 100
60 88 100
60 88 100
60 89 100
60 89 100
60 89 100
60 91 100
60 91 100
60 91 100
60 92 100
60 92 100
60 92 100
60 93 100
60 93 100
60 93 100
60 94 100
60 94 100
60 94 100
60 95 100
60 95 100
60 95 100
60 96 100
60 96 100
60 96 100
60 97 100
60 97 100
60 97 100
60 98 100
60 98 100
60 98 100
60 99 100
60 99 100
60 101 100
60 101 100
60 102 100
60 102 100
60 103 100
60 103 100
60 104 100
60 104 100
60 105 100
60 106 100
60 107 100
60 108 100
60 109 100
199 16 100
198 16 100
198 17 100
197 17 100
197 18 100
196 18 100
196 19 100
195 19 100
195 20 100
194 20 100
193 20 100
192 20 100
191 20 100
189 20 100
188 20 100
187 20 100
187 20 100
186 20 100
186 20 100
185 20 100
185 20 100
184 20 100
184 20 100
184 20 100
183 20 100
183 20 100
183 20 100
182 20 100
182 20 100
182 20 100
181 20 100
181 20 100
181 20 100
181 20 100
180 20 100
180 20 100
180 20 100
179 20 100
179 20 100
179 20 100
179 20 100
178 20 100
178 20 100
178 20 100
177 20 100
177 20 100
177 20 100
176 20 100
176 20 100
176 20 100
175 20 100
175 20 100
175 20 100
174 20 100
174 20 100
173 20 100
173 20 100
172 20 100
172 20 100
171 20 100
171 20 100
170 20 100
169 20 100
169 20 100
168 20 100
168 20 100
167 20 100
167 20 100
166 20 100
166 20 100
165 20 100
165 20 100
164 20 100
164 20 100
163 20 100
163 20 100
162 20 100
162 20 100
161 20 100
161 20 100
159 20 100
158 20 100
157 20 100
156 20 100
155 20 100
154 20 100
153 20 100
152 20 100
151 20 100
150 21 100
150 22 100
150 23 100
150 23 100
150 24 100
150 24 100
150 25 100
150 25 100
150 25 100
150 26 100
150 26 100
150 26 100
150 26 100
150 27 100
150 27 100
150 27 100
150 27 100
150 27 100
150 27 100
150 28 100
150 28 100
150 28 100
150 28 100
150 28 100
150 28 100
150 28 100
150 28 100
150 28 100
150 29 100
150 29 100
150 29 100
150 29 100
150 29 100
150 29 100
150 29 100
150 29 100
150 29 100
150 29 100
150 29 100
150 30 100
150 30 100
150 30 100
150 30 100
150 30 100
150 30 100
150 30 100
150 30 100
150 30 100
150 30 100
150 30 100
150 30 100
150 31 100
150 31 100
150 31 100
150 31 100
150 31 100
150 31 100
150 31 100
150 31 100
150 31 100
150 31 100
150 31 100
150 31 100
150 31 100
150 31 100
150 31 100
150 32 100
150 32 100
150 32 100
150 32 100
150 32 100
150 32 100
150 32 100
150 32 100
150 32 100
150 32 100
150 32 100
150 32 100
150 32 100
150 32 100
150 32 100
150 32 100
150 33 100
150 33 100
150 33 100
150 33 100
150 33 100
150 33 100
150 33 100
150 33 100
150 33 100
150 33 100
150 33 100
150 33 100
150 33 100
150 33 100
150 33 100
150 33 100
150 34 100
150 34 100
150 34 100
150 34 100
150 34 100
150 34 100
150 34 100
150 34 100
150 34 100
150 34 100
150 34 100
150 34 100
150 34 100
150 34 100
150 34 100
150 35 100
150 35 100
150 35 100
150 35 100
150 35 100
150 35 100
150 35 100
150 35 100
150 35 100
150 35 100
150 35 100
150 35 100
150 35 100
150 35 100
150 36 100
150 36 100
150 36 100
150 36 100
150 36 100
150 36 100
150 36 100
150 36 100
150 36 100
150 36 100
150 36 100
150 36 100
150 37 100
150 37 100
150 37 100
150 37 100
150 37 100
150 37 100
150 37 100
150 37 100
150 37 100
150 37 100
150 37 100
150 38 100
150 38 100
150 38 100
150 38 100
150 38 100
150 38 100
150 38 100
150 38 100
150 38 100
150 39 100
150 39 100
150 39 100
150 39 100
150 39 100
150 39 100
150 39 100
150 39 100
150 40 100
150 40 100
150 40 100
150 40 100
150 40 100
150 41 100
150 41 100
150 41 100
150 41 100
150 41 100
150 42 100
150 42 100
150 42 100
150 42 100
150 43 100
150 43 100
150 43 100
150 44 100
150 44 100
150 44 100
150 45 100
150 45 100
150 46 100
150 46 100
150 47 100
150 47 100
150 48 100
150 49 100
149 50 100
148 50 100
147 50 100
146 50 100
145 50 100
144 50 100
143 50 100
142 50 100
141 50 100
140 51 100
140 52 100
140 53 100
140 54 100
140 55 100
140 56 100
140 57 100
140 58 100
140 59 100
139 60 100
138 60 100
137 60 100
136 60 100
135 60 100
134 60 100
133 60 100
132 60 100
131 60 100
129 60 100
128 60 100
127 60 100
126 60 100
125 60 100
124 60 100
123 60 100
122 60 100
121 60 100
119 60 100
118 60 100
117 60 100
116 60 100
115 60 100
114 60 100
113 60 100
112 60 100
111 60 100
109 60 100
108 60 100
107 60 100
106 60 100
105 60 100
104 60 100
103 60 100
102 60 100
101 60 100
99 60 100
98 60 100
97 60 100
96 60 100
95 60 100
94 60 100
93 60 100
92 60 100
91 60 100
90 61 100
90 62 100
90 63 100
90 64 100
90 65 100
90 66 100
90 67 100
90 68 100
90 69 100
90 69 100
89 70 100
89 70 100
88 70 100
88 70 100
87 70 100
87 70 100
87 70 100
86 70 100
86 70 100
86 70 100
85 70 100
85 70 100
85 70 100
84 70 100
84 70 100
84 70 100
83 70 100
83 70 100
83 70 100
82 70 100
82 70 100
82 70 100
81 70 100
81 70 100
81 70 100
79 70 100
79 70 100
78 70 100
78 70 100
77 70 100
77 70 100
76 70 100
76 70 100
75 70 100
75 70 100
74 70 100
74 70 100
73 70 100
73 70 100
72 70 100
72 70 100
71 70 100
71 70 100
69 70 100
69 70 100
68 70 100
68 70 100
67 70 100
67 70 100
66 70 100
66 70 100
65 70 100
65 70 100
64 70 100
64 70 100
63 70 100
63 70 100
62 70 100
62 70 100
61 70 100
61 70 100
59 30 100
58 30 100
57 30 100
56 30 100
55 30 100
54 30 100
53 30 100
52 30 100
51 30 100
50 31 100
50 32 100
50 33 100
50 34 100
50 35 100
50 36 100
50 37 100
50 38 100
50 39 100
49 40 100
48 40 100
47 40 100
46 40 100
45 40 100
44 40 100
43 40 100
42 40 100
41 40 100
40 41 100
40 42 100
40 43 100
40 44 100
40 45 100
40 46 100
40 47 100
40 48 100
40 49 100
39 50 100
38 50 100
37 50 100
36 50 100
35 50 100
34 50 100
33 50 100
32 50 100
31 50 100
30 51 100
30 52 100
30 53 100
30 54 100
30 55 100
30 56 100
30 57 100
30 58 100
30 59 100
0 176 100
0 175 100
0 174 100
0 173 100
0 172 100
0 171 100
0 169 100
0 168 100
0 167 100
0 166 100
0 165 100
0 164 100
0 163 100
0 162 100
0 161 100
0 159 100
0 158 100
0 157 100
0 156 100
0 155 100
0 154 100
0 153 100
0 152 100
0 151 100
0 149 100
0 148 100
0 147 100
0 146 100
0 145 100
0 144 100
0 143 100
0 142 100
0 141 100
0 139 100
0 138 100
0 137 100
0 136 100
0 135 100
0 134 100
0 133 100
0 132 100
0 131 100
0 129 100
0 128 100
0 127 100
0 126 100
0 125 100
0 124 100
0 123 100
0 122 100
0 121 100
0 119 100
0 118 100
0 117 100
0 116 100
0 115 100
0 114 100
0 113 100
0 112 100
0 111 100
1 110 100
2 110 100
3 110 100
4 110 100
5 110 100
6 110 100
7 110 100
8 110 100
9 110 100
100 72 100
100 71 100
99 70 100
98 70 100
97 70 100
96 70 100
95 70 100
94 70 100
93 70 100
92 70 100
91 70 100
91 70 100
