# score 77688
0 120 100
10 120 100
20 120 100
30 120 100
40 120 100
50 120 100
60 120 100
70 120 100
80 120 100
0 130 100
10 130 100
20 130 100
30 130 100
40 130 100
50 130 100
60 130 100
70 130 100
80 130 100
0 140 100
10 140 100
20 140 100
30 140 100
40 140 100
50 140 100
60 140 100
70 140 100
80 140 100
0 150 100
10 150 100
20 150 100
30 150 100
40 150 100
50 150 100
60 150 100
70 150 100
80 150 100
0 160 100
10 160 100
20 160 100
30 160 100
40 160 100
50 160 100
60 160 100
70 160 100
80 160 100
0 170 100
10 170 100
20 170 100
30 170 100
40 170 100
50 170 100
60 170 100
70 170 100
80 170 100
0 180 100
10 180 100
20 180 100
30 180 100
40 180 100
50 180 100
60 180 100
70 180 100
80 180 100
0 190 100
10 190 100
20 190 100
30 190 100
40 190 100
50 190 100
60 190 100
70 190 100
80 190 100
140 130 100
150 130 100
160 130 100
170 130 100
180 130 100
190 130 100
140 140 100
150 140 100
160 140 100
170 140 100
180 140 100
190 140 100
140 150 100
150 150 100
160 150 100
170 150 100
180 150 100
190 150 100
140 160 100
150 160 100
160 160 100
170 160 100
180 160 100
190 160 100
140 170 100
150 170 100
160 170 100
170 170 100
180 170 100
190 170 100
140 180 100
150 180 100
160 180 100
170 180 100
180 180 100
190 180 100
140 190 100
150 190 100
160 190 100
170 190 100
180 190 100
190 190 100
100 0 100
110 0 100
120 0 100
130 0 100
140 0 100
150 0 100
160 0 100
170 0 100
180 0 100
100 10 100
110 10 100
120 10 100
130 10 100
140 10 100
150 10 100
160 10 100
170 10 100
180 10 100
100 20 100
110 20 100
120 20 100
130 20 100
140 20 100
150 20 100
160 20 100
170 20 100
180 20 100
100 30 100
110 30 100
120 30 100
130 30 100
140 30 100
150 30 100
160 30 100
170 30 100
180 30 100
100 40 100
110 40 100
120 40 100
130 40 100
140 40 100
150 40 100
160 40 100
170 40 100
180 40 100
60 60 100
70 60 100
80 60 100
90 60 100
100 60 100
110 60 100
120 60 100
130 60 100
140 60 100
60 70 100
70 70 100
80 70 100
90 70 100
100 70 100
110 70 100
120 70 100
130 70 100
140 70 100
60 80 100
70 80 100
80 80 100
90 80 100
100 80 100
110 80 100
120 80 100
130 80 100
140 80 100
60 90 100
70 90 100
80 90 100
90 90 100
100 90 100
110 90 100
120 90 100
130 90 100
140 90 100
60 100 100
70 100 100
80 100 100
90 100 100
100 100 100
110 100 100
120 100 100
130 100 100
140 100 100
60 110 100
70 110 100
80 110 100
90 110 100
100 110 100
110 110 100
120 110 100
130 110 100
140 110 100
60 120 100
70 120 100
90 120 100
100 120 100
110 120 100
120 120 100
130 120 100
140 120 100
60 130 100
90 130 100
100 130 100
110 130 100
120 130 100
130 130 100
60 140 100
70 140 100
80 140 100
90 140 100
100 140 100
110 140 100
120 140 100
130 140 100
146 6 100
145 6 100
145 7 100
144 7 100
144 8 100
143 8 100
143 9 100
142 9 100
142 10 100
141 10 100
140 11 100
140 12 100
140 13 100
140 14 100
140 15 100
140 16 100
140 17 100
140 18 100
140 19 100
139 20 100
138 20 100
137 20 100
136 20 100
135 20 100
134 20 100
133 20 100
132 20 100
131 20 100
130 21 100
130 22 100
130 23 100
130 24 100
130 25 100
130 26 100
130 27 100
130 28 100
130 29 100
130 31 100
130 32 100
130 33 100
130 34 100
130 34 100
130 35 100
130 35 100
130 36 100
130 36 100
130 37 100
130 37 100
130 37 100
130 38 100
130 38 100
130 38 100
130 39 100
130 39 100
130 39 100
130 39 100
130 40 100
130 40 100
130 40 100
130 40 100
130 41 100
130 41 100
130 41 100
130 41 100
130 41 100
130 42 100
130 42 100
130 42 100
130 42 100
130 42 100
130 42 100
130 43 100
130 43 100
130 43 100
130 43 100
130 43 100
130 43 100
130 44 100
130 44 100
130 44 100
130 44 100
130 44 100
130 44 100
130 45 100
130 45 100
130 45 100
130 45 100
130 45 100
130 45 100
130 46 100
130 46 100
130 46 100
130 46 100
130 46 100
130 46 100
130 47 100
130 47 100
130 47 100
130 47 100
130 47 100
130 47 100
130 48 100
130 48 100
130 48 100
130 48 100
130 48 100
130 48 100
130 49 100
130 49 100
130 49 100
130 49 100
130 49 100
130 49 100
130 50 100
130 50 100
130 50 100
130 50 100
130 50 100
130 51 100
130 51 100
130 51 100
130 51 100
130 51 100
130 52 100
130 52 100
130 52 100
130 52 100
130 52 100
130 53 100
130 53 100
130 53 100
130 53 100
130 54 100
130 54 100
130 54 100
130 54 100
130 55 100
130 55 100
130 55 100
130 56 100
130 56 100
130 56 100
130 57 100
130 57 100
130 58 100
130 58 100
130 59 100
130 59 100
130 61 100
130 62 100
130 63 100
130 64 100
130 65 100
130 66 100
130 67 100
130 68 100
130 69 100
130 71 100
130 72 100
130 73 100
130 74 100
130 75 100
130 76 100
130 77 100
130 78 100
130 79 100
130 81 100
130 81 100
130 82 100
130 82 100
130 83 100
130 83 100
130 84 100
130 84 100
130 85 100
130 85 100
130 86 100
130 86 100
130 87 100
130 87 100
130 87 100
130 88 100
130 88 100
130 88 100
130 89 100
130 89 100
130 89 100
130 90 100
130 90 100
130 91 100
130 91 100
130 91 100
130 92 100
130 92 100
130 92 100
130 93 100
130 93 100
130 93 100
130 94 100
130 94 100
130 94 100
130 95 100
130 95 100
130 95 100
130 95 100
130 96 100
130 96 100
130 96 100
130 96 100
130 97 100
130 97 100
130 97 100
130 97 100
130 97 100
130 98 100
130 98 100
130 98 100
130 98 100
130 98 100
130 98 100
130 99 100
130 99 100
130 99 100
130 99 100
130 99 100
130 99 100
130 99 100
130 100 100
130 100 100
130 100 100
130 100 100
130 100 100
130 100 100
130 100 100
130 101 100
130 101 100
130 101 100
130 101 100
130 101 100
130 101 100
130 101 100
130 101 100
130 101 100
130 101 100
130 102 100
130 102 100
130 102 100
130 102 100
130 102 100
130 102 100
130 102 100
130 102 100
130 102 100
130 102 100
130 102 100
130 103 100
130 103 100
130 103 100
130 103 100
130 103 100
130 103 100
130 103 100
130 103 100
130 103 100
130 103 100
130 103 100
130 103 100
130 103 100
130 104 100
130 104 100
130 104 100
130 104 100
130 104 100
130 104 100
130 104 100
130 104 100
130 104 100
130 104 100
130 104 100
130 104 100
130 104 100
130 105 100
130 105 100
130 105 100
130 105 100
130 105 100
130 105 100
130 105 100
130 105 100
130 105 100
130 105 100
130 105 100
130 105 100
130 105 100
130 105 100
130 106 100
130 106 100
130 106 100
130 106 100
130 106 100
130 106 100
130 106 100
130 106 100
130 106 100
130 106 100
130 106 100
130 106 100
130 106 100
130 107 100
130 107 100
130 107 100
130 107 100
130 107 100
130 107 100
130 107 100
130 107 100
130 107 100
130 107 100
130 107 100
130 107 100
130 108 100
130 108 100
130 108 100
130 108 100
130 108 100
130 108 100
130 108 100
130 108 100
130 108 100
130 108 100
130 108 100
130 109 100
130 109 100
130 109 100
130 109 100
130 109 100
130 109 100
130 109 100
130 109 100
130 109 100
130 110 100
130 110 100
130 110 100
130 110 100
130 110 100
130 110 100
130 110 100
130 111 100
130 111 100
130 111 100
130 111 100
130 111 100
130 111 100
130 112 100
130 112 100
130 112 100
130 112 100
130 112 100
130 113 100
130 113 100
130 113 100
130 113 100
130 114 100
130 114 100
130 114 100
130 115 100
130 115 100
130 116 100
130 116 100
130 117 100
130 118 100
130 119 100
130 121 100
130 122 100
130 123 100
130 124 100
130 125 100
130 126 100
130 127 100
130 128 100
130 129 100
131 130 100
132 130 100
133 130 100
134 130 100
135 130 100
136 130 100
137 130 100
138 130 100
139 130 100
140 131 100
140 132 100
140 133 100
140 134 100
140 135 100
140 136 100
140 137 100
140 138 100
140 139 100
140 141 100
140 142 100
140 143 100
140 144 100
140 145 100
140 146 100
140 147 100
140 148 100
140 149 100
140 151 100
140 152 100
140 153 100
140 154 100
140 155 100
140 156 100
140 157 100
140 158 100
140 159 100
140 161 100
140 162 100
140 163 100
140 164 100
140 165 100
140 166 100
140 167 100
140 168 100
140 169 100
141 170 100
142 170 100
143 170 100
144 170 100
145 170 100
146 170 100
147 170 100
148 170 100
149 170 100
150 171 100
150 172 100
150 173 100
150 174 100
150 175 100
150 176 100
150 177 100
150 178 100
150 179 100
151 180 100
152 180 100
153 180 100
154 180 100
155 180 100
156 180 100
157 180 100
158 180 100
159 180 100
161 180 100
162 180 100
163 180 100
164 180 100
165 180 100
166 180 100
167 180 100
168 180 100
169 180 100
171 180 100
172 180 100
173 180 100
174 180 100
175 180 100
176 180 100
177 180 100
178 180 100
179 180 100
180 179 100
180 178 100
180 177 100
180 176 100
103 107 100
104 107 100
104 108 100
105 108 100
105 109 100
106 109 100
106 110 100
107 110 100
108 110 100
109 110 100
111 110 100
112 110 100
113 110 100
114 110 100
115 110 100
116 110 100
117 110 100
118 110 100
119 110 100
120 111 100
120 112 100
120 113 100
120 114 100
120 115 100
120 116 100
120 117 100
120 118 100
120 119 100
121 120 100
122 120 100
123 120 100
124 120 100
125 120 100
126 120 100
127 120 100
128 120 100
129 120 100
