# score 156784
0 0 100
10 0 100
20 0 100
30 0 100
40 0 100
50 0 100
60 0 100
70 0 100
0 10 100
10 10 100
20 10 100
30 10 100
40 10 100
50 10 100
60 10 100
70 10 100
0 20 100
10 20 100
20 20 100
30 20 100
40 20 100
50 20 100
60 20 100
70 20 100
0 30 100
10 30 100
20 30 100
30 30 100
40 30 100
50 30 100
60 30 100
70 30 100
0 40 100
10 40 100
20 40 100
30 40 100
40 40 100
50 40 100
60 40 100
70 40 100
0 50 100
10 50 100
20 50 100
30 50 100
40 50 100
50 50 100
60 50 100
70 50 100
60 120 100
70 120 100
80 120 100
90 120 100
100 120 100
110 120 100
120 120 100
130 120 100
140 120 100
60 130 100
70 130 100
80 130 100
90 130 100
100 130 100
110 130 100
120 130 100
130 130 100
140 130 100
60 140 100
70 140 100
80 140 100
90 140 100
100 140 100
110 140 100
120 140 100
130 140 100
140 140 100
60 150 100
70 150 100
80 150 100
90 150 100
100 150 100
110 150 100
120 150 100
130 150 100
140 150 100
60 160 100
70 160 100
80 160 100
90 160 100
100 160 100
110 160 100
120 160 100
130 160 100
140 160 100
60 170 100
70 170 100
80 170 100
90 170 100
100 170 100
110 170 100
120 170 100
130 170 100
140 170 100
60 180 100
70 180 100
80 180 100
90 180 100
100 180 100
110 180 100
120 180 100
130 180 100
140 180 100
60 190 100
70 190 100
80 190 100
90 190 100
100 190 100
110 190 100
120 190 100
130 190 100
140 190 100
103 161 100
102 161 100
102 160 100
101 160 100
100 159 100
100 158 100
100 157 100
100 156 100
100 155 100
100 154 100
100 153 100
100 152 100
100 151 100
100 149 100
100 148 100
100 147 100
100 146 100
100 145 100
100 144 100
100 143 100
100 142 100
100 141 100
99 140 100
98 140 100
97 140 100
96 140 100
95 140 100
94 140 100
93 140 100
92 140 100
91 140 100
89 140 100
88 140 100
87 140 100
86 140 100
85 140 100
84 140 100
83 140 100
82 140 100
81 140 100
80 139 100
80 138 100
80 137 100
80 136 100
80 135 100
80 134 100
80 133 100
80 132 100
80 131 100
80 129 100
80 128 100
80 127 100
80 126 100
80 125 100
80 124 100
80 123 100
80 122 100
80 121 100
79 120 100
78 120 100
77 120 100
76 120 100
75 120 100
74 120 100
73 120 100
72 120 100
71 120 100
70 119 100
70 118 100
70 117 100
70 116 100
70 115 100
70 114 100
70 113 100
70 112 100
70 111 100
70 111 100
70 110 100
70 110 100
70 109 100
70 109 100
70 108 100
70 108 100
70 108 100
70 107 100
70 107 100
70 107 100
70 106 100
70 106 100
70 106 100
70 105 100
70 105 100
70 105 100
70 104 100
70 104 100
70 104 100
70 103 100
70 103 100
70 103 100
70 103 100
70 102 100
70 102 100
70 102 100
70 102 100
70 101 100
70 101 100
70 101 100
70 101 100
70 100 100
70 100 100
70 100 100
70 100 100
70 99 100
70 99 100
70 99 100
70 99 100
70 98 100
70 98 100
70 98 100
70 98 100
70 97 100
70 97 100
70 97 100
70 97 100
70 96 100
70 96 100
70 96 100
70 96 100
70 95 100
70 95 100
70 95 100
70 95 100
70 95 100
70 94 100
70 94 100
70 94 100
70 94 100
70 94 100
70 94 100
70 93 100
70 93 100
70 93 100
70 93 100
70 93 100
70 93 100
70 93 100
70 92 100
70 92 100
70 92 100
70 92 100
70 92 100
70 92 100
70 92 100
70 92 100
70 91 100
70 91 100
70 91 100
70 91 100
70 91 100
70 91 100
70 91 100
70 91 100
70 91 100
70 91 100
70 90 100
70 90 100
70 90 100
70 90 100
70 90 100
70 90 100
70 90 100
70 90 100
70 90 100
70 90 100
70 90 100
70 90 100
70 89 100
70 89 100
70 89 100
70 89 100
70 89 100
70 89 100
70 89 100
70 89 100
70 89 100
70 89 100
70 89 100
70 89 100
70 89 100
70 88 100
70 88 100
70 88 100
70 88 100
70 88 100
70 88 100
70 88 100
70 88 100
70 88 100
70 88 100
70 88 100
70 88 100
70 88 100
70 88 100
70 88 100
70 87 100
70 87 100
70 87 100
70 87 100
70 87 100
70 87 100
70 87 100
70 87 100
70 87 100
70 87 100
70 87 100
70 87 100
70 87 100
70 87 100
70 87 100
70 87 100
70 87 100
70 86 100
70 86 100
70 86 100
70 86 100
70 86 100
70 86 100
70 86 100
70 86 100
70 86 100
70 86 100
70 86 100
70 86 100
70 86 100
70 86 100
70 86 100
70 86 100
70 86 100
70 86 100
70 86 100
70 85 100
70 85 100
70 85 100
70 85 100
70 85 100
70 85 100
70 85 100
70 85 100
70 85 100
70 85 100
70 85 100
70 85 100
70 85 100
70 85 100
70 85 100
70 85 100
70 85 100
70 85 100
70 85 100
70 85 100
70 85 100
70 84 100
70 84 100
70 84 100
70 84 100
70 84 100
70 84 100
70 84 100
70 84 100
70 84 100
70 84 100
70 84 100
70 84 100
70 84 100
70 84 100
70 84 100
70 84 100
70 84 100
70 84 100
70 84 100
70 84 100
70 84 100
70 84 100
70 84 100
70 83 100
70 83 100
70 83 100
70 83 100
70 83 100
70 83 100
70 83 100
70 83 100
70 83 100
70 83 100
70 83 100
70 83 100
70 83 100
70 83 100
70 83 100
70 83 100
70 83 100
70 83 100
70 83 100
70 83 100
70 83 100
70 83 100
70 83 100
70 83 100
70 82 100
70 82 100
70 82 100
70 82 100
70 82 100
70 82 100
70 82 100
70 82 100
70 82 100
70 82 100
70 82 100
70 82 100
70 82 100
70 82 100
70 82 100
70 82 100
70 82 100
70 82 100
70 82 100
70 82 100
70 82 100
70 82 100
70 82 100
70 82 100
70 82 100
70 82 100
70 81 100
70 81 100
70 81 100
70 81 100
70 81 100
70 81 100
70 81 100
70 81 100
70 81 100
70 81 100
70 81 100
70 81 100
70 81 100
70 81 100
70 81 100
70 81 100
70 81 100
70 81 100
70 81 100
70 81 100
70 81 100
70 81 100
70 81 100
70 81 100
70 81 100
70 81 100
70 81 100
70 80 100
70 80 100
70 80 100
70 80 100
70 80 100
70 80 100
70 80 100
70 80 100
70 80 100
70 80 100
70 80 100
70 80 100
70 80 100
70 80 100
70 80 100
70 80 100
70 80 100
70 80 100
70 80 100
70 80 100
70 80 100
70 80 100
70 80 100
70 80 100
70 80 100
70 80 100
70 80 100
70 80 100
70 79 100
70 79 100
70 79 100
70 79 100
70 79 100
70 79 100
70 79 100
70 79 100
70 79 100
70 79 100
70 79 100
70 79 100
70 79 100
70 79 100
70 79 100
70 79 100
70 79 100
70 79 100
70 79 100
70 79 100
70 79 100
70 79 100
70 79 100
70 79 100
70 79 100
70 79 100
70 79 100
70 79 100
70 78 100
70 78 100
70 78 100
70 78 100
70 78 100
70 78 100
70 78 100
70 78 100
70 78 100
70 78 100
70 78 100
70 78 100
70 78 100
70 78 100
70 78 100
70 78 100
70 78 100
70 78 100
70 78 100
70 78 100
70 78 100
70 78 100
70 78 100
70 78 100
70 78 100
70 78 100
70 78 100
70 77 100
70 77 100
70 77 100
70 77 100
70 77 100
70 77 100
70 77 100
70 77 100
70 77 100
70 77 100
70 77 100
70 77 100
70 77 100
70 77 100
70 77 100
70 77 100
70 77 100
70 77 100
70 77 100
70 77 100
70 77 100
70 77 100
70 77 100
70 77 100
70 77 100
70 77 100
70 76 100
70 76 100
70 76 100
70 76 100
70 76 100
70 76 100
70 76 100
70 76 100
70 76 100
70 76 100
70 76 100
70 76 100
70 76 100
70 76 100
70 76 100
70 76 100
70 76 100
70 76 100
70 76 100
70 76 100
70 76 100
70 76 100
70 76 100
70 76 100
70 76 100
70 75 100
70 75 100
70 75 100
70 75 100
70 75 100
70 75 100
70 75 100
70 75 100
70 75 100
70 75 100
70 75 100
70 75 100
70 75 100
70 75 100
70 75 100
70 75 100
70 75 100
70 75 100
70 75 100
70 75 100
70 75 100
70 75 100
70 75 100
70 74 100
70 74 100
70 74 100
70 74 100
70 74 100
70 74 100
70 74 100
70 74 100
70 74 100
70 74 100
70 74 100
70 74 100
70 74 100
70 74 100
70 74 100
70 74 100
70 74 100
70 74 100
70 74 100
70 74 100
70 74 100
70 74 100
70 73 100
70 73 100
70 73 100
70 73 100
70 73 100
70 73 100
70 73 100
70 73 100
70 73 100
70 73 100
70 73 100
70 73 100
70 73 100
70 73 100
70 73 100
70 73 100
70 73 100
70 73 100
70 73 100
70 73 100
70 72 100
70 72 100
70 72 100
70 72 100
70 72 100
70 72 100
70 72 100
70 72 100
70 72 100
70 72 100
70 72 100
70 72 100
70 72 100
70 72 100
70 72 100
70 72 100
70 72 100
70 72 100
70 71 100
70 71 100
70 71 100
70 71 100
70 71 100
70 71 100
70 71 100
70 71 100
70 71 100
70 71 100
70 71 100
70 71 100
70 71 100
70 71 100
70 71 100
70 71 100
70 71 100
70 70 100
70 70 100
70 70 100
70 70 100
70 70 100
70 70 100
70 70 100
70 70 100
70 70 100
70 70 100
70 70 100
70 70 100
70 70 100
70 70 100
70 70 100
70 69 100
70 69 100
70 69 100
70 69 100
70 69 100
70 69 100
70 69 100
70 69 100
70 69 100
70 69 100
70 69 100
70 69 100
70 69 100
70 68 100
70 68 100
70 68 100
70 68 100
70 68 100
70 68 100
70 68 100
70 68 100
70 68 100
70 68 100
70 68 100
70 67 100
70 67 100
70 67 100
70 67 100
70 67 100
70 67 100
70 67 100
70 67 100
70 67 100
70 67 100
70 66 100
70 66 100
70 66 100
70 66 100
70 66 100
70 66 100
70 66 100
70 66 100
70 65 100
70 65 100
70 65 100
70 65 100
70 65 100
70 65 100
70 65 100
70 64 100
70 64 100
70 64 100
70 64 100
70 64 100
70 64 100
70 63 100
70 63 100
70 63 100
70 63 100
70 63 100
70 63 100
70 62 100
70 62 100
70 62 100
70 62 100
70 62 100
70 61 100
70 61 100
70 61 100
70 61 100
70 61 100
70 60 100
70 60 100
70 60 100
70 60 100
70 60 100
70 59 100
70 59 100
70 59 100
70 59 100
70 59 100
70 58 100
70 58 100
70 58 100
70 58 100
70 58 100
70 57 100
70 57 100
70 57 100
70 57 100
70 57 100
70 56 100
70 56 100
70 56 100
70 56 100
70 56 100
70 55 100
70 55 100
70 55 100
70 55 100
70 55 100
70 54 100
70 54 100
70 54 100
70 54 100
70 54 100
70 53 100
70 53 100
70 53 100
70 53 100
70 52 100
70 52 100
70 52 100
70 52 100
70 51 100
70 51 100
70 51 100
70 51 100
70 50 100
70 50 100
70 49 100
70 49 100
70 49 100
70 48 100
70 48 100
70 47 100
70 47 100
70 46 100
70 46 100
70 45 100
70 44 100
70 43 100
70 42 100
70 41 100
70 39 100
70 38 100
70 37 100
70 36 100
70 35 100
70 34 100
70 33 100
70 32 100
70 31 100
69 30 100
68 30 100
67 30 100
66 30 100
65 30 100
64 30 100
63 30 100
62 30 100
61 30 100
60 29 100
60 28 100
60 27 100
60 26 100
60 25 100
60 24 100
60 23 100
60 22 100
60 21 100
59 20 100
59 19 100
58 19 100
58 18 100
57 18 100
56 18 100
55 18 100
54 18 100
53 18 100
52 18 100
51 18 100
50 18 100
50 18 100
49 18 100
49 18 100
48 18 100
48 18 100
48 18 100
47 18 100
47 18 100
47 18 100
46 18 100
46 18 100
46 18 100
46 18 100
45 18 100
45 18 100
45 18 100
45 18 100
45 18 100
44 18 100
44 18 100
44 18 100
44 18 100
44 18 100
44 18 100
43 18 100
43 18 100
43 18 100
43 18 100
43 18 100
43 18 100
42 18 100
42 18 100
42 18 100
42 18 100
42 18 100
42 18 100
41 18 100
41 18 100
41 18 100
41 18 100
41 18 100
41 18 100
40 18 100
40 18 100
40 18 100
40 18 100
40 18 100
40 18 100
39 18 100
39 18 100
39 18 100
39 18 100
39 18 100
