# score 326436
100 0 100
110 0 100
120 0 100
130 0 100
140 0 100
150 0 100
160 0 100
170 0 100
180 0 100
100 10 100
110 10 100
120 10 100
130 10 100
140 10 100
150 10 100
160 10 100
170 10 100
180 10 100
100 20 100
110 20 100
120 20 100
130 20 100
140 20 100
150 20 100
160 20 100
170 20 100
180 20 100
100 30 100
110 30 100
120 30 100
130 30 100
140 30 100
150 30 100
160 30 100
170 30 100
180 30 100
100 40 100
110 40 100
120 40 100
130 40 100
140 40 100
150 40 100
160 40 100
170 40 100
180 40 100
100 50 100
110 50 100
120 50 100
130 50 100
140 50 100
150 50 100
160 50 100
170 50 100
180 50 100
100 60 100
110 60 100
120 60 100
130 60 100
140 60 100
150 60 100
160 60 100
170 60 100
180 60 100
100 70 100
110 70 100
120 70 100
130 70 100
140 70 100
150 70 100
160 70 100
170 70 100
180 70 100
100 80 100
110 80 100
120 80 100
130 80 100
140 80 100
150 80 100
160 80 100
170 80 100
180 80 100
0 20 100
10 20 100
20 20 100
30 20 100
40 20 100
50 20 100
0 30 100
10 30 100
20 30 100
30 30 100
40 30 100
50 30 100
0 40 100
10 40 100
20 40 100
30 40 100
40 40 100
50 40 100
0 50 100
10 50 100
20 50 100
30 50 100
40 50 100
50 50 100
0 60 100
10 60 100
20 60 100
30 60 100
40 60 100
50 60 100
0 70 100
10 70 100
20 70 100
30 70 100
40 70 100
50 70 100
0 80 100
10 80 100
20 80 100
30 80 100
40 80 100
50 80 100
0 90 100
10 90 100
20 90 100
30 90 100
40 90 100
50 90 100
0 100 100
10 100 100
20 100 100
30 100 100
40 100 100
50 100 100
80 0 100
90 0 100
100 0 100
110 0 100
140 0 100
150 0 100
80 10 100
90 10 100
100 10 100
110 10 100
140 10 100
150 10 100
160 10 100
80 20 100
90 20 100
110 20 100
130 20 100
140 20 100
150 20 100
160 20 100
80 30 100
90 30 100
100 30 100
110 30 100
120 30 100
130 30 100
140 30 100
150 30 100
80 40 100
90 40 100
100 40 100
110 40 100
120 40 100
130 40 100
140 40 100
80 50 100
90 50 100
100 50 100
110 50 100
120 50 100
130 50 100
140 50 100
150 50 100
160 50 100
120 150 100
130 150 100
140 150 100
150 150 100
160 150 100
170 150 100
180 150 100
190 150 100
120 160 100
130 160 100
140 160 100
150 160 100
160 160 100
170 160 100
180 160 100
190 160 100
120 170 100
130 170 100
140 170 100
150 170 100
160 170 100
170 170 100
180 170 100
190 170 100
120 180 100
130 180 100
140 180 100
150 180 100
160 180 100
170 180 100
180 180 100
190 180 100
120 190 100
130 190 100
140 190 100
150 190 100
160 190 100
170 190 100
180 190 100
190 190 100
10 80 100
20 80 100
30 80 100
40 80 100
60 80 100
70 80 100
80 80 100
90 80 100
10 90 100
20 90 100
30 90 100
40 90 100
50 90 100
60 90 100
70 90 100
80 90 100
90 90 100
10 100 100
20 100 100
30 100 100
40 100 100
50 100 100
60 100 100
70 100 100
80 100 100
90 100 100
10 110 100
20 110 100
30 110 100
40 110 100
50 110 100
60 110 100
70 110 100
80 110 100
90 110 100
10 120 100
20 120 100
30 120 100
40 120 100
50 120 100
60 120 100
70 120 100
80 120 100
90 120 100
10 130 100
20 130 100
30 130 100
40 130 100
50 130 100
60 130 100
70 130 100
80 130 100
90 130 100
10 140 100
20 140 100
30 140 100
40 140 100
50 140 100
60 140 100
70 140 100
80 140 100
90 140 100
10 150 100
20 150 100
30 150 100
40 150 100
50 150 100
60 150 100
70 150 100
80 150 100
90 150 100
10 160 100
20 160 100
30 160 100
40 160 100
50 160 100
60 160 100
70 160 100
80 160 100
90 160 100
140 0 100
150 0 100
180 0 100
190 0 100
140 10 100
150 10 100
190 10 100
140 20 100
150 20 100
190 20 100
120 30 100
130 30 100
140 30 100
180 30 100
190 30 100
120 40 100
130 40 100
140 40 100
190 40 100
120 50 100
130 50 100
140 50 100
150 50 100
160 50 100
170 50 100
180 50 100
190 50 100
130 60 100
140 60 100
150 60 100
160 60 100
170 60 100
180 60 100
190 60 100
30 0 100
40 0 100
50 0 100
60 0 100
70 0 100
110 0 100
30 10 100
40 10 100
50 10 100
60 10 100
70 10 100
110 10 100
30 20 100
50 20 100
60 20 100
70 20 100
80 20 100
90 20 100
110 20 100
30 30 100
40 30 100
50 30 100
60 30 100
70 30 100
80 30 100
90 30 100
100 30 100
110 30 100
30 40 100
40 40 100
50 40 100
60 40 100
70 40 100
80 40 100
90 40 100
100 40 100
110 40 100
30 50 100
40 50 100
50 50 100
60 50 100
70 50 100
110 50 100
190 30 100
190 40 100
160 50 100
170 50 100
180 50 100
190 50 100
150 60 100
160 60 100
170 60 100
180 60 100
190 60 100
150 70 100
160 70 100
170 70 100
180 70 100
190 70 100
160 80 100
170 80 100
180 80 100
190 80 100
150 90 100
160 90 100
170 90 100
180 90 100
190 90 100
150 100 100
160 100 100
170 100 100
180 100 100
190 100 100
150 110 100
160 110 100
170 110 100
180 110 100
190 110 100
100 90 100
110 90 100
120 90 100
130 90 100
140 90 100
170 90 100
180 90 100
100 100 100
110 100 100
120 100 100
130 100 100
140 100 100
160 100 100
170 100 100
180 100 100
100 110 100
110 110 100
120 110 100
130 110 100
140 110 100
150 110 100
160 110 100
170 110 100
100 120 100
110 120 100
120 120 100
130 120 100
140 120 100
150 120 100
160 120 100
170 120 100
180 120 100
100 130 100
110 130 100
120 130 100
130 130 100
140 130 100
150 130 100
160 130 100
170 130 100
180 130 100
100 140 100
110 140 100
120 140 100
130 140 100
140 140 100
150 140 100
160 140 100
170 140 100
180 140 100
100 150 100
110 150 100
120 150 100
150 150 100
160 150 100
170 150 100
180 150 100
100 160 100
110 160 100
120 160 100
130 160 100
140 160 100
150 160 100
170 160 100
180 160 100
100 170 100
110 170 100
130 170 100
140 170 100
180 170 100
90 40 100
100 40 100
110 40 100
120 40 100
130 40 100
140 40 100
110 50 100
130 50 100
140 50 100
160 50 100
90 60 100
150 60 100
160 60 100
170 60 100
90 70 100
120 70 100
130 70 100
150 70 100
160 70 100
170 70 100
90 80 100
100 80 100
110 80 100
120 80 100
130 80 100
160 80 100
170 80 100
90 90 100
100 90 100
110 90 100
120 90 100
130 90 100
170 90 100
110 100 100
120 100 100
130 100 100
160 100 100
170 100 100
100 110 100
110 110 100
120 110 100
160 110 100
170 110 100
90 120 100
100 120 100
110 120 100
120 120 100
130 120 100
150 120 100
160 120 100
170 120 100
0 110 100
10 110 100
0 120 100
0 130 100
10 130 100
20 130 100
30 130 100
40 130 100
50 130 100
0 140 100
10 140 100
20 140 100
30 140 100
40 140 100
50 140 100
0 150 100
20 150 100
30 150 100
40 150 100
0 160 100
30 160 100
40 160 100
50 160 100
0 170 100
10 170 100
20 170 100
30 170 100
40 170 100
50 170 100
0 180 100
10 180 100
20 180 100
30 180 100
40 180 100
50 180 100
0 190 100
10 190 100
20 190 100
30 190 100
40 190 100
50 190 100
127 10 100
128 10 100
129 10 100
130 11 100
130 12 100
130 13 100
130 14 100
130 15 100
130 16 100
130 17 100
130 18 100
130 18 100
130 19 100
130 19 100
131 20 100
131 20 100
131 20 100
131 21 100
131 21 100
131 21 100
132 21 100
132 21 100
132 21 100
132 22 100
132 22 100
132 22 100
132 22 100
133 22 100
133 22 100
133 22 100
133 22 100
133 22 100
133 23 100
133 23 100
133 23 100
133 23 100
133 23 100
134 23 100
134 23 100
134 23 100
134 23 100
134 23 100
134 23 100
134 23 100
134 24 100
134 24 100
134 24 100
134 24 100
134 24 100
134 24 100
134 24 100
134 24 100
135 24 100
135 24 100
135 24 100
135 24 100
135 24 100
135 24 100
135 24 100
135 24 100
135 24 100
135 24 100
135 25 100
135 25 100
135 25 100
135 25 100
135 25 100
135 25 100
135 25 100
135 25 100
135 25 100
135 25 100
135 25 100
135 25 100
136 25 100
136 25 100
136 25 100
136 25 100
136 25 100
136 25 100
136 25 100
136 25 100
136 25 100
136 25 100
136 25 100
136 25 100
136 25 100
136 25 100
136 25 100
136 26 100
136 26 100
136 26 100
136 26 100
136 26 100
136 26 100
136 26 100
136 26 100
136 26 100
136 26 100
136 26 100
136 26 100
136 26 100
136 26 100
136 26 100
136 26 100
136 26 100
137 26 100
137 26 100
137 26 100
137 26 100
137 26 100
137 26 100
137 26 100
137 26 100
137 26 100
137 26 100
137 26 100
137 26 100
137 26 100
137 26 100
137 26 100
137 26 100
137 26 100
137 26 100
137 26 100
137 26 100
137 26 100
137 27 100
137 27 100
137 27 100
137 27 100
137 27 100
137 27 100
137 27 100
137 27 100
137 27 100
137 27 100
137 27 100
137 27 100
137 27 100
137 27 100
137 27 100
137 27 100
137 27 100
137 27 100
137 27 100
137 27 100
137 27 100
137 27 100
137 27 100
137 27 100
138 27 100
138 27 100
138 27 100
138 27 100
138 27 100
138 27 100
138 27 100
138 27 100
138 27 100
138 27 100
138 27 100
138 27 100
138 27 100
138 27 100
138 27 100
138 27 100
138 27 100
138 27 100
138 27 100
138 27 100
138 27 100
138 27 100
138 27 100
138 27 100
138 27 100
138 27 100
138 27 100
138 27 100
138 28 100
138 28 100
138 28 100
138 28 100
138 28 100
138 28 100
138 28 100
138 28 100
138 28 100
138 28 100
138 28 100
138 28 100
138 28 100
138 28 100
138 28 100
138 28 100
138 28 100
138 28 100
138 28 100
138 28 100
138 28 100
138 28 100
138 28 100
138 28 100
138 28 100
138 28 100
138 28 100
138 28 100
138 28 100
139 28 100
139 28 100
139 28 100
139 28 100
139 28 100
139 28 100
139 28 100
139 28 100
139 28 100
139 28 100
139 28 100
139 28 100
139 28 100
139 28 100
139 28 100
139 28 100
139 28 100
139 28 100
139 28 100
139 28 100
139 28 100
139 28 100
139 28 100
139 28 100
139 28 100
139 28 100
139 28 100
139 28 100
139 28 100
139 28 100
139 28 100
139 28 100
139 29 100
139 29 100
139 29 100
139 29 100
139 29 100
139 29 100
139 29 100
139 29 100
139 29 100
139 29 100
139 29 100
139 29 100
139 29 100
139 29 100
139 29 100
139 29 100
139 29 100
139 29 100
139 29 100
139 29 100
139 29 100
139 29 100
139 29 100
139 29 100
139 29 100
139 29 100
139 29 100
139 29 100
139 29 100
139 29 100
139 29 100
139 29 100
140 29 100
140 29 100
140 29 100
140 29 100
140 29 100
140 29 100
140 29 100
140 29 100
140 29 100
140 29 100
140 29 100
140 29 100
140 29 100
140 29 100
140 29 100
140 29 100
140 29 100
140 29 100
140 29 100
140 29 100
140 29 100
140 29 100
140 29 100
140 29 100
140 29 100
140 29 100
140 29 100
140 29 100
140 29 100
140 29 100
140 29 100
140 29 100
140 29 100
140 29 100
140 30 100
140 30 100
140 30 100
140 30 100
140 30 100
140 30 100
140 30 100
140 30 100
140 30 100
140 30 100
140 30 100
140 30 100
140 30 100
140 30 100
140 30 100
140 30 100
140 30 100
140 30 100
140 30 100
140 30 100
140 30 100
140 30 100
140 30 100
140 30 100
140 30 100
140 30 100
140 30 100
140 30 100
140 30 100
141 30 100
141 30 100
141 30 100
141 30 100
141 30 100
141 30 100
141 30 100
141 30 100
141 30 100
141 30 100
141 30 100
141 30 100
141 30 100
141 30 100
141 30 100
141 30 100
141 30 100
141 30 100
141 30 100
141 30 100
141 30 100
141 30 100
141 30 100
141 30 100
141 30 100
141 30 100
141 30 100
141 30 100
141 30 100
141 30 100
141 30 100
141 30 100
142 30 100
142 30 100
142 30 100
142 30 100
142 30 100
142 30 100
142 30 100
142 30 100
142 30 100
142 30 100
142 30 100
142 30 100
142 30 100
142 30 100
142 30 100
142 30 100
142 30 100
142 30 100
142 30 100
142 30 100
142 30 100
142 30 100
142 30 100
142 30 100
142 30 100
142 30 100
142 30 100
142 30 100
142 30 100
142 30 100
142 30 100
143 30 100
143 30 100
143 30 100
143 30 100
143 30 100
143 30 100
143 30 100
143 30 100
143 30 100
143 30 100
143 30 100
143 30 100
143 30 100
143 30 100
143 30 100
143 30 100
143 30 100
143 30 100
143 30 100
143 30 100
143 30 100
143 30 100
143 30 100
143 30 100
143 30 100
143 30 100
143 30 100
143 30 100
144 30 100
144 30 100
144 30 100
144 30 100
144 30 100
144 30 100
144 30 100
144 30 100
144 30 100
144 30 100
144 30 100
144 30 100
144 30 100
144 30 100
144 30 100
144 30 100
144 30 100
144 30 100
144 30 100
144 30 100
144 30 100
144 30 100
144 30 100
144 30 100
145 30 100
145 30 100
145 30 100
145 30 100
145 30 100
145 30 100
145 30 100
145 30 100
145 30 100
145 30 100
145 30 100
145 30 100
145 30 100
145 30 100
145 30 100
145 30 100
145 30 100
145 30 100
145 30 100
145 30 100
146 30 100
146 30 100
146 30 100
146 30 100
146 30 100
146 30 100
146 30 100
146 30 100
146 30 100
146 30 100
146 30 100
146 30 100
146 30 100
146 30 100
146 30 100
147 30 100
147 30 100
147 30 100
147 30 100
147 30 100
147 30 100
147 30 100
147 30 100
147 30 100
147 30 100
148 30 100
148 30 100
148 30 100
148 30 100
148 30 100
148 30 100
149 30 100
149 30 100
149 30 100
149 30 100
150 31 100
150 32 100
150 33 100
150 34 100
150 35 100
150 36 100
150 37 100
150 38 100
150 39 100
149 40 100
149 41 100
148 41 100
148 42 100
147 42 100
147 43 100
146 43 100
165 199 100
164 199 100
164 198 100
163 198 100
163 197 100
162 197 100
162 196 100
161 196 100
161 195 100
161 195 100
160 195 100
160 195 100
160 194 100
160 194 100
160 193 100
160 193 100
160 193 100
160 192 100
160 192 100
160 192 100
160 191 100
160 191 100
160 191 100
160 191 100
160 190 100
160 190 100
160 190 100
160 190 100
160 189 100
160 189 100
160 189 100
160 189 100
160 189 100
160 188 100
160 188 100
160 188 100
160 188 100
160 188 100
160 188 100
160 187 100
160 187 100
160 187 100
160 187 100
160 187 100
160 187 100
160 186 100
160 186 100
160 186 100
160 186 100
160 186 100
160 186 100
160 185 100
160 185 100
160 185 100
160 185 100
160 185 100
160 185 100
160 184 100
160 184 100
160 184 100
160 184 100
160 184 100
160 183 100
160 183 100
160 183 100
160 183 100
160 182 100
160 182 100
160 182 100
160 181 100
160 181 100
160 180 100
160 179 100
160 178 100
160 177 100
160 176 100
160 175 100
160 174 100
160 173 100
160 172 100
160 171 100
160 169 100
160 168 100
160 167 100
160 166 100
160 165 100
160 164 100
160 163 100
160 162 100
160 161 100
159 160 100
158 160 100
157 160 100
156 160 100
155 160 100
154 160 100
153 160 100
153 160 100
152 160 100
152 160 100
151 160 100
151 160 100
151 160 100
150 160 100
149 160 100
149 160 100
149 160 100
149 160 100
148 160 100
148 160 100
148 160 100
148 160 100
148 160 100
147 160 100
147 160 100
147 160 100
147 160 100
147 160 100
146 160 100
146 160 100
146 160 100
146 160 100
146 160 100
145 160 100
145 160 100
145 160 100
145 160 100
145 160 100
144 160 100
144 160 100
144 160 100
144 160 100
143 160 100
143 160 100
143 160 100
143 160 100
142 160 100
142 160 100
142 160 100
141 160 100
141 160 100
141 160 100
140 159 100
140 159 100
140 158 100
140 158 100
140 157 100
140 157 100
140 156 100
140 156 100
140 155 100
140 155 100
140 154 100
140 154 100
140 153 100
140 153 100
140 152 100
140 152 100
140 151 100
140 149 100
140 148 100
140 147 100
140 146 100
140 145 100
140 144 100
140 143 100
140 142 100
140 141 100
141 140 100
141 139 100
141 138 100
141 137 100
141 136 100
141 135 100
141 134 100
141 133 100
140 133 100
140 132 100
140 131 100
140 129 100
140 128 100
140 127 100
140 126 100
140 125 100
140 124 100
140 123 100
140 122 100
140 121 100
140 119 100
140 118 100
140 117 100
140 116 100
140 115 100
140 114 100
140 113 100
140 112 100
140 111 100
140 109 100
140 108 100
140 107 100
140 106 100
140 105 100
140 104 100
140 103 100
140 102 100
140 101 100
140 99 100
140 98 100
140 97 100
140 96 100
140 95 100
140 94 100
140 93 100
140 92 100
140 91 100
140 89 100
140 88 100
140 87 100
140 86 100
140 85 100
140 84 100
140 83 100
140 82 100
140 81 100
140 79 100
140 78 100
140 77 100
140 76 100
140 75 100
140 74 100
140 73 100
140 72 100
140 71 100
140 69 100
140 68 100
140 67 100
140 66 100
140 65 100
140 64 100
140 63 100
140 62 100
140 62 100
140 61 100
140 61 100
141 60 100
141 60 100
141 59 100
141 59 100
141 59 100
142 59 100
142 59 100
142 59 100
142 58 100
142 58 100
142 58 100
142 58 100
143 58 100
143 58 100
143 58 100
143 58 100
143 57 100
143 57 100
143 57 100
143 57 100
143 57 100
144 57 100
144 57 100
144 57 100
144 57 100
144 57 100
144 57 100
144 56 100
144 56 100
144 56 100
144 56 100
144 56 100
144 56 100
145 56 100
145 56 100
145 56 100
145 56 100
145 56 100
145 56 100
145 56 100
145 55 100
145 55 100
145 55 100
145 55 100
145 55 100
145 55 100
145 55 100
146 55 100
146 55 100
146 55 100
146 55 100
146 55 100
146 55 100
146 55 100
146 54 100
146 54 100
146 54 100
146 54 100
146 54 100
146 54 100
146 54 100
147 54 100
147 54 100
147 54 100
147 54 100
147 54 100
147 54 100
147 54 100
147 53 100
147 53 100
147 53 100
147 53 100
147 53 100
147 53 100
148 53 100
148 53 100
148 53 100
148 53 100
148 53 100
148 53 100
148 52 100
148 52 100
148 52 100
148 52 100
148 52 100
149 52 100
149 52 100
149 52 100
149 52 100
149 52 100
149 51 100
149 51 100
149 51 100
149 51 100
150 51 100
150 51 100
150 51 100
150 51 100
150 49 100
150 49 100
150 49 100
150 48 100
150 48 100
150 47 100
150 47 100
150 46 100
150 45 100
150 44 100
150 43 100
150 42 100
150 41 100
50 123 100
50 122 100
50 121 100
50 119 100
50 118 100
50 117 100
50 116 100
50 115 100
50 114 100
50 113 100
50 112 100
50 111 100
51 110 100
52 110 100
53 110 100
54 110 100
55 110 100
56 110 100
57 110 100
58 110 100
59 110 100
61 110 100
62 110 100
63 110 100
64 110 100
65 110 100
66 110 100
67 110 100
68 110 100
69 110 100
71 110 100
72 110 100
73 110 100
74 110 100
75 110 100
76 110 100
77 110 100
78 110 100
79 110 100
81 110 100
82 110 100
83 110 100
84 110 100
85 110 100
86 110 100
87 110 100
88 110 100
89 110 100
90 109 100
90 108 100
90 107 100
90 106 100
90 105 100
90 104 100
90 103 100
90 102 100
90 101 100
91 100 100
92 100 100
93 100 100
94 100 100
95 100 100
96 100 100
97 100 100
98 100 100
99 100 100
100 99 100
100 98 100
100 97 100
100 96 100
100 95 100
100 94 100
100 94 100
100 93 100
100 93 100
100 92 100
100 92 100
100 92 100
100 91 100
100 91 100
100 91 100
100 91 100
100 90 100
100 90 100
100 90 100
100 90 100
100 89 100
100 89 100
100 89 100
100 89 100
100 89 100
100 89 100
100 89 100
100 88 100
100 88 100
100 88 100
100 88 100
100 88 100
100 88 100
100 88 100
100 88 100
100 88 100
100 87 100
100 87 100
100 87 100
100 87 100
100 87 100
100 87 100
100 87 100
100 87 100
100 87 100
100 87 100
100 87 100
100 86 100
100 86 100
100 86 100
100 86 100
100 86 100
100 86 100
100 86 100
100 86 100
100 86 100
100 86 100
100 86 100
100 86 100
100 86 100
100 85 100
100 85 100
100 85 100
100 85 100
100 85 100
100 85 100
100 85 100
100 85 100
100 85 100
100 85 100
100 85 100
100 85 100
100 85 100
100 85 100
100 84 100
100 84 100
100 84 100
100 84 100
100 84 100
100 84 100
100 84 100
100 84 100
100 84 100
100 84 100
100 84 100
100 84 100
100 84 100
100 84 100
100 84 100
100 83 100
100 83 100
100 83 100
100 83 100
100 83 100
100 83 100
100 83 100
100 83 100
100 83 100
100 83 100
100 83 100
100 83 100
100 83 100
100 83 100
100 83 100
100 83 100
100 82 100
100 82 100
100 82 100
100 82 100
100 82 100
100 82 100
100 82 100
100 82 100
100 82 100
100 82 100
100 82 100
100 82 100
100 82 100
100 82 100
100 82 100
100 82 100
100 81 100
100 81 100
100 81 100
100 81 100
100 81 100
100 81 100
100 81 100
100 81 100
100 81 100
100 81 100
100 81 100
100 81 100
100 81 100
100 81 100
100 81 100
100 81 100
100 80 100
100 80 100
100 80 100
100 80 100
100 80 100
100 80 100
100 80 100
100 80 100
100 80 100
100 80 100
100 80 100
100 80 100
100 80 100
100 80 100
100 79 100
100 79 100
100 79 100
100 79 100
100 79 100
100 79 100
100 79 100
100 79 100
100 79 100
100 79 100
100 79 100
100 79 100
100 79 100
100 79 100
100 79 100
100 78 100
100 78 100
100 78 100
100 78 100
100 78 100
100 78 100
100 78 100
100 78 100
100 78 100
100 78 100
100 78 100
100 78 100
100 78 100
100 77 100
100 77 100
100 77 100
100 77 100
100 77 100
100 77 100
100 77 100
100 77 100
100 77 100
100 77 100
100 77 100
100 76 100
100 76 100
100 76 100
100 76 100
100 76 100
100 76 100
100 76 100
100 76 100
100 76 100
100 75 100
100 75 100
100 75 100
100 75 100
100 75 100
100 75 100
100 75 100
100 74 100
100 74 100
100 74 100
100 74 100
100 74 100
100 74 100
100 73 100
100 73 100
100 73 100
100 73 100
100 72 100
100 72 100
100 72 100
100 71 100
100 71 100
101 70 100
102 70 100
103 70 100
104 70 100
105 70 100
106 70 100
107 70 100
108 70 100
109 70 100
110 69 100
110 68 100
110 67 100
110 66 100
110 65 100
110 64 100
110 63 100
110 62 100
110 61 100
111 60 100
112 60 100
113 60 100
114 60 100
115 60 100
116 60 100
117 60 100
118 60 100
119 60 100
121 60 100
122 60 100
123 60 100
124 60 100
125 60 100
126 60 100
126 60 100
127 60 100
127 60 100
128 60 100
128 60 100
129 60 100
129 60 100
131 60 100
131 60 100
132 60 100
132 60 100
133 60 100
133 60 100
134 60 100
134 60 100
135 60 100
135 60 100
136 60 100
137 60 100
138 60 100
138 60 100
139 60 100
139 60 100
168 20 100
167 20 100
166 20 100
165 20 100
164 20 100
163 20 100
162 20 100
161 20 100
161 20 100
160 21 100
160 21 100
160 22 100
160 23 100
160 24 100
160 25 100
160 26 100
160 27 100
160 28 100
160 29 100
159 30 100
158 30 100
157 30 100
156 30 100
155 30 100
154 30 100
153 30 100
152 30 100
151 30 100
76 15 100
77 15 100
77 14 100
78 14 100
78 13 100
79 13 100
79 12 100
80 12 100
80 11 100
81 10 100
82 10 100
83 10 100
84 10 100
85 10 100
86 10 100
87 10 100
88 10 100
89 10 100
91 10 100
92 10 100
93 10 100
94 10 100
95 10 100
96 10 100
97 10 100
98 10 100
99 10 100
101 10 100
101 10 100
101 10 100
102 10 100
102 10 100
102 10 100
103 10 100
103 10 100
103 10 100
103 10 100
103 10 100
104 10 100
104 10 100
104 10 100
104 10 100
104 10 100
104 10 100
105 10 100
105 10 100
105 10 100
105 10 100
105 10 100
105 10 100
105 10 100
105 10 100
106 10 100
106 10 100
106 10 100
106 10 100
106 10 100
106 10 100
106 10 100
106 10 100
106 10 100
107 10 100
107 10 100
107 10 100
107 10 100
107 10 100
107 10 100
107 10 100
107 10 100
107 10 100
108 10 100
108 10 100
108 10 100
108 10 100
108 10 100
108 10 100
108 10 100
108 10 100
108 10 100
109 10 100
109 10 100
109 10 100
109 10 100
109 10 100
109 10 100
109 10 100
109 10 100
110 10 100
110 10 100
110 10 100
110 10 100
111 10 100
111 10 100
111 10 100
111 10 100
111 10 100
112 10 100
112 10 100
112 10 100
113 10 100
113 10 100
114 10 100
114 10 100
115 10 100
116 10 100
117 10 100
118 10 100
119 10 100
121 10 100
122 10 100
123 10 100
124 10 100
125 10 100
126 10 100
199 71 100
198 71 100
198 72 100
197 72 100
197 73 100
196 73 100
196 74 100
195 74 100
195 75 100
194 75 100
194 76 100
193 76 100
193 77 100
192 77 100
192 78 100
191 78 100
191 79 100
190 79 100
189 80 100
188 80 100
187 80 100
186 80 100
185 80 100
184 80 100
183 80 100
182 80 100
182 80 100
181 80 100
181 80 100
180 80 100
179 80 100
179 80 100
179 80 100
179 80 100
178 80 100
178 80 100
178 80 100
178 80 100
178 80 100
178 80 100
177 80 100
177 80 100
177 80 100
177 80 100
177 80 100
177 80 100
177 80 100
177 80 100
176 80 100
176 80 100
176 80 100
176 80 100
176 80 100
176 80 100
176 80 100
176 80 100
176 80 100
175 80 100
175 80 100
175 80 100
175 80 100
175 80 100
175 80 100
175 80 100
175 80 100
175 80 100
175 80 100
175 80 100
174 80 100
174 80 100
174 80 100
174 80 100
174 80 100
174 80 100
174 80 100
174 80 100
174 80 100
174 80 100
174 80 100
174 80 100
174 80 100
173 80 100
173 80 100
173 80 100
173 80 100
173 80 100
173 80 100
173 80 100
173 80 100
173 80 100
173 80 100
173 80 100
173 80 100
173 80 100
173 80 100
173 80 100
172 80 100
172 80 100
172 80 100
172 80 100
172 80 100
172 80 100
172 80 100
172 80 100
172 80 100
172 80 100
172 80 100
172 80 100
172 80 100
172 80 100
172 80 100
172 80 100
172 80 100
171 80 100
171 80 100
171 80 100
171 80 100
171 80 100
171 80 100
171 80 100
171 80 100
171 80 100
171 80 100
171 80 100
171 80 100
171 80 100
171 80 100
171 80 100
171 80 100
171 80 100
171 80 100
170 80 100
170 80 100
170 80 100
170 80 100
170 80 100
170 80 100
170 80 100
170 80 100
170 80 100
170 80 100
170 80 100
170 80 100
170 80 100
170 80 100
170 80 100
170 80 100
169 80 100
169 80 100
169 80 100
169 80 100
169 80 100
169 80 100
169 80 100
169 80 100
169 80 100
169 80 100
169 80 100
169 80 100
169 80 100
169 80 100
169 80 100
169 80 100
169 80 100
169 80 100
169 80 100
169 80 100
168 80 100
168 80 100
168 80 100
168 80 100
168 80 100
168 80 100
168 80 100
168 80 100
168 80 100
168 80 100
168 80 100
168 80 100
168 80 100
168 80 100
168 80 100
168 80 100
168 80 100
168 80 100
168 80 100
167 80 100
167 80 100
167 80 100
167 80 100
167 80 100
167 80 100
167 80 100
167 80 100
167 80 100
167 80 100
167 80 100
167 80 100
167 80 100
167 80 100
167 80 100
167 80 100
167 80 100
166 80 100
166 80 100
166 80 100
166 80 100
166 80 100
166 80 100
166 80 100
166 80 100
166 80 100
166 80 100
166 80 100
166 80 100
166 80 100
166 80 100
166 80 100
165 80 100
165 80 100
165 80 100
165 80 100
165 80 100
165 80 100
165 80 100
165 80 100
165 80 100
165 80 100
165 80 100
165 80 100
164 80 100
164 80 100
164 80 100
164 80 100
164 80 100
164 80 100
164 80 100
164 80 100
164 80 100
163 80 100
163 80 100
163 80 100
163 80 100
163 80 100
163 80 100
163 80 100
162 80 100
162 80 100
162 80 100
162 80 100
162 80 100
161 80 100
161 80 100
161 80 100
161 80 100
159 80 100
159 80 100
158 80 100
158 80 100
157 80 100
157 80 100
156 80 100
155 80 100
154 80 100
153 80 100
152 80 100
151 80 100
149 80 100
148 80 100
147 80 100
146 80 100
145 80 100
144 80 100
143 80 100
142 80 100
141 80 100
138 80 100
139 80 100
12 158 100
11 158 100
11 157 100
10 157 100
10 156 100
10 155 100
10 154 100
10 153 100
10 152 100
10 151 100
10 149 100
10 148 100
10 148 100
10 147 100
10 147 100
10 147 100
10 147 100
10 146 100
10 146 100
10 146 100
10 146 100
10 146 100
10 145 100
10 145 100
10 145 100
10 145 100
10 145 100
10 145 100
10 145 100
10 145 100
10 144 100
10 144 100
10 144 100
10 144 100
10 144 100
10 144 100
10 144 100
10 144 100
10 144 100
10 144 100
10 143 100
10 143 100
10 143 100
10 143 100
10 143 100
10 143 100
10 143 100
10 143 100
10 143 100
10 143 100
10 143 100
10 143 100
10 142 100
10 142 100
10 142 100
10 142 100
10 142 100
10 142 100
10 142 100
10 142 100
10 142 100
10 142 100
10 142 100
10 142 100
10 142 100
10 142 100
10 141 100
10 141 100
10 141 100
10 141 100
10 141 100
10 141 100
10 141 100
10 141 100
10 141 100
10 141 100
10 141 100
10 141 100
10 141 100
10 141 100
10 141 100
10 140 100
10 140 100
10 140 100
10 140 100
10 140 100
10 140 100
10 140 100
10 140 100
10 140 100
10 140 100
10 140 100
10 140 100
10 140 100
10 140 100
10 139 100
10 139 100
10 139 100
10 139 100
10 139 100
10 139 100
10 139 100
10 139 100
10 139 100
10 139 100
10 139 100
10 139 100
10 139 100
10 139 100
10 139 100
10 139 100
10 139 100
10 138 100
10 138 100
10 138 100
10 138 100
10 138 100
10 138 100
10 138 100
10 138 100
10 138 100
10 138 100
10 138 100
10 138 100
10 138 100
10 138 100
10 138 100
10 138 100
10 138 100
10 137 100
10 137 100
10 137 100
10 137 100
10 137 100
10 137 100
10 137 100
10 137 100
10 137 100
10 137 100
10 137 100
10 137 100
10 137 100
10 137 100
10 137 100
10 137 100
10 137 100
10 136 100
10 136 100
10 136 100
10 136 100
10 136 100
10 136 100
10 136 100
10 136 100
10 136 100
10 136 100
10 136 100
10 136 100
10 136 100
10 136 100
10 136 100
10 136 100
10 135 100
10 135 100
10 135 100
10 135 100
10 135 100
10 135 100
10 135 100
10 135 100
10 135 100
10 135 100
10 135 100
10 135 100
10 135 100
10 135 100
10 134 100
10 134 100
10 134 100
10 134 100
10 134 100
10 134 100
10 134 100
10 134 100
10 134 100
10 134 100
10 134 100
10 133 100
10 133 100
10 133 100
10 133 100
10 133 100
10 133 100
10 133 100
10 133 100
10 133 100
10 132 100
10 132 100
10 132 100
10 132 100
10 132 100
10 132 100
10 131 100
10 131 100
10 131 100
10 131 100
10 130 100
10 129 100
10 129 100
10 128 100
10 128 100
10 127 100
10 126 100
10 125 100
10 124 100
10 123 100
10 122 100
10 121 100
11 120 100
12 120 100
13 120 100
14 120 100
15 120 100
16 120 100
17 120 100
18 120 100
19 120 100
21 120 100
22 120 100
23 120 100
24 120 100
25 120 100
26 120 100
27 120 100
28 120 100
29 120 100
31 120 100
32 120 100
33 120 100
33 120 100
34 120 100
34 120 100
35 120 100
35 120 100
36 120 100
36 120 100
37 120 100
37 120 100
38 120 100
38 120 100
39 120 100
39 120 100
41 120 100
42 120 100
43 120 100
44 120 100
45 120 100
46 120 100
47 120 100
48 120 100
49 120 100
