# score 97656
0 0 100
10 0 100
20 0 100
30 0 100
40 0 100
50 0 100
60 0 100
0 10 100
10 10 100
20 10 100
30 10 100
40 10 100
50 10 100
60 10 100
0 20 100
10 20 100
20 20 100
30 20 100
40 20 100
50 20 100
60 20 100
0 30 100
10 30 100
20 30 100
30 30 100
40 30 100
50 30 100
60 30 100
0 40 100
10 40 100
20 40 100
30 40 100
40 40 100
50 40 100
60 40 100
0 20 100
10 20 100
20 20 100
60 20 100
0 30 100
10 30 100
20 30 100
30 30 100
0 40 100
10 40 100
20 40 100
0 50 100
10 50 100
20 50 100
30 50 100
40 50 100
50 50 100
60 50 100
0 60 100
10 60 100
20 60 100
30 60 100
40 60 100
50 60 100
60 60 100
0 70 100
10 70 100
20 70 100
30 70 100
40 70 100
50 70 100
60 70 100
0 80 100
10 80 100
20 80 100
30 80 100
40 80 100
50 80 100
60 80 100
0 90 100
10 90 100
20 90 100
30 90 100
40 90 100
50 90 100
60 90 100
0 100 100
10 100 100
20 100 100
30 100 100
40 100 100
50 100 100
60 100 100
130 0 100
140 0 100
150 0 100
160 0 100
170 0 100
180 0 100
190 0 100
130 10 100
140 10 100
150 10 100
160 10 100
170 10 100
180 10 100
190 10 100
130 20 100
140 20 100
150 20 100
160 20 100
170 20 100
180 20 100
190 20 100
130 30 100
140 30 100
150 30 100
160 30 100
170 30 100
180 30 100
190 30 100
130 40 100
140 40 100
150 40 100
160 40 100
170 40 100
180 40 100
190 40 100
130 50 100
140 50 100
150 50 100
160 50 100
170 50 100
180 50 100
190 50 100
110 150 100
120 150 100
130 150 100
140 150 100
150 150 100
160 150 100
170 150 100
180 150 100
190 150 100
110 160 100
120 160 100
130 160 100
140 160 100
150 160 100
160 160 100
170 160 100
180 160 100
190 160 100
110 170 100
120 170 100
130 170 100
140 170 100
150 170 100
160 170 100
170 170 100
180 170 100
190 170 100
110 180 100
120 180 100
130 180 100
140 180 100
150 180 100
160 180 100
170 180 100
180 180 100
190 180 100
110 190 100
120 190 100
130 190 100
140 190 100
150 190 100
160 190 100
170 190 100
180 190 100
190 190 100
0 80 100
10 80 100
20 80 100
50 80 100
60 80 100
0 90 100
10 90 100
20 90 100
60 90 100
0 100 100
0 110 100
10 110 100
20 110 100
30 110 100
40 110 100
50 110 100
60 110 100
0 120 100
10 120 100
20 120 100
30 120 100
40 120 100
50 120 100
60 120 100
0 130 100
10 130 100
20 130 100
30 130 100
40 130 100
50 130 100
60 130 100
0 140 100
10 140 100
20 140 100
30 140 100
40 140 100
50 140 100
60 140 100
0 150 100
10 150 100
20 150 100
30 150 100
40 150 100
50 150 100
60 150 100
0 160 100
10 160 100
20 160 100
30 160 100
40 160 100
50 160 100
60 160 100
10 60 100
50 60 100
60 60 100
70 60 100
80 60 100
90 60 100
50 70 100
60 70 100
70 70 100
80 70 100
90 70 100
10 80 100
20 80 100
60 80 100
70 80 100
80 80 100
90 80 100
10 90 100
70 90 100
80 90 100
90 90 100
70 100 100
80 100 100
90 100 100
10 110 100
70 110 100
80 110 100
90 110 100
10 120 100
20 120 100
70 120 100
80 120 100
90 120 100
10 130 100
70 130 100
80 130 100
90 130 100
10 140 100
40 140 100
50 140 100
60 140 100
70 140 100
80 140 100
90 140 100
70 60 100
80 60 100
90 60 100
100 60 100
110 60 100
120 60 100
130 60 100
140 60 100
150 60 100
70 70 100
80 70 100
90 70 100
100 70 100
110 70 100
120 70 100
130 70 100
140 70 100
150 70 100
70 80 100
80 80 100
90 80 100
100 80 100
110 80 100
120 80 100
130 80 100
140 80 100
150 80 100
70 90 100
80 90 100
90 90 100
100 90 100
110 90 100
120 90 100
130 90 100
140 90 100
150 90 100
70 100 100
80 100 100
90 100 100
100 100 100
110 100 100
120 100 100
130 100 100
140 100 100
150 100 100
80 110 100
90 110 100
100 110 100
110 110 100
120 110 100
130 110 100
140 110 100
150 110 100
90 120 100
100 120 100
110 120 100
120 120 100
130 120 100
140 120 100
150 120 100
90 130 100
100 130 100
110 130 100
120 130 100
130 130 100
140 130 100
150 130 100
90 140 100
100 140 100
110 140 100
120 140 100
130 140 100
140 140 100
150 140 100
110 40 100
120 40 100
130 40 100
140 40 100
110 50 100
120 50 100
130 50 100
140 50 100
150 50 100
110 60 100
120 60 100
130 60 100
140 60 100
150 60 100
160 60 100
170 60 100
180 60 100
190 60 100
110 70 100
120 70 100
130 70 100
140 70 100
150 70 100
160 70 100
170 70 100
180 70 100
190 70 100
110 80 100
120 80 100
130 80 100
140 80 100
150 80 100
160 80 100
170 80 100
180 80 100
190 80 100
110 90 100
130 90 100
140 90 100
160 90 100
170 90 100
180 90 100
190 90 100
130 100 100
140 100 100
150 100 100
160 100 100
170 100 100
180 100 100
190 100 100
130 110 100
140 110 100
150 110 100
160 110 100
170 110 100
180 110 100
190 110 100
110 120 100
130 120 100
140 120 100
150 120 100
160 120 100
170 120 100
180 120 100
190 120 100
50 150 100
60 150 100
70 150 100
80 150 100
90 150 100
100 150 100
130 150 100
50 160 100
60 160 100
70 160 100
80 160 100
90 160 100
100 160 100
130 160 100
50 170 100
60 170 100
70 170 100
80 170 100
90 170 100
100 170 100
110 170 100
120 170 100
130 170 100
50 180 100
60 180 100
70 180 100
80 180 100
90 180 100
100 180 100
110 180 100
120 180 100
130 180 100
50 190 100
60 190 100
70 190 100
80 190 100
90 190 100
100 190 100
110 190 100
120 190 100
130 190 100
10 0 100
70 0 100
80 0 100
90 0 100
10 10 100
20 10 100
60 10 100
70 10 100
80 10 100
90 10 100
10 20 100
20 20 100
60 20 100
70 20 100
80 20 100
90 20 100
10 30 100
20 30 100
70 30 100
80 30 100
90 30 100
10 40 100
20 40 100
70 40 100
80 40 100
90 40 100
10 50 100
60 50 100
70 50 100
80 50 100
90 50 100
10 60 100
60 60 100
70 60 100
80 60 100
90 60 100
60 70 100
70 70 100
80 70 100
90 70 100
10 80 100
20 80 100
60 80 100
70 80 100
80 80 100
90 80 100
27 122 100
28 122 100
28 121 100
29 121 100
29 120 100
30 119 100
30 118 100
30 117 100
30 116 100
30 115 100
30 114 100
30 113 100
30 112 100
30 111 100
30 109 100
30 108 100
30 107 100
30 106 100
30 105 100
30 104 100
30 103 100
30 102 100
30 101 100
30 99 100
30 98 100
30 97 100
30 96 100
30 95 100
30 94 100
30 93 100
30 92 100
30 91 100
30 89 100
30 88 100
30 87 100
30 86 100
30 85 100
30 84 100
30 83 100
30 82 100
30 81 100
30 79 100
30 78 100
30 77 100
30 76 100
30 75 100
30 74 100
30 73 100
30 72 100
30 71 100
29 70 100
29 69 100
28 69 100
27 69 100
51 105 100
50 105 100
50 104 100
50 103 100
50 102 100
50 101 100
49 100 100
48 100 100
47 100 100
46 100 100
45 100 100
44 100 100
43 100 100
42 100 100
41 100 100
39 100 100
38 100 100
37 100 100
36 100 100
35 100 100
34 100 100
33 100 100
32 100 100
31 100 100
118 100 100
119 100 100
120 99 100
120 98 100
120 97 100
120 96 100
120 95 100
120 94 100
120 93 100
120 92 100
120 91 100
121 90 100
122 90 100
122 90 100
123 90 100
123 90 100
124 90 100
125 90 100
126 90 100
127 90 100
128 90 100
128 90 100
129 90 100
129 90 100
131 90 100
131 90 100
131 90 100
132 90 100
132 90 100
132 90 100
133 90 100
133 90 100
133 90 100
134 90 100
134 90 100
134 90 100
135 90 100
135 90 100
135 90 100
136 90 100
136 90 100
136 90 100
137 90 100
137 90 100
137 90 100
138 90 100
138 90 100
138 90 100
139 90 100
139 90 100
139 90 100
140 90 100
141 90 100
141 90 100
141 90 100
142 90 100
142 90 100
142 90 100
142 90 100
143 90 100
143 90 100
143 90 100
143 90 100
144 90 100
144 90 100
144 90 100
145 90 100
145 90 100
145 90 100
146 90 100
146 90 100
147 90 100
147 90 100
148 90 100
148 90 100
149 90 100
149 90 100
150 89 100
150 88 100
150 87 100
150 86 100
150 85 100
150 84 100
150 83 100
150 82 100
150 81 100
151 80 100
152 80 100
153 80 100
154 80 100
155 80 100
156 80 100
157 80 100
158 80 100
159 80 100
161 80 100
162 80 100
163 80 100
164 80 100
165 80 100
166 80 100
167 80 100
168 80 100
169 80 100
170 79 100
170 78 100
170 77 100
170 76 100
170 75 100
170 74 100
170 73 100
170 72 100
170 71 100
170 69 100
170 68 100
170 67 100
170 66 100
170 65 100
170 64 100
170 63 100
170 62 100
170 61 100
170 59 100
170 58 100
170 57 100
170 56 100
170 55 100
170 54 100
170 53 100
170 52 100
170 51 100
170 49 100
170 48 100
170 47 100
170 46 100
170 45 100
170 44 100
170 43 100
170 42 100
170 41 100
170 39 100
170 38 100
170 37 100
170 36 100
170 35 100
170 34 100
170 33 100
170 32 100
170 31 100
170 29 100
170 28 100
170 27 100
170 26 100
170 25 100
170 24 100
170 23 100
170 22 100
170 21 100
171 20 100
172 20 100
173 20 100
174 20 100
175 20 100
176 20 100
177 20 100
178 20 100
179 20 100
179 19 100
178 19 100
178 18 100
178 17 100
178 16 100
178 15 100
178 14 100
178 13 100
93 191 100
92 191 100
92 190 100
91 190 100
90 189 100
90 188 100
90 187 100
90 186 100
90 185 100
90 184 100
90 183 100
90 182 100
90 181 100
90 179 100
90 178 100
90 177 100
90 176 100
90 175 100
90 174 100
90 173 100
90 172 100
90 171 100
89 170 100
88 170 100
87 170 100
86 170 100
85 170 100
84 170 100
83 170 100
82 170 100
81 170 100
80 169 100
80 168 100
80 167 100
80 166 100
80 165 100
80 164 100
80 163 100
80 162 100
80 161 100
79 160 100
78 160 100
77 160 100
76 160 100
75 160 100
74 160 100
73 160 100
72 160 100
71 160 100
70 159 100
70 159 100
70 158 100
70 158 100
70 157 100
70 157 100
70 156 100
70 156 100
70 155 100
70 155 100
70 154 100
70 153 100
70 152 100
70 151 100
70 149 100
70 148 100
70 147 100
70 146 100
70 145 100
70 144 100
70 143 100
70 142 100
70 141 100
70 139 100
70 138 100
70 137 100
70 136 100
70 135 100
70 134 100
70 133 100
70 132 100
70 131 100
70 129 100
70 128 100
70 127 100
70 126 100
70 125 100
70 124 100
70 123 100
70 122 100
70 121 100
70 119 100
70 118 100
70 117 100
70 116 100
70 115 100
70 114 100
70 113 100
70 112 100
70 111 100
69 110 100
68 110 100
67 110 100
66 110 100
65 110 100
64 110 100
63 110 100
62 110 100
61 110 100
59 110 100
58 110 100
57 110 100
56 110 100
55 110 100
54 110 100
53 110 100
52 110 100
51 110 100
51 109 100
51 108 100
51 107 100
51 106 100
57 46 100
58 46 100
58 47 100
59 47 100
59 48 100
60 48 100
60 49 100
59 50 100
59 50 100
58 50 100
57 50 100
56 50 100
55 50 100
54 50 100
53 50 100
52 50 100
51 50 100
50 51 100
50 52 100
50 53 100
50 54 100
50 55 100
50 56 100
50 57 100
50 58 100
50 59 100
50 61 100
50 61 100
50 62 100
50 62 100
50 62 100
50 63 100
50 63 100
50 63 100
50 64 100
50 64 100
50 64 100
50 65 100
50 65 100
50 66 100
50 66 100
50 67 100
50 67 100
50 68 100
50 68 100
50 69 100
50 69 100
49 70 100
49 70 100
48 70 100
48 70 100
47 70 100
47 70 100
46 70 100
45 70 100
44 70 100
43 70 100
42 70 100
41 70 100
39 70 100
38 70 100
37 70 100
36 70 100
35 70 100
34 70 100
33 70 100
32 70 100
31 70 100
