# score 278844
0 130 100
10 130 100
20 130 100
30 130 100
40 130 100
50 130 100
0 140 100
10 140 100
20 140 100
30 140 100
40 140 100
50 140 100
0 150 100
10 150 100
20 150 100
30 150 100
40 150 100
50 150 100
0 160 100
10 160 100
20 160 100
30 160 100
40 160 100
50 160 100
0 170 100
10 170 100
20 170 100
30 170 100
40 170 100
50 170 100
0 180 100
10 180 100
20 180 100
30 180 100
40 180 100
50 180 100
0 190 100
10 190 100
20 190 100
30 190 100
40 190 100
50 190 100
120 120 100
130 120 100
140 120 100
150 120 100
160 120 100
170 120 100
180 120 100
190 120 100
120 130 100
130 130 100
140 130 100
150 130 100
160 130 100
170 130 100
180 130 100
190 130 100
120 140 100
130 140 100
140 140 100
150 140 100
160 140 100
170 140 100
180 140 100
190 140 100
120 150 100
130 150 100
140 150 100
150 150 100
160 150 100
170 150 100
180 150 100
190 150 100
120 160 100
130 160 100
140 160 100
150 160 100
160 160 100
170 160 100
180 160 100
190 160 100
120 170 100
130 170 100
140 170 100
150 170 100
160 170 100
170 170 100
180 170 100
190 170 100
120 180 100
130 180 100
140 180 100
150 180 100
160 180 100
170 180 100
180 180 100
190 180 100
120 190 100
130 190 100
140 190 100
150 190 100
160 190 100
170 190 100
180 190 100
190 190 100
100 0 100
110 0 100
120 0 100
130 0 100
140 0 100
150 0 100
160 0 100
170 0 100
180 0 100
100 10 100
110 10 100
120 10 100
130 10 100
140 10 100
150 10 100
160 10 100
170 10 100
180 10 100
100 20 100
110 20 100
120 20 100
130 20 100
140 20 100
150 20 100
160 20 100
170 20 100
180 20 100
100 30 100
110 30 100
120 30 100
130 30 100
140 30 100
150 30 100
160 30 100
170 30 100
180 30 100
100 40 100
110 40 100
120 40 100
130 40 100
140 40 100
150 40 100
160 40 100
170 40 100
180 40 100
100 50 100
110 50 100
120 50 100
130 50 100
140 50 100
150 50 100
160 50 100
170 50 100
180 50 100
100 60 100
110 60 100
120 60 100
130 60 100
140 60 100
150 60 100
160 60 100
170 60 100
180 60 100
30 40 100
40 40 100
50 40 100
60 40 100
70 40 100
80 40 100
90 40 100
100 40 100
110 40 100
30 50 100
40 50 100
50 50 100
60 50 100
70 50 100
80 50 100
90 50 100
100 50 100
110 50 100
30 60 100
40 60 100
50 60 100
60 60 100
70 60 100
80 60 100
90 60 100
100 60 100
30 70 100
40 70 100
50 70 100
60 70 100
70 70 100
80 70 100
90 70 100
100 70 100
110 70 100
30 80 100
40 80 100
50 80 100
60 80 100
70 80 100
80 80 100
90 80 100
100 80 100
110 80 100
30 90 100
40 90 100
50 90 100
60 90 100
70 90 100
80 90 100
90 90 100
100 90 100
110 90 100
30 100 100
40 100 100
50 100 100
60 100 100
70 100 100
80 100 100
90 100 100
100 100 100
110 100 100
30 110 100
40 110 100
50 110 100
60 110 100
70 110 100
80 110 100
90 110 100
100 110 100
110 110 100
30 120 100
40 120 100
50 120 100
60 120 100
70 120 100
80 120 100
90 120 100
100 120 100
110 120 100
0 0 100
10 0 100
20 0 100
30 0 100
40 0 100
50 0 100
0 10 100
10 10 100
20 10 100
30 10 100
40 10 100
50 10 100
0 20 100
10 20 100
20 20 100
30 20 100
40 20 100
50 20 100
0 30 100
10 30 100
20 30 100
30 30 100
40 30 100
50 30 100
0 40 100
10 40 100
20 40 100
30 40 100
0 50 100
10 50 100
20 50 100
30 50 100
40 50 100
0 60 100
10 60 100
20 60 100
30 60 100
40 60 100
50 60 100
0 70 100
10 70 100
20 70 100
30 70 100
40 70 100
50 70 100
0 80 100
10 80 100
20 80 100
30 80 100
40 80 100
0 90 100
10 90 100
20 90 100
30 90 100
40 90 100
50 90 100
0 100 100
10 100 100
20 100 100
30 100 100
40 100 100
50 100 100
0 110 100
10 110 100
20 110 100
30 110 100
40 110 100
50 110 100
0 120 100
10 120 100
20 120 100
30 120 100
40 120 100
50 120 100
0 130 100
10 130 100
20 130 100
0 140 100
10 140 100
20 140 100
50 140 100
90 140 100
100 140 100
110 140 100
120 140 100
160 140 100
90 150 100
100 150 100
110 150 100
120 150 100
90 160 100
100 160 100
110 160 100
120 160 100
130 160 100
140 160 100
150 160 100
90 170 100
100 170 100
110 170 100
120 170 100
150 170 100
160 170 100
90 180 100
100 180 100
110 180 100
150 180 100
160 180 100
170 180 100
90 190 100
100 190 100
110 190 100
120 190 100
160 190 100
170 190 100
70 84 100
70 85 100
70 86 100
70 87 100
70 88 100
70 89 100
70 91 100
70 92 100
70 93 100
70 94 100
70 95 100
70 96 100
70 97 100
70 98 100
70 99 100
70 101 100
70 102 100
70 103 100
70 104 100
70 105 100
70 106 100
70 107 100
70 108 100
70 109 100
70 111 100
70 112 100
70 113 100
70 114 100
70 115 100
70 116 100
70 117 100
70 118 100
70 119 100
71 120 100
72 120 100
72 120 100
73 120 100
73 120 100
73 120 100
74 120 100
74 120 100
74 120 100
74 120 100
75 120 100
75 120 100
75 120 100
75 120 100
75 120 100
75 120 100
76 120 100
76 120 100
76 120 100
76 120 100
76 120 100
76 120 100
76 120 100
76 120 100
77 120 100
77 120 100
77 120 100
77 120 100
77 120 100
77 120 100
77 120 100
77 120 100
77 120 100
77 120 100
77 120 100
78 120 100
78 120 100
78 120 100
78 120 100
78 120 100
78 120 100
78 120 100
78 120 100
78 120 100
78 120 100
78 120 100
78 120 100
78 120 100
79 120 100
79 120 100
79 120 100
79 120 100
79 120 100
79 120 100
79 120 100
79 120 100
79 120 100
79 120 100
79 120 100
79 120 100
79 120 100
79 120 100
79 120 100
79 120 100
80 120 100
80 120 100
80 120 100
80 120 100
80 120 100
80 120 100
80 120 100
80 120 100
80 120 100
80 120 100
80 120 100
80 120 100
80 120 100
80 120 100
80 120 100
80 120 100
80 120 100
80 120 100
81 120 100
81 120 100
81 120 100
81 120 100
81 120 100
81 120 100
81 120 100
81 120 100
81 120 100
81 120 100
81 120 100
81 120 100
81 120 100
81 120 100
81 120 100
81 120 100
81 120 100
81 120 100
81 120 100
81 120 100
81 120 100
82 120 100
82 120 100
82 120 100
82 120 100
82 120 100
82 120 100
82 120 100
82 120 100
82 120 100
82 120 100
82 120 100
82 120 100
82 120 100
82 120 100
82 120 100
82 120 100
82 120 100
82 120 100
82 120 100
82 120 100
82 120 100
82 120 100
83 120 100
83 120 100
83 120 100
83 120 100
83 120 100
83 120 100
83 120 100
83 120 100
83 120 100
83 120 100
83 120 100
83 120 100
83 120 100
83 120 100
83 120 100
83 120 100
83 120 100
83 120 100
83 120 100
83 120 100
83 120 100
83 120 100
83 120 100
84 120 100
84 120 100
84 120 100
84 120 100
84 120 100
84 120 100
84 120 100
84 120 100
84 120 100
84 120 100
84 120 100
84 120 100
84 120 100
84 120 100
84 120 100
84 120 100
84 120 100
84 120 100
84 120 100
84 120 100
84 120 100
84 120 100
84 120 100
84 120 100
85 120 100
85 120 100
85 120 100
85 120 100
85 120 100
85 120 100
85 120 100
85 120 100
85 120 100
85 120 100
85 120 100
85 120 100
85 120 100
85 120 100
85 120 100
85 120 100
85 120 100
85 120 100
85 120 100
85 120 100
85 120 100
85 120 100
85 120 100
85 120 100
86 120 100
86 120 100
86 120 100
86 120 100
86 120 100
86 120 100
86 120 100
86 120 100
86 120 100
86 120 100
86 120 100
86 120 100
86 120 100
86 120 100
86 120 100
86 120 100
86 120 100
86 120 100
86 120 100
86 120 100
86 120 100
86 120 100
86 120 100
87 120 100
87 120 100
87 120 100
87 120 100
87 120 100
87 120 100
87 120 100
87 120 100
87 120 100
87 120 100
87 120 100
87 120 100
87 120 100
87 120 100
87 120 100
87 120 100
87 120 100
87 120 100
87 120 100
87 120 100
87 120 100
88 120 100
88 120 100
88 120 100
88 120 100
88 120 100
88 120 100
88 120 100
88 120 100
88 120 100
88 120 100
88 120 100
88 120 100
88 120 100
88 120 100
88 120 100
88 120 100
88 120 100
88 120 100
88 120 100
89 120 100
89 120 100
89 120 100
89 120 100
89 120 100
89 120 100
89 120 100
89 120 100
89 120 100
89 120 100
89 120 100
89 120 100
89 120 100
89 120 100
89 120 100
89 120 100
89 120 100
90 120 100
90 120 100
90 120 100
90 120 100
90 120 100
90 120 100
90 120 100
90 120 100
90 120 100
90 120 100
90 120 100
90 120 100
90 120 100
91 120 100
91 120 100
91 120 100
91 120 100
91 120 100
91 120 100
91 120 100
91 120 100
91 120 100
91 120 100
91 120 100
91 120 100
92 120 100
92 120 100
92 120 100
92 120 100
92 120 100
92 120 100
92 120 100
92 120 100
92 120 100
93 120 100
93 120 100
93 120 100
93 120 100
93 120 100
93 120 100
93 120 100
94 120 100
94 120 100
94 120 100
94 120 100
94 120 100
95 120 100
95 120 100
95 120 100
95 120 100
96 120 100
96 120 100
97 120 100
97 120 100
98 120 100
99 120 100
101 120 100
102 120 100
103 120 100
104 120 100
105 120 100
106 120 100
107 120 100
108 120 100
109 120 100
111 120 100
112 120 100
113 120 100
114 120 100
115 120 100
116 120 100
117 120 100
118 120 100
119 120 100
119 120 100
120 120 100
120 120 100
121 120 100
121 120 100
121 120 100
121 120 100
122 120 100
122 120 100
122 120 100
122 120 100
122 120 100
123 120 100
123 120 100
123 120 100
123 120 100
123 120 100
123 120 100
124 120 100
124 120 100
124 120 100
124 120 100
124 120 100
124 120 100
125 120 100
125 120 100
125 120 100
125 120 100
125 120 100
126 120 100
126 120 100
126 120 100
126 120 100
127 120 100
127 120 100
127 120 100
128 120 100
128 120 100
129 120 100
129 120 100
131 120 100
132 120 100
133 120 100
134 120 100
135 120 100
136 120 100
137 120 100
138 120 100
139 120 100
140 121 100
140 122 100
140 123 100
140 124 100
140 125 100
140 126 100
140 127 100
140 128 100
140 129 100
140 131 100
140 132 100
140 133 100
140 134 100
140 135 100
140 136 100
140 137 100
140 138 100
140 139 100
140 141 100
140 142 100
140 143 100
140 144 100
140 145 100
140 146 100
140 147 100
140 148 100
140 149 100
141 150 100
142 150 100
143 150 100
144 150 100
145 150 100
146 150 100
147 150 100
148 150 100
149 150 100
151 150 100
152 150 100
153 150 100
154 150 100
155 150 100
156 150 100
157 150 100
158 150 100
159 150 100
160 151 100
160 152 100
160 153 100
160 154 100
160 155 100
160 156 100
160 157 100
160 158 100
160 159 100
161 160 100
162 160 100
163 160 100
164 160 100
165 160 100
166 160 100
167 160 100
168 160 100
169 160 100
169 161 100
169 162 100
169 163 100
169 164 100
11 10 100
10 11 100
10 12 100
10 13 100
10 14 100
10 15 100
10 16 100
10 17 100
10 18 100
10 19 100
11 20 100
11 21 100
12 21 100
12 22 100
13 22 100
13 23 100
14 23 100
14 24 100
15 24 100
15 24 100
15 25 100
15 25 100
16 25 100
16 25 100
16 26 100
16 26 100
17 26 100
17 26 100
17 27 100
17 27 100
18 27 100
18 27 100
18 28 100
18 28 100
19 28 100
19 29 100
20 29 100
21 30 100
22 30 100
23 30 100
24 30 100
25 30 100
26 30 100
27 30 100
28 30 100
29 30 100
31 30 100
31 31 100
32 31 100
32 32 100
33 32 100
33 33 100
33 33 100
34 33 100
34 33 100
34 34 100
34 34 100
35 34 100
35 34 100
35 35 100
35 35 100
36 35 100
36 35 100
36 36 100
36 36 100
37 36 100
37 36 100
37 37 100
37 37 100
38 37 100
38 37 100
38 38 100
38 38 100
39 38 100
39 38 100
39 39 100
39 39 100
40 39 100
40 39 100
41 40 100
42 40 100
43 40 100
44 40 100
45 40 100
46 40 100
47 40 100
48 40 100
49 40 100
50 41 100
50 42 100
50 43 100
50 44 100
50 45 100
50 46 100
50 47 100
50 48 100
50 49 100
50 51 100
50 52 100
50 53 100
50 54 100
50 55 100
50 56 100
50 57 100
50 58 100
50 59 100
50 59 100
50 61 100
50 61 100
50 62 100
50 62 100
50 63 100
50 63 100
50 63 100
50 64 100
50 64 100
50 64 100
50 65 100
50 65 100
50 65 100
50 66 100
50 66 100
50 66 100
50 67 100
50 67 100
50 67 100
50 68 100
50 68 100
50 68 100
50 69 100
50 69 100
50 71 100
50 71 100
50 72 100
50 73 100
50 74 100
50 75 100
50 76 100
50 77 100
50 78 100
50 79 100
51 80 100
52 80 100
53 80 100
54 80 100
55 80 100
56 80 100
57 80 100
58 80 100
59 80 100
61 80 100
62 80 100
63 80 100
64 80 100
65 80 100
66 80 100
67 80 100
68 80 100
69 80 100
70 81 100
70 82 100
70 83 100
18 108 100
17 108 100
17 109 100
16 109 100
16 110 100
15 110 100
14 110 100
13 110 100
12 110 100
11 110 100
10 109 100
10 108 100
10 107 100
10 106 100
10 105 100
10 104 100
10 103 100
10 102 100
10 101 100
10 99 100
10 98 100
10 97 100
10 96 100
10 95 100
10 94 100
10 93 100
10 92 100
10 91 100
10 89 100
10 88 100
10 87 100
10 86 100
10 85 100
10 84 100
10 83 100
10 82 100
10 81 100
10 79 100
10 78 100
10 77 100
10 76 100
10 75 100
10 74 100
10 73 100
10 72 100
10 71 100
10 69 100
10 68 100
10 67 100
10 66 100
10 65 100
10 64 100
10 63 100
10 62 100
10 61 100
11 60 100
12 60 100
13 60 100
14 60 100
15 60 100
16 60 100
17 60 100
18 60 100
19 60 100
20 59 100
20 58 100
20 57 100
20 56 100
20 55 100
20 54 100
20 53 100
20 52 100
20 51 100
20 49 100
20 48 100
20 47 100
20 46 100
20 46 100
20 45 100
20 45 100
20 44 100
20 44 100
20 44 100
20 43 100
20 43 100
20 43 100
20 43 100
20 42 100
20 42 100
20 42 100
20 42 100
20 42 100
20 42 100
20 41 100
20 41 100
20 41 100
20 41 100
20 41 100
20 41 100
20 41 100
20 40 100
20 40 100
20 40 100
20 40 100
20 40 100
20 40 100
20 40 100
20 39 100
20 39 100
20 39 100
20 39 100
20 39 100
20 39 100
20 39 100
20 39 100
20 38 100
20 38 100
20 38 100
20 38 100
20 38 100
20 38 100
20 38 100
20 38 100
20 37 100
20 37 100
20 37 100
20 37 100
20 37 100
20 37 100
20 37 100
20 36 100
20 36 100
20 36 100
20 36 100
20 36 100
20 36 100
20 35 100
20 35 100
20 35 100
20 35 100
20 35 100
20 34 100
20 34 100
20 34 100
20 34 100
20 33 100
20 33 100
20 33 100
20 32 100
20 32 100
20 31 100
20 31 100
131 184 100
130 184 100
130 183 100
130 182 100
130 181 100
130 179 100
130 178 100
130 177 100
130 176 100
130 175 100
130 174 100
130 173 100
130 172 100
130 171 100
131 170 100
132 170 100
133 170 100
134 170 100
135 170 100
136 170 100
137 170 100
138 170 100
139 170 100
140 169 100
140 168 100
140 167 100
140 166 100
140 165 100
140 164 100
140 163 100
140 162 100
140 162 100
140 161 100
140 161 100
140 159 100
140 159 100
140 158 100
140 158 100
140 157 100
140 157 100
140 156 100
140 155 100
140 154 100
140 153 100
140 152 100
140 151 100
