# score 305052
0 130 100
10 130 100
20 130 100
30 130 100
40 130 100
50 130 100
0 140 100
10 140 100
20 140 100
30 140 100
40 140 100
50 140 100
0 150 100
10 150 100
20 150 100
30 150 100
40 150 100
50 150 100
0 160 100
10 160 100
20 160 100
30 160 100
40 160 100
50 160 100
0 170 100
10 170 100
20 170 100
30 170 100
40 170 100
50 170 100
0 180 100
10 180 100
20 180 100
30 180 100
40 180 100
50 180 100
0 190 100
10 190 100
20 190 100
30 190 100
40 190 100
50 190 100
140 150 100
150 150 100
160 150 100
170 150 100
180 150 100
190 150 100
140 160 100
150 160 100
160 160 100
170 160 100
180 160 100
190 160 100
140 170 100
150 170 100
160 170 100
170 170 100
180 170 100
190 170 100
140 180 100
150 180 100
160 180 100
170 180 100
180 180 100
190 180 100
140 190 100
150 190 100
160 190 100
170 190 100
180 190 100
190 190 100
20 30 100
30 30 100
40 30 100
50 30 100
60 30 100
70 30 100
80 30 100
90 30 100
100 30 100
20 40 100
30 40 100
40 40 100
50 40 100
60 40 100
70 40 100
80 40 100
90 40 100
100 40 100
20 50 100
30 50 100
40 50 100
50 50 100
60 50 100
70 50 100
80 50 100
90 50 100
100 50 100
20 60 100
30 60 100
40 60 100
50 60 100
60 60 100
70 60 100
80 60 100
90 60 100
100 60 100
20 70 100
30 70 100
40 70 100
50 70 100
60 70 100
70 70 100
80 70 100
90 70 100
100 70 100
20 80 100
30 80 100
40 80 100
50 80 100
60 80 100
70 80 100
80 80 100
90 80 100
100 80 100
20 90 100
30 90 100
40 90 100
50 90 100
60 90 100
70 90 100
80 90 100
90 90 100
100 90 100
20 100 100
30 100 100
40 100 100
50 100 100
60 100 100
70 100 100
80 100 100
90 100 100
100 100 100
20 110 100
30 110 100
40 110 100
50 110 100
60 110 100
70 110 100
80 110 100
90 110 100
100 110 100
100 0 100
110 0 100
120 0 100
130 0 100
140 0 100
150 0 100
160 0 100
170 0 100
180 0 100
100 10 100
110 10 100
120 10 100
130 10 100
140 10 100
150 10 100
160 10 100
170 10 100
180 10 100
100 20 100
110 20 100
120 20 100
130 20 100
140 20 100
150 20 100
160 20 100
170 20 100
180 20 100
100 30 100
110 30 100
120 30 100
130 30 100
140 30 100
150 30 100
160 30 100
170 30 100
180 30 100
100 40 100
110 40 100
120 40 100
130 40 100
140 40 100
150 40 100
160 40 100
170 40 100
180 40 100
100 50 100
110 50 100
120 50 100
130 50 100
140 50 100
150 50 100
160 50 100
170 50 100
180 50 100
100 60 100
110 60 100
120 60 100
130 60 100
140 60 100
150 60 100
160 60 100
170 60 100
180 60 100
100 70 100
110 70 100
120 70 100
130 70 100
140 70 100
150 70 100
160 70 100
170 70 100
180 70 100
80 140 100
90 140 100
100 140 100
110 140 100
120 140 100
130 140 100
140 140 100
150 140 100
160 140 100
80 150 100
90 150 100
100 150 100
110 150 100
120 150 100
130 150 100
140 150 100
150 150 100
160 150 100
80 160 100
90 160 100
100 160 100
110 160 100
120 160 100
130 160 100
140 160 100
150 160 100
160 160 100
80 170 100
90 170 100
100 170 100
110 170 100
120 170 100
130 170 100
140 170 100
150 170 100
160 170 100
80 180 100
90 180 100
100 180 100
110 180 100
120 180 100
130 180 100
140 180 100
150 180 100
160 180 100
80 190 100
90 190 100
100 190 100
110 190 100
120 190 100
130 190 100
140 190 100
150 190 100
160 190 100
20 70 100
30 70 100
40 70 100
50 70 100
60 70 100
70 70 100
80 70 100
90 70 100
100 70 100
20 80 100
30 80 100
40 80 100
50 80 100
60 80 100
70 80 100
80 80 100
90 80 100
100 80 100
20 90 100
30 90 100
40 90 100
50 90 100
60 90 100
70 90 100
80 90 100
90 90 100
100 90 100
20 100 100
30 100 100
40 100 100
50 100 100
60 100 100
70 100 100
80 100 100
90 100 100
100 100 100
20 110 100
30 110 100
40 110 100
50 110 100
60 110 100
70 110 100
80 110 100
90 110 100
100 110 100
20 120 100
30 120 100
40 120 100
50 120 100
60 120 100
70 120 100
80 120 100
90 120 100
100 120 100
20 130 100
30 130 100
60 130 100
70 130 100
80 130 100
90 130 100
100 130 100
60 140 100
70 140 100
80 140 100
90 140 100
100 140 100
60 150 100
70 150 100
90 150 100
100 150 100
10 110 100
20 110 100
30 110 100
40 110 100
50 110 100
60 110 100
70 110 100
80 110 100
90 110 100
10 120 100
20 120 100
30 120 100
40 120 100
50 120 100
60 120 100
70 120 100
80 120 100
90 120 100
10 130 100
20 130 100
70 130 100
80 130 100
90 130 100
90 140 100
60 160 100
70 160 100
90 160 100
10 170 100
30 170 100
60 170 100
70 170 100
90 170 100
10 180 100
20 180 100
30 180 100
40 180 100
60 180 100
70 180 100
80 180 100
90 180 100
10 190 100
20 190 100
30 190 100
40 190 100
50 190 100
60 190 100
70 190 100
80 190 100
90 190 100
110 40 100
120 40 100
130 40 100
140 40 100
150 40 100
170 40 100
180 40 100
190 40 100
110 50 100
120 50 100
130 50 100
140 50 100
150 50 100
160 50 100
170 50 100
180 50 100
190 50 100
110 60 100
120 60 100
130 60 100
140 60 100
150 60 100
160 60 100
170 60 100
180 60 100
190 60 100
110 70 100
120 70 100
130 70 100
140 70 100
150 70 100
160 70 100
170 70 100
180 70 100
190 70 100
110 80 100
120 80 100
130 80 100
140 80 100
150 80 100
160 80 100
170 80 100
180 80 100
190 80 100
110 90 100
120 90 100
130 90 100
140 90 100
150 90 100
160 90 100
170 90 100
180 90 100
190 90 100
110 100 100
120 100 100
130 100 100
140 100 100
150 100 100
160 100 100
170 100 100
180 100 100
190 100 100
110 110 100
120 110 100
130 110 100
140 110 100
150 110 100
160 110 100
170 110 100
180 110 100
190 110 100
110 120 100
120 120 100
130 120 100
140 120 100
150 120 100
160 120 100
170 120 100
180 120 100
190 120 100
70 0 100
80 0 100
90 0 100
100 0 100
110 0 100
120 0 100
130 0 100
140 0 100
150 0 100
70 10 100
80 10 100
90 10 100
100 10 100
110 10 100
120 10 100
130 10 100
140 10 100
150 10 100
70 20 100
80 20 100
90 20 100
100 20 100
110 20 100
120 20 100
130 20 100
140 20 100
150 20 100
70 30 100
80 30 100
90 30 100
100 30 100
110 30 100
120 30 100
130 30 100
140 30 100
150 30 100
70 40 100
80 40 100
90 40 100
100 40 100
110 40 100
120 40 100
130 40 100
140 40 100
70 50 100
80 50 100
110 50 100
120 50 100
130 50 100
140 50 100
150 50 100
0 80 100
10 80 100
20 80 100
30 80 100
40 80 100
50 80 100
60 80 100
0 90 100
10 90 100
20 90 100
30 90 100
40 90 100
50 90 100
60 90 100
0 100 100
10 100 100
20 100 100
30 100 100
40 100 100
50 100 100
60 100 100
0 110 100
10 110 100
20 110 100
30 110 100
40 110 100
0 120 100
10 120 100
20 120 100
30 120 100
40 120 100
0 130 100
10 130 100
80 130 100
90 130 100
100 130 100
110 130 100
100 140 100
110 140 100
100 150 100
110 150 100
90 160 100
100 160 100
110 160 100
100 170 100
110 170 100
70 180 100
80 180 100
90 180 100
100 180 100
110 180 100
30 190 100
40 190 100
50 190 100
60 190 100
70 190 100
80 190 100
90 190 100
100 190 100
110 190 100
62 77 100
62 77 100
61 77 100
61 77 100
61 78 100
61 78 100
60 78 100
60 78 100
60 78 100
60 79 100
60 79 100
60 79 100
60 81 100
60 81 100
60 81 100
60 82 100
60 82 100
60 82 100
60 83 100
60 83 100
60 83 100
60 84 100
60 84 100
60 84 100
60 84 100
60 85 100
60 85 100
60 85 100
60 85 100
60 86 100
60 86 100
60 86 100
60 86 100
60 86 100
60 87 100
60 87 100
60 87 100
60 87 100
60 87 100
60 87 100
60 88 100
60 88 100
60 88 100
60 88 100
60 88 100
60 88 100
60 88 100
60 89 100
60 89 100
60 89 100
60 89 100
60 89 100
60 89 100
60 89 100
60 90 100
60 90 100
60 90 100
60 90 100
60 90 100
60 91 100
60 91 100
60 91 100
60 91 100
60 91 100
60 91 100
60 91 100
60 91 100
60 92 100
60 92 100
60 92 100
60 92 100
60 92 100
60 92 100
60 92 100
60 92 100
60 93 100
60 93 100
60 93 100
60 93 100
60 93 100
60 93 100
60 93 100
60 93 100
60 94 100
60 94 100
60 94 100
60 94 100
60 94 100
60 94 100
60 94 100
60 94 100
60 95 100
60 95 100
60 95 100
60 95 100
60 95 100
60 95 100
60 95 100
60 95 100
60 96 100
60 96 100
60 96 100
60 96 100
60 96 100
60 96 100
60 96 100
60 97 100
60 97 100
60 97 100
60 97 100
60 97 100
60 97 100
60 97 100
60 97 100
60 98 100
60 98 100
60 98 100
60 98 100
60 98 100
60 98 100
60 98 100
60 98 100
60 99 100
60 99 100
60 99 100
60 99 100
60 99 100
60 99 100
60 99 100
60 99 100
60 100 100
60 100 100
60 100 100
60 100 100
60 100 100
60 101 100
60 101 100
60 101 100
60 101 100
60 101 100
60 101 100
60 101 100
60 101 100
60 101 100
60 102 100
60 102 100
60 102 100
60 102 100
60 102 100
60 102 100
60 102 100
60 102 100
60 102 100
60 103 100
60 103 100
60 103 100
60 103 100
60 103 100
60 103 100
60 103 100
60 103 100
60 104 100
60 104 100
60 104 100
60 104 100
60 104 100
60 104 100
60 104 100
60 104 100
60 105 100
60 105 100
60 105 100
60 105 100
60 105 100
60 105 100
60 105 100
60 106 100
60 106 100
60 106 100
60 106 100
60 106 100
60 106 100
60 107 100
60 107 100
60 107 100
60 107 100
60 107 100
60 108 100
60 108 100
60 108 100
60 108 100
60 109 100
60 109 100
60 109 100
60 109 100
60 111 100
60 111 100
60 112 100
60 112 100
60 113 100
60 113 100
60 114 100
60 114 100
60 115 100
60 115 100
60 116 100
60 116 100
60 117 100
60 117 100
60 118 100
60 118 100
60 119 100
60 119 100
60 121 100
60 121 100
60 122 100
60 122 100
60 123 100
60 123 100
60 124 100
60 124 100
60 125 100
60 126 100
60 127 100
60 128 100
60 129 100
60 131 100
60 132 100
60 133 100
60 134 100
60 135 100
60 136 100
60 137 100
60 138 100
60 139 100
60 141 100
60 142 100
60 143 100
60 144 100
60 145 100
60 146 100
60 147 100
60 148 100
60 149 100
59 150 100
59 151 100
59 152 100
60 152 100
60 153 100
60 154 100
60 155 100
60 156 100
60 157 100
60 158 100
60 159 100
59 160 100
58 160 100
57 160 100
56 160 100
55 160 100
54 160 100
53 160 100
52 160 100
51 160 100
49 160 100
48 160 100
47 160 100
46 160 100
45 160 100
44 160 100
43 160 100
42 160 100
41 160 100
39 160 100
38 160 100
37 160 100
36 160 100
35 160 100
34 160 100
33 160 100
32 160 100
31 160 100
29 160 100
28 160 100
27 160 100
26 160 100
25 160 100
24 160 100
23 160 100
22 160 100
21 160 100
20 161 100
20 162 100
20 163 100
20 164 100
20 165 100
20 166 100
20 167 100
20 168 100
20 169 100
19 170 100
19 170 100
19 171 100
19 171 100
19 172 100
19 172 100
146 38 100
146 38 100
145 38 100
145 38 100
145 37 100
145 37 100
144 37 100
144 37 100
144 36 100
144 36 100
143 36 100
143 36 100
143 36 100
143 35 100
143 35 100
143 35 100
142 35 100
142 35 100
142 35 100
142 35 100
142 34 100
142 34 100
142 34 100
142 34 100
141 34 100
141 34 100
141 34 100
141 34 100
141 33 100
141 33 100
141 33 100
141 33 100
140 33 100
140 33 100
140 33 100
140 33 100
140 32 100
140 32 100
140 32 100
140 32 100
139 32 100
139 32 100
139 32 100
139 32 100
139 31 100
139 31 100
139 31 100
139 31 100
138 31 100
138 31 100
138 31 100
138 31 100
138 30 100
138 30 100
138 30 100
137 30 100
137 30 100
137 30 100
136 30 100
136 30 100
136 30 100
135 30 100
135 30 100
135 30 100
134 30 100
134 30 100
134 30 100
133 30 100
133 30 100
133 30 100
132 30 100
132 30 100
132 30 100
131 30 100
131 30 100
129 30 100
129 30 100
129 30 100
128 30 100
128 30 100
128 30 100
127 30 100
127 30 100
127 30 100
126 30 100
126 30 100
126 30 100
125 30 100
125 30 100
125 30 100
124 30 100
124 30 100
124 30 100
123 30 100
123 30 100
123 30 100
122 30 100
122 30 100
122 30 100
122 30 100
121 30 100
121 30 100
121 30 100
121 30 100
120 30 100
120 30 100
119 30 100
119 30 100
119 30 100
119 30 100
119 30 100
118 30 100
118 30 100
118 30 100
118 30 100
118 30 100
117 30 100
117 30 100
117 30 100
117 30 100
117 30 100
116 30 100
116 30 100
116 30 100
116 30 100
116 30 100
116 30 100
115 30 100
115 30 100
115 30 100
115 30 100
115 30 100
115 30 100
114 30 100
114 30 100
114 30 100
114 30 100
114 30 100
114 30 100
113 30 100
113 30 100
113 30 100
113 30 100
113 30 100
112 30 100
112 30 100
112 30 100
112 30 100
112 30 100
111 30 100
111 30 100
111 30 100
111 30 100
111 30 100
110 30 100
110 30 100
110 30 100
109 30 100
109 30 100
109 30 100
109 30 100
108 30 100
108 30 100
108 30 100
108 30 100
107 30 100
107 30 100
107 30 100
107 30 100
106 30 100
106 30 100
106 30 100
105 30 100
105 30 100
105 30 100
104 30 100
104 30 100
104 30 100
103 30 100
103 30 100
103 30 100
102 30 100
102 30 100
102 30 100
101 30 100
101 30 100
101 30 100
99 30 100
99 30 100
99 30 100
99 31 100
99 31 100
99 31 100
98 31 100
98 31 100
98 31 100
98 32 100
98 32 100
98 32 100
98 32 100
97 32 100
97 32 100
97 32 100
97 32 100
97 33 100
97 33 100
97 33 100
97 33 100
97 33 100
96 33 100
96 33 100
96 33 100
96 33 100
96 33 100
96 33 100
96 34 100
96 34 100
96 34 100
96 34 100
96 34 100
96 34 100
95 34 100
95 34 100
95 34 100
95 34 100
95 34 100
95 34 100
95 35 100
95 35 100
95 35 100
95 35 100
95 35 100
95 35 100
95 35 100
94 35 100
94 35 100
94 35 100
94 35 100
94 35 100
94 35 100
94 36 100
94 36 100
94 36 100
94 36 100
94 36 100
94 36 100
93 36 100
93 36 100
93 36 100
93 36 100
93 36 100
93 37 100
93 37 100
93 37 100
93 37 100
93 37 100
92 37 100
92 37 100
92 37 100
92 37 100
92 38 100
92 38 100
92 38 100
92 38 100
91 38 100
91 38 100
91 38 100
91 39 100
91 39 100
91 39 100
90 39 100
90 39 100
90 39 100
90 41 100
90 41 100
90 42 100
90 42 100
90 42 100
90 43 100
90 43 100
90 43 100
90 44 100
90 44 100
90 44 100
90 45 100
90 45 100
90 45 100
90 46 100
90 46 100
90 47 100
90 47 100
90 48 100
90 48 100
90 49 100
90 49 100
89 50 100
88 50 100
87 50 100
86 50 100
85 50 100
84 50 100
83 50 100
82 50 100
81 50 100
79 50 100
79 50 100
79 51 100
79 51 100
78 51 100
78 51 100
78 51 100
78 52 100
78 52 100
78 52 100
77 52 100
77 52 100
77 52 100
77 53 100
77 53 100
77 53 100
76 53 100
76 53 100
76 53 100
76 54 100
76 54 100
76 54 100
75 54 100
75 54 100
75 54 100
75 55 100
75 55 100
75 55 100
74 55 100
74 55 100
74 55 100
74 56 100
74 56 100
74 56 100
73 56 100
73 56 100
73 56 100
73 57 100
73 57 100
72 57 100
72 57 100
72 57 100
72 58 100
72 58 100
71 58 100
71 58 100
71 58 100
71 59 100
71 59 100
71 59 100
70 59 100
70 59 100
70 59 100
70 60 100
70 60 100
70 61 100
70 61 100
70 62 100
70 62 100
70 63 100
70 63 100
70 64 100
70 64 100
70 65 100
70 65 100
70 66 100
70 66 100
70 67 100
70 67 100
70 68 100
70 68 100
70 69 100
70 69 100
69 70 100
69 70 100
69 71 100
69 71 100
68 71 100
68 71 100
68 71 100
68 72 100
68 72 100
67 72 100
67 72 100
67 72 100
67 73 100
67 73 100
67 73 100
66 73 100
66 73 100
66 73 100
66 74 100
66 74 100
66 74 100
65 74 100
65 74 100
65 74 100
65 75 100
65 75 100
65 75 100
64 75 100
64 75 100
64 75 100
64 76 100
64 76 100
64 76 100
63 76 100
63 76 100
63 76 100
63 77 100
63 77 100
63 77 100
124 183 100
124 183 100
123 183 100
123 183 100
123 182 100
123 182 100
122 182 100
122 182 100
122 182 100
122 181 100
122 181 100
122 181 100
121 181 100
121 181 100
121 181 100
121 181 100
121 180 100
121 180 100
121 180 100
121 180 100
121 180 100
120 180 100
120 180 100
120 180 100
120 180 100
120 179 100
120 179 100
120 179 100
120 179 100
120 179 100
120 179 100
119 179 100
119 179 100
119 179 100
119 179 100
119 179 100
119 179 100
119 178 100
119 178 100
119 178 100
119 178 100
119 178 100
119 178 100
119 178 100
118 178 100
118 178 100
118 178 100
118 178 100
118 178 100
118 178 100
118 178 100
118 177 100
118 177 100
118 177 100
118 177 100
118 177 100
118 177 100
118 177 100
117 177 100
117 177 100
117 177 100
117 177 100
117 177 100
117 177 100
117 177 100
117 176 100
117 176 100
117 176 100
117 176 100
117 176 100
117 176 100
117 176 100
116 176 100
116 176 100
116 176 100
116 176 100
116 176 100
116 176 100
116 176 100
116 175 100
116 175 100
116 175 100
116 175 100
116 175 100
116 175 100
116 175 100
115 175 100
115 175 100
115 175 100
115 175 100
115 175 100
115 175 100
115 174 100
115 174 100
115 174 100
115 174 100
115 174 100
115 174 100
114 174 100
114 174 100
114 174 100
114 174 100
114 174 100
114 173 100
114 173 100
114 173 100
114 173 100
114 173 100
113 173 100
113 173 100
113 173 100
113 173 100
113 173 100
113 172 100
113 172 100
113 172 100
113 172 100
112 172 100
112 172 100
112 172 100
112 172 100
112 172 100
112 171 100
112 171 100
112 171 100
112 171 100
111 171 100
111 171 100
111 171 100
111 171 100
111 171 100
111 170 100
111 170 100
111 170 100
111 170 100
111 170 100
110 170 100
110 170 100
110 170 100
109 170 100
109 170 100
109 170 100
109 170 100
109 170 100
109 170 100
108 170 100
108 170 100
108 170 100
108 170 100
108 170 100
108 170 100
108 170 100
107 170 100
107 170 100
107 170 100
107 170 100
107 170 100
107 170 100
107 170 100
107 170 100
106 170 100
106 170 100
106 170 100
106 170 100
106 170 100
106 170 100
106 170 100
106 170 100
106 170 100
105 170 100
105 170 100
105 170 100
105 170 100
105 170 100
105 170 100
105 170 100
105 170 100
105 170 100
104 170 100
104 170 100
104 170 100
104 170 100
104 170 100
104 170 100
104 170 100
104 170 100
103 170 100
103 170 100
103 170 100
103 170 100
103 170 100
103 170 100
103 170 100
103 170 100
102 170 100
102 170 100
102 170 100
102 170 100
102 170 100
102 170 100
102 170 100
101 170 100
101 170 100
101 170 100
101 170 100
101 170 100
101 170 100
100 170 100
100 170 100
100 170 100
99 170 100
99 170 100
99 170 100
99 170 100
98 170 100
98 170 100
98 170 100
97 170 100
97 170 100
97 170 100
96 170 100
96 170 100
95 170 100
95 170 100
94 170 100
94 170 100
93 170 100
93 170 100
92 170 100
92 170 100
91 170 100
91 170 100
89 170 100
89 170 100
88 170 100
88 170 100
87 170 100
87 170 100
86 170 100
86 170 100
85 170 100
85 170 100
84 170 100
84 170 100
83 170 100
83 170 100
82 170 100
82 170 100
81 170 100
79 170 100
79 171 100
78 171 100
78 172 100
77 172 100
77 173 100
76 173 100
75 173 100
75 172 100
74 172 100
74 171 100
73 171 100
73 170 100
72 170 100
71 170 100
70 169 100
70 168 100
70 167 100
70 166 100
70 165 100
70 164 100
70 163 100
70 162 100
70 161 100
69 160 100
68 160 100
67 160 100
66 160 100
65 160 100
64 160 100
63 160 100
62 160 100
61 160 100
157 84 100
157 84 100
157 84 100
157 84 100
157 84 100
157 84 100
157 84 100
157 84 100
157 84 100
157 84 100
157 84 100
157 84 100
157 84 100
157 84 100
157 84 100
157 84 100
157 84 100
157 84 100
157 84 100
158 84 100
158 84 100
158 84 100
158 84 100
158 84 100
158 84 100
158 84 100
158 84 100
158 84 100
158 84 100
158 84 100
158 84 100
158 84 100
158 84 100
158 84 100
158 84 100
158 84 100
158 84 100
158 83 100
158 83 100
158 83 100
158 83 100
158 83 100
158 83 100
158 83 100
158 83 100
158 83 100
158 83 100
158 83 100
158 83 100
158 83 100
158 83 100
158 83 100
158 83 100
158 83 100
158 83 100
158 83 100
159 83 100
159 83 100
159 83 100
159 83 100
159 83 100
159 83 100
159 83 100
159 83 100
159 83 100
159 83 100
159 83 100
159 83 100
159 83 100
159 83 100
159 83 100
159 83 100
159 83 100
159 83 100
159 83 100
159 82 100
159 82 100
159 82 100
159 82 100
159 82 100
159 82 100
159 82 100
159 82 100
159 82 100
159 82 100
159 82 100
159 82 100
159 82 100
159 82 100
159 82 100
159 82 100
159 82 100
159 82 100
159 82 100
159 82 100
160 82 100
160 82 100
160 82 100
160 82 100
160 82 100
160 82 100
160 82 100
160 82 100
160 82 100
160 82 100
160 82 100
160 82 100
160 82 100
160 82 100
160 82 100
160 82 100
160 82 100
160 82 100
160 82 100
160 82 100
160 81 100
160 81 100
160 81 100
160 81 100
160 81 100
160 81 100
160 81 100
160 81 100
160 81 100
160 81 100
160 81 100
160 81 100
160 81 100
160 81 100
160 81 100
160 81 100
160 81 100
160 81 100
160 81 100
160 81 100
160 81 100
160 81 100
160 80 100
160 80 100
160 80 100
160 80 100
160 80 100
160 80 100
160 80 100
160 80 100
160 80 100
160 80 100
160 80 100
160 80 100
160 80 100
160 80 100
160 80 100
160 80 100
160 80 100
160 80 100
160 80 100
160 80 100
160 80 100
160 80 100
160 79 100
160 79 100
160 79 100
160 79 100
160 79 100
160 79 100
160 79 100
160 79 100
160 79 100
160 79 100
160 79 100
160 79 100
160 79 100
160 79 100
160 79 100
160 79 100
160 79 100
160 79 100
160 79 100
160 79 100
160 79 100
160 79 100
160 79 100
160 79 100
160 79 100
160 78 100
160 78 100
160 78 100
160 78 100
160 78 100
160 78 100
160 78 100
160 78 100
160 78 100
160 78 100
160 78 100
160 78 100
160 78 100
160 78 100
160 78 100
160 78 100
160 78 100
160 78 100
160 78 100
160 78 100
160 78 100
160 78 100
160 78 100
160 78 100
160 78 100
160 77 100
160 77 100
160 77 100
160 77 100
160 77 100
160 77 100
160 77 100
160 77 100
160 77 100
160 77 100
160 77 100
160 77 100
160 77 100
160 77 100
160 77 100
160 77 100
160 77 100
160 77 100
160 77 100
160 77 100
160 77 100
160 77 100
160 77 100
160 77 100
160 77 100
160 76 100
160 76 100
160 76 100
160 76 100
160 76 100
160 76 100
160 76 100
160 76 100
160 76 100
160 76 100
160 76 100
160 76 100
160 76 100
160 76 100
160 76 100
160 76 100
160 76 100
160 76 100
160 76 100
160 76 100
160 76 100
160 76 100
160 76 100
160 76 100
160 75 100
160 75 100
160 75 100
160 75 100
160 75 100
160 75 100
160 75 100
160 75 100
160 75 100
160 75 100
160 75 100
160 75 100
160 75 100
160 75 100
160 75 100
160 75 100
160 75 100
160 75 100
160 75 100
160 75 100
160 75 100
160 75 100
160 74 100
160 74 100
160 74 100
160 74 100
160 74 100
160 74 100
160 74 100
160 74 100
160 74 100
160 74 100
160 74 100
160 74 100
160 74 100
160 74 100
160 74 100
160 74 100
160 74 100
160 74 100
160 74 100
160 74 100
160 73 100
160 73 100
160 73 100
160 73 100
160 73 100
160 73 100
160 73 100
160 73 100
160 73 100
160 73 100
160 73 100
160 73 100
160 73 100
160 73 100
160 73 100
160 73 100
160 73 100
160 73 100
160 72 100
160 72 100
160 72 100
160 72 100
160 72 100
160 72 100
160 72 100
160 72 100
160 72 100
160 72 100
160 72 100
160 72 100
160 72 100
160 72 100
160 72 100
160 72 100
160 71 100
160 71 100
160 71 100
160 71 100
160 71 100
160 71 100
160 71 100
160 71 100
160 71 100
160 71 100
160 71 100
160 71 100
160 71 100
160 71 100
160 70 100
160 70 100
160 70 100
160 70 100
160 70 100
160 70 100
160 70 100
160 70 100
160 70 100
160 70 100
160 69 100
160 69 100
160 69 100
160 69 100
160 69 100
160 69 100
160 69 100
160 69 100
160 69 100
160 69 100
160 68 100
160 68 100
160 68 100
160 68 100
160 68 100
160 68 100
160 68 100
160 68 100
160 68 100
160 67 100
160 67 100
160 67 100
160 67 100
160 67 100
160 67 100
160 67 100
160 66 100
160 66 100
160 66 100
160 66 100
160 66 100
160 66 100
160 66 100
160 65 100
160 65 100
160 65 100
160 65 100
160 65 100
160 65 100
160 64 100
160 64 100
160 64 100
160 64 100
160 64 100
160 64 100
160 63 100
160 63 100
160 63 100
160 63 100
160 63 100
160 63 100
160 62 100
160 62 100
160 62 100
160 62 100
160 62 100
160 62 100
160 62 100
160 61 100
160 61 100
160 61 100
160 61 100
160 61 100
160 61 100
160 61 100
160 60 100
160 60 100
160 60 100
160 60 100
160 60 100
160 59 100
160 59 100
160 59 100
160 59 100
160 59 100
160 59 100
160 59 100
160 58 100
160 58 100
160 58 100
160 58 100
160 58 100
160 58 100
160 58 100
160 57 100
160 57 100
160 57 100
160 57 100
160 57 100
160 57 100
160 56 100
160 56 100
160 56 100
160 56 100
160 56 100
160 56 100
160 55 100
160 55 100
160 55 100
160 55 100
160 55 100
160 54 100
160 54 100
160 54 100
160 54 100
160 53 100
160 53 100
160 53 100
160 53 100
160 52 100
160 52 100
160 52 100
160 51 100
160 51 100
160 51 100
160 50 100
160 49 100
160 49 100
160 49 100
160 48 100
160 48 100
160 48 100
160 47 100
160 47 100
160 47 100
160 46 100
160 46 100
160 46 100
160 45 100
160 45 100
160 45 100
160 44 100
160 44 100
160 43 100
160 43 100
160 42 100
160 42 100
160 41 100
160 41 100
159 40 100
158 40 100
157 40 100
156 40 100
155 40 100
155 40 100
154 40 100
154 40 100
153 40 100
153 40 100
152 40 100
152 40 100
151 40 100
151 40 100
149 40 100
149 40 100
149 39 100
149 39 100
148 39 100
148 39 100
148 38 100
148 38 100
147 38 100
147 38 100
119 10 100
119 10 100
119 10 100
119 10 100
120 10 100
120 10 100
120 11 100
120 11 100
120 11 100
120 11 100
120 11 100
121 11 100
121 11 100
121 11 100
121 11 100
121 11 100
121 12 100
121 12 100
121 12 100
121 12 100
121 12 100
122 12 100
122 12 100
122 12 100
122 12 100
122 12 100
122 13 100
122 13 100
122 13 100
122 13 100
122 13 100
122 13 100
123 13 100
123 13 100
123 13 100
123 13 100
123 13 100
123 13 100
123 14 100
123 14 100
123 14 100
123 14 100
123 14 100
123 14 100
124 14 100
124 14 100
124 14 100
124 14 100
124 14 100
124 14 100
124 15 100
124 15 100
124 15 100
124 15 100
124 15 100
124 15 100
124 15 100
125 15 100
125 15 100
125 15 100
125 15 100
125 15 100
125 15 100
125 16 100
125 16 100
125 16 100
125 16 100
125 16 100
125 16 100
125 16 100
126 16 100
126 16 100
126 16 100
126 16 100
126 16 100
126 16 100
126 17 100
126 17 100
126 17 100
126 17 100
126 17 100
126 17 100
126 17 100
127 17 100
127 17 100
127 17 100
127 17 100
127 17 100
127 17 100
127 18 100
127 18 100
127 18 100
127 18 100
127 18 100
127 18 100
128 18 100
128 18 100
128 18 100
128 18 100
128 18 100
128 18 100
128 19 100
128 19 100
128 19 100
128 19 100
128 19 100
128 19 100
129 19 100
129 19 100
129 19 100
129 19 100
129 19 100
129 20 100
129 20 100
129 20 100
129 20 100
129 20 100
130 20 100
130 20 100
130 21 100
130 21 100
130 21 100
130 21 100
130 22 100
130 22 100
130 22 100
130 23 100
130 23 100
130 23 100
130 24 100
130 24 100
130 24 100
130 25 100
130 25 100
130 26 100
130 26 100
130 27 100
130 27 100
130 28 100
130 28 100
130 29 100
130 29 100
29 122 100
29 122 100
29 122 100
30 122 100
30 122 100
30 122 100
30 122 100
30 123 100
30 123 100
30 123 100
30 124 100
30 124 100
30 124 100
30 125 100
30 125 100
30 125 100
30 126 100
30 126 100
30 126 100
30 127 100
30 127 100
30 127 100
30 128 100
30 128 100
30 128 100
30 129 100
30 129 100
30 131 100
30 131 100
30 132 100
30 133 100
30 134 100
30 135 100
30 136 100
30 137 100
30 138 100
30 139 100
30 141 100
30 142 100
30 143 100
30 144 100
30 145 100
30 146 100
30 147 100
30 148 100
30 149 100
30 151 100
30 152 100
30 153 100
30 154 100
30 155 100
30 156 100
30 157 100
30 158 100
30 159 100
