# score 242352
100 20 100
110 20 100
120 20 100
130 20 100
140 20 100
150 20 100
160 20 100
170 20 100
180 20 100
100 30 100
110 30 100
120 30 100
130 30 100
140 30 100
150 30 100
160 30 100
170 30 100
180 30 100
100 40 100
110 40 100
120 40 100
130 40 100
140 40 100
150 40 100
160 40 100
170 40 100
180 40 100
100 50 100
110 50 100
120 50 100
130 50 100
140 50 100
150 50 100
160 50 100
170 50 100
180 50 100
100 60 100
110 60 100
120 60 100
130 60 100
140 60 100
150 60 100
160 60 100
170 60 100
180 60 100
100 70 100
110 70 100
120 70 100
130 70 100
140 70 100
150 70 100
160 70 100
170 70 100
180 70 100
100 80 100
110 80 100
120 80 100
130 80 100
140 80 100
150 80 100
160 80 100
170 80 100
180 80 100
100 90 100
110 90 100
120 90 100
130 90 100
140 90 100
150 90 100
160 90 100
170 90 100
180 90 100
100 100 100
110 100 100
120 100 100
130 100 100
140 100 100
150 100 100
160 100 100
170 100 100
180 100 100
60 90 100
70 90 100
80 90 100
90 90 100
100 90 100
110 90 100
120 90 100
130 90 100
140 90 100
60 100 100
70 100 100
80 100 100
90 100 100
100 100 100
110 100 100
120 100 100
130 100 100
140 100 100
60 110 100
70 110 100
80 110 100
90 110 100
100 110 100
110 110 100
120 110 100
130 110 100
140 110 100
60 120 100
70 120 100
80 120 100
90 120 100
100 120 100
110 120 100
120 120 100
130 120 100
140 120 100
60 130 100
70 130 100
80 130 100
90 130 100
100 130 100
110 130 100
120 130 100
130 130 100
140 130 100
60 140 100
70 140 100
80 140 100
90 140 100
100 140 100
110 140 100
120 140 100
130 140 100
140 140 100
60 150 100
70 150 100
80 150 100
90 150 100
100 150 100
110 150 100
120 150 100
130 150 100
140 150 100
60 160 100
70 160 100
80 160 100
90 160 100
100 160 100
110 160 100
120 160 100
130 160 100
140 160 100
60 170 100
70 170 100
80 170 100
90 170 100
100 170 100
110 170 100
120 170 100
130 170 100
140 170 100
70 0 100
80 0 100
90 0 100
100 0 100
110 0 100
120 0 100
130 0 100
140 0 100
150 0 100
70 10 100
80 10 100
90 10 100
100 10 100
110 10 100
120 10 100
130 10 100
140 10 100
150 10 100
70 20 100
80 20 100
90 20 100
100 20 100
110 20 100
120 20 100
130 20 100
140 20 100
150 20 100
70 30 100
80 30 100
90 30 100
100 30 100
130 30 100
140 30 100
150 30 100
70 40 100
80 40 100
90 40 100
100 40 100
120 40 100
130 40 100
140 40 100
150 40 100
70 50 100
80 50 100
90 50 100
100 50 100
110 50 100
120 50 100
130 50 100
140 50 100
150 50 100
90 130 100
120 130 100
130 130 100
150 130 100
160 130 100
170 130 100
110 140 100
120 140 100
130 140 100
140 140 100
150 140 100
160 140 100
170 140 100
90 150 100
100 150 100
110 150 100
120 150 100
130 150 100
140 150 100
150 150 100
160 150 100
170 150 100
90 160 100
100 160 100
110 160 100
120 160 100
140 160 100
150 160 100
160 160 100
170 160 100
110 170 100
150 170 100
160 170 100
170 170 100
90 180 100
100 180 100
110 180 100
120 180 100
130 180 100
140 180 100
150 180 100
160 180 100
170 180 100
90 190 100
100 190 100
110 190 100
120 190 100
130 190 100
140 190 100
150 190 100
160 190 100
170 190 100
10 130 100
20 130 100
30 130 100
40 130 100
50 130 100
60 130 100
70 130 100
80 130 100
90 130 100
10 140 100
20 140 100
30 140 100
40 140 100
50 140 100
60 140 100
70 140 100
80 140 100
10 150 100
20 150 100
30 150 100
40 150 100
50 150 100
60 150 100
70 150 100
80 150 100
90 150 100
10 160 100
20 160 100
30 160 100
40 160 100
50 160 100
60 160 100
70 160 100
80 160 100
90 160 100
10 170 100
20 170 100
30 170 100
40 170 100
50 170 100
70 170 100
80 170 100
10 180 100
20 180 100
30 180 100
40 180 100
50 180 100
60 180 100
70 180 100
80 180 100
10 190 100
20 190 100
30 190 100
40 190 100
50 190 100
60 190 100
70 190 100
80 190 100
90 190 100
0 70 100
10 70 100
20 70 100
30 70 100
40 70 100
50 70 100
60 70 100
70 70 100
0 80 100
10 80 100
20 80 100
30 80 100
40 80 100
50 80 100
60 80 100
70 80 100
0 90 100
10 90 100
20 90 100
30 90 100
40 90 100
50 90 100
60 90 100
70 90 100
0 100 100
10 100 100
20 100 100
30 100 100
40 100 100
50 100 100
60 100 100
0 110 100
10 110 100
20 110 100
30 110 100
40 110 100
50 110 100
60 110 100
0 120 100
10 120 100
20 120 100
30 120 100
40 120 100
50 120 100
60 120 100
70 120 100
0 130 100
10 130 100
20 130 100
30 130 100
60 130 100
70 130 100
0 140 100
10 140 100
20 140 100
30 140 100
60 140 100
70 140 100
0 150 100
10 150 100
20 150 100
30 150 100
60 150 100
70 150 100
0 20 100
10 20 100
20 20 100
30 20 100
40 20 100
50 20 100
60 20 100
70 20 100
80 20 100
0 30 100
10 30 100
20 30 100
30 30 100
40 30 100
50 30 100
60 30 100
70 30 100
80 30 100
0 40 100
10 40 100
20 40 100
30 40 100
40 40 100
50 40 100
60 40 100
70 40 100
80 40 100
0 50 100
10 50 100
20 50 100
30 50 100
40 50 100
50 50 100
60 50 100
70 50 100
0 60 100
10 60 100
20 60 100
30 60 100
40 60 100
50 60 100
60 60 100
70 60 100
80 60 100
0 70 100
30 70 100
40 70 100
60 70 100
70 70 100
80 70 100
0 80 100
10 80 100
20 80 100
30 80 100
40 80 100
50 80 100
60 80 100
70 80 100
80 80 100
0 90 100
10 90 100
20 90 100
30 90 100
40 90 100
50 90 100
60 90 100
70 90 100
80 90 100
0 100 100
10 100 100
20 100 100
30 100 100
40 100 100
50 100 100
80 100 100
10 0 100
20 0 100
30 0 100
40 0 100
50 0 100
60 0 100
70 0 100
80 0 100
90 0 100
10 10 100
20 10 100
30 10 100
40 10 100
50 10 100
60 10 100
70 10 100
80 10 100
90 10 100
10 20 100
20 20 100
30 20 100
40 20 100
50 20 100
60 20 100
70 20 100
90 20 100
10 30 100
20 30 100
30 30 100
40 30 100
50 30 100
60 30 100
70 30 100
90 30 100
10 40 100
20 40 100
30 40 100
40 40 100
50 40 100
60 40 100
70 40 100
80 40 100
90 40 100
10 50 100
20 50 100
30 50 100
60 50 100
70 50 100
90 50 100
120 70 100
130 70 100
140 70 100
180 70 100
190 70 100
120 80 100
130 80 100
140 80 100
150 80 100
170 80 100
180 80 100
190 80 100
120 90 100
130 90 100
140 90 100
150 90 100
160 90 100
170 90 100
180 90 100
190 90 100
120 100 100
130 100 100
140 100 100
150 100 100
160 100 100
170 100 100
180 100 100
190 100 100
120 110 100
150 110 100
160 110 100
170 110 100
180 110 100
190 110 100
150 120 100
160 120 100
170 120 100
180 120 100
190 120 100
120 130 100
130 130 100
150 130 100
160 130 100
170 130 100
180 130 100
190 130 100
120 140 100
130 140 100
140 140 100
150 140 100
160 140 100
170 140 100
180 140 100
190 140 100
120 150 100
130 150 100
140 150 100
150 150 100
160 150 100
170 150 100
180 150 100
190 150 100
113 13 100
113 13 100
113 13 100
113 13 100
113 13 100
113 13 100
113 13 100
113 13 100
112 13 100
112 13 100
112 13 100
112 13 100
112 13 100
112 13 100
112 13 100
112 14 100
112 14 100
112 14 100
112 14 100
112 14 100
111 14 100
111 14 100
111 14 100
111 14 100
111 14 100
111 15 100
111 15 100
111 15 100
111 15 100
110 15 100
110 15 100
110 15 100
110 16 100
110 16 100
110 16 100
110 17 100
110 17 100
110 17 100
110 18 100
110 18 100
110 19 100
110 19 100
110 21 100
110 21 100
110 22 100
110 22 100
110 23 100
110 23 100
110 24 100
110 25 100
110 26 100
110 27 100
110 28 100
110 29 100
111 30 100
112 30 100
113 30 100
114 30 100
115 30 100
116 30 100
117 30 100
118 30 100
119 30 100
120 31 100
120 32 100
120 33 100
120 34 100
120 35 100
120 36 100
120 37 100
120 38 100
120 39 100
120 39 100
121 40 100
121 40 100
121 40 100
121 41 100
121 41 100
121 41 100
122 41 100
122 41 100
122 41 100
122 41 100
122 42 100
122 42 100
122 42 100
122 42 100
122 42 100
122 42 100
123 42 100
123 42 100
123 42 100
123 42 100
123 42 100
123 42 100
123 42 100
123 43 100
123 43 100
123 43 100
123 43 100
123 43 100
123 43 100
123 43 100
123 43 100
123 43 100
124 43 100
124 43 100
124 43 100
124 43 100
124 43 100
124 43 100
124 43 100
124 43 100
124 43 100
124 43 100
124 44 100
124 44 100
124 44 100
124 44 100
124 44 100
124 44 100
124 44 100
124 44 100
124 44 100
124 44 100
124 44 100
124 44 100
125 44 100
125 44 100
125 44 100
125 44 100
125 44 100
125 44 100
125 44 100
125 44 100
125 44 100
125 44 100
125 44 100
125 44 100
125 45 100
125 45 100
125 45 100
125 45 100
125 45 100
125 45 100
125 45 100
125 45 100
125 45 100
125 45 100
125 45 100
125 45 100
125 45 100
125 45 100
126 45 100
126 45 100
126 45 100
126 45 100
126 45 100
126 45 100
126 45 100
126 45 100
126 45 100
126 45 100
126 45 100
126 45 100
126 45 100
126 46 100
126 46 100
126 46 100
126 46 100
126 46 100
126 46 100
126 46 100
126 46 100
126 46 100
126 46 100
126 46 100
126 46 100
126 46 100
126 46 100
127 46 100
127 46 100
127 46 100
127 46 100
127 46 100
127 46 100
127 46 100
127 46 100
127 46 100
127 46 100
127 46 100
127 46 100
127 47 100
127 47 100
127 47 100
127 47 100
127 47 100
127 47 100
127 47 100
127 47 100
127 47 100
127 47 100
127 47 100
127 47 100
128 47 100
128 47 100
128 47 100
128 47 100
128 47 100
128 47 100
128 47 100
128 47 100
128 47 100
128 47 100
128 48 100
128 48 100
128 48 100
128 48 100
128 48 100
128 48 100
128 48 100
128 48 100
128 48 100
128 48 100
129 48 100
129 48 100
129 48 100
129 48 100
129 48 100
129 48 100
129 48 100
129 48 100
129 49 100
129 49 100
129 49 100
129 49 100
129 49 100
129 49 100
129 49 100
130 49 100
130 49 100
130 49 100
130 49 100
130 49 100
130 49 100
130 50 100
130 50 100
130 50 100
131 50 100
131 50 100
131 50 100
131 50 100
131 50 100
131 51 100
131 51 100
131 51 100
131 51 100
132 51 100
132 51 100
132 51 100
132 52 100
132 52 100
132 52 100
133 52 100
133 52 100
133 52 100
133 53 100
133 53 100
134 53 100
134 53 100
134 54 100
134 54 100
135 54 100
135 55 100
136 55 100
136 56 100
137 56 100
137 57 100
138 57 100
138 58 100
139 58 100
139 59 100
140 59 100
141 60 100
142 60 100
143 60 100
144 60 100
145 60 100
146 60 100
147 60 100
148 60 100
149 60 100
149 61 100
148 61 100
148 62 100
148 63 100
148 64 100
148 65 100
148 66 100
148 67 100
130 175 100
130 174 100
130 173 100
130 172 100
130 171 100
129 170 100
128 170 100
127 170 100
126 170 100
125 170 100
124 170 100
123 170 100
122 170 100
121 170 100
119 170 100
119 170 100
118 170 100
118 170 100
117 170 100
117 170 100
116 170 100
116 170 100
116 170 100
115 170 100
115 170 100
115 170 100
114 170 100
114 170 100
114 170 100
113 170 100
113 170 100
113 170 100
113 170 100
112 170 100
112 170 100
112 170 100
112 170 100
112 170 100
111 170 100
111 170 100
111 170 100
111 170 100
111 170 100
111 170 100
110 170 100
110 170 100
110 170 100
110 170 100
110 170 100
109 170 100
109 170 100
109 170 100
109 170 100
109 170 100
109 170 100
109 170 100
109 170 100
108 170 100
108 170 100
108 170 100
108 170 100
108 170 100
108 170 100
108 170 100
108 170 100
107 170 100
107 170 100
107 170 100
107 170 100
107 170 100
107 170 100
107 170 100
106 170 100
106 170 100
106 170 100
106 170 100
106 170 100
106 170 100
105 170 100
105 170 100
105 170 100
105 170 100
105 170 100
104 170 100
104 170 100
104 170 100
104 170 100
103 170 100
103 170 100
103 170 100
102 170 100
102 170 100
101 170 100
99 170 100
98 170 100
97 170 100
96 170 100
95 170 100
94 170 100
93 170 100
92 170 100
91 170 100
90 169 100
90 168 100
90 167 100
90 166 100
90 165 100
90 164 100
90 164 100
90 163 100
90 163 100
90 162 100
90 162 100
90 161 100
90 161 100
90 161 100
90 159 100
90 159 100
90 159 100
90 159 100
90 158 100
90 158 100
90 158 100
90 158 100
90 158 100
90 158 100
90 157 100
90 157 100
90 157 100
90 157 100
90 157 100
90 157 100
90 157 100
90 156 100
90 156 100
90 156 100
90 156 100
90 156 100
90 156 100
90 156 100
90 156 100
90 155 100
90 155 100
90 155 100
90 155 100
90 155 100
90 155 100
90 155 100
90 155 100
90 154 100
90 154 100
90 154 100
90 154 100
90 154 100
90 154 100
90 154 100
90 154 100
90 153 100
90 153 100
90 153 100
90 153 100
90 153 100
90 153 100
90 153 100
90 152 100
90 152 100
90 152 100
90 152 100
90 152 100
90 152 100
90 151 100
90 151 100
90 151 100
90 151 100
90 151 100
90 150 100
90 150 100
90 149 100
90 149 100
90 149 100
90 149 100
90 148 100
90 148 100
90 148 100
90 148 100
90 147 100
90 147 100
90 147 100
90 147 100
90 146 100
90 146 100
90 146 100
90 146 100
90 145 100
90 145 100
90 145 100
90 144 100
90 144 100
90 144 100
90 143 100
90 143 100
90 142 100
90 142 100
90 141 100
90 141 100
91 140 100
92 140 100
93 140 100
94 140 100
95 140 100
96 140 100
97 140 100
98 140 100
99 140 100
101 140 100
101 139 100
102 139 100
102 138 100
102 137 100
102 136 100
57 174 100
58 174 100
58 173 100
59 173 100
59 172 100
60 172 100
60 171 100
61 170 100
62 170 100
62 170 100
63 170 100
63 170 100
64 170 100
64 170 100
65 170 100
65 170 100
65 170 100
66 170 100
66 170 100
66 170 100
66 170 100
67 170 100
67 170 100
67 170 100
67 170 100
67 170 100
68 170 100
68 170 100
68 170 100
68 170 100
68 170 100
68 170 100
68 170 100
69 170 100
69 170 100
69 170 100
69 170 100
69 170 100
69 170 100
69 170 100
69 170 100
70 170 100
70 170 100
70 170 100
70 170 100
70 170 100
70 170 100
70 170 100
71 170 100
71 170 100
71 170 100
71 170 100
71 170 100
71 170 100
71 170 100
71 170 100
71 170 100
72 170 100
72 170 100
72 170 100
72 170 100
72 170 100
72 170 100
72 170 100
72 170 100
72 170 100
73 170 100
73 170 100
73 170 100
73 170 100
73 170 100
73 170 100
73 170 100
73 170 100
74 170 100
74 170 100
74 170 100
74 170 100
74 170 100
74 170 100
74 170 100
75 170 100
75 170 100
75 170 100
75 170 100
75 170 100
75 170 100
76 170 100
76 170 100
76 170 100
76 170 100
76 170 100
77 170 100
77 170 100
77 170 100
77 170 100
78 170 100
78 170 100
78 170 100
79 170 100
79 170 100
79 170 100
81 170 100
81 170 100
82 170 100
82 170 100
83 170 100
83 170 100
84 170 100
84 170 100
85 170 100
85 170 100
86 170 100
86 170 100
87 170 100
88 170 100
89 170 100
34 118 100
34 118 100
34 118 100
35 118 100
35 118 100
35 118 100
35 119 100
35 119 100
35 119 100
36 119 100
36 119 100
36 120 100
36 120 100
37 120 100
37 120 100
37 121 100
37 121 100
38 121 100
38 121 100
38 122 100
38 122 100
39 122 100
39 122 100
39 122 100
39 123 100
39 123 100
40 123 100
40 123 100
40 123 100
40 124 100
40 124 100
40 125 100
40 125 100
40 126 100
40 126 100
40 127 100
40 128 100
40 129 100
40 131 100
40 132 100
40 133 100
40 134 100
40 135 100
40 136 100
40 137 100
40 138 100
40 139 100
40 141 100
40 142 100
40 143 100
40 144 100
40 145 100
40 146 100
40 147 100
40 148 100
40 149 100
40 151 100
40 152 100
40 153 100
40 154 100
40 154 100
40 155 100
40 155 100
40 156 100
40 156 100
40 157 100
40 158 100
40 159 100
40 161 100
40 162 100
40 163 100
40 164 100
40 165 100
40 166 100
40 167 100
40 168 100
40 169 100
41 170 100
42 170 100
43 170 100
44 170 100
45 170 100
46 170 100
47 170 100
48 170 100
49 170 100
51 170 100
52 170 100
53 170 100
54 170 100
55 170 100
56 170 100
57 170 100
58 170 100
59 170 100
40 64 100
40 63 100
40 62 100
40 61 100
41 60 100
42 60 100
43 60 100
44 60 100
45 60 100
46 60 100
47 60 100
48 60 100
49 60 100
51 60 100
52 60 100
53 60 100
54 60 100
55 60 100
56 60 100
57 60 100
58 60 100
59 60 100
61 60 100
62 60 100
63 60 100
64 60 100
65 60 100
66 60 100
67 60 100
68 60 100
69 60 100
71 60 100
72 60 100
73 60 100
74 60 100
75 60 100
76 60 100
77 60 100
78 60 100
79 60 100
80 59 100
80 58 100
80 57 100
80 56 100
80 55 100
80 54 100
80 53 100
80 52 100
80 51 100
80 49 100
80 48 100
80 48 100
80 47 100
80 47 100
80 46 100
80 46 100
80 46 100
80 45 100
80 45 100
80 45 100
80 45 100
80 45 100
80 44 100
80 44 100
80 44 100
80 44 100
80 44 100
80 44 100
80 43 100
80 43 100
80 43 100
80 43 100
80 43 100
80 43 100
80 43 100
80 42 100
80 42 100
80 42 100
80 42 100
80 42 100
80 42 100
80 42 100
80 41 100
80 41 100
80 41 100
80 41 100
80 41 100
80 41 100
80 41 100
80 40 100
80 40 100
80 40 100
80 40 100
80 39 100
80 39 100
80 39 100
80 39 100
80 39 100
80 39 100
80 38 100
80 38 100
80 38 100
80 38 100
80 38 100
80 37 100
80 37 100
80 37 100
80 37 100
80 36 100
80 36 100
80 36 100
80 35 100
80 35 100
80 35 100
80 34 100
80 34 100
80 33 100
80 33 100
80 32 100
80 32 100
80 31 100
80 31 100
81 30 100
81 30 100
82 30 100
83 30 100
84 30 100
85 30 100
85 30 100
86 30 100
86 30 100
87 30 100
87 30 100
87 30 100
88 30 100
88 30 100
88 30 100
88 30 100
89 30 100
89 30 100
89 30 100
89 30 100
89 30 100
89 30 100
90 30 100
90 30 100
90 30 100
90 30 100
90 30 100
91 30 100
91 30 100
91 30 100
91 30 100
91 30 100
91 30 100
91 30 100
91 30 100
92 30 100
92 30 100
92 30 100
92 30 100
92 30 100
92 30 100
92 30 100
92 30 100
92 30 100
93 30 100
93 30 100
93 30 100
93 30 100
93 30 100
93 30 100
93 30 100
93 30 100
94 30 100
94 30 100
94 30 100
94 30 100
94 30 100
94 30 100
94 30 100
95 30 100
95 30 100
95 30 100
95 30 100
95 30 100
95 30 100
96 30 100
96 30 100
96 30 100
96 30 100
96 30 100
97 30 100
97 30 100
97 30 100
97 30 100
98 30 100
98 30 100
98 30 100
99 30 100
99 30 100
101 30 100
101 30 100
102 30 100
103 30 100
104 30 100
105 30 100
106 30 100
107 30 100
108 30 100
109 30 100
54 11 100
55 11 100
55 10 100
56 10 100
57 10 100
58 10 100
59 10 100
61 10 100
61 10 100
61 11 100
61 11 100
61 11 100
62 11 100
62 11 100
62 11 100
62 12 100
62 12 100
62 12 100
62 12 100
62 12 100
63 12 100
63 12 100
63 12 100
63 12 100
63 12 100
63 12 100
63 13 100
63 13 100
63 13 100
63 13 100
63 13 100
63 13 100
63 13 100
63 13 100
63 13 100
64 13 100
64 13 100
64 13 100
64 13 100
64 13 100
64 13 100
64 13 100
64 13 100
64 13 100
64 13 100
64 14 100
64 14 100
64 14 100
64 14 100
64 14 100
64 14 100
64 14 100
64 14 100
64 14 100
64 14 100
64 14 100
64 14 100
65 14 100
65 14 100
65 14 100
65 14 100
65 14 100
65 14 100
65 14 100
65 14 100
65 14 100
65 14 100
65 14 100
65 14 100
65 15 100
65 15 100
65 15 100
65 15 100
65 15 100
65 15 100
65 15 100
65 15 100
65 15 100
65 15 100
65 15 100
65 15 100
65 15 100
65 15 100
66 15 100
66 15 100
66 15 100
66 15 100
66 15 100
66 15 100
66 15 100
66 15 100
66 15 100
66 15 100
66 15 100
66 15 100
66 15 100
66 16 100
66 16 100
66 16 100
66 16 100
66 16 100
66 16 100
66 16 100
66 16 100
66 16 100
66 16 100
66 16 100
66 16 100
66 16 100
66 16 100
67 16 100
67 16 100
67 16 100
67 16 100
67 16 100
67 16 100
67 16 100
67 16 100
67 16 100
67 16 100
67 16 100
67 16 100
67 16 100
67 17 100
67 17 100
67 17 100
67 17 100
67 17 100
67 17 100
67 17 100
67 17 100
67 17 100
67 17 100
67 17 100
67 17 100
67 17 100
68 17 100
68 17 100
68 17 100
68 17 100
68 17 100
68 17 100
68 17 100
68 17 100
68 17 100
68 17 100
68 17 100
68 18 100
68 18 100
68 18 100
68 18 100
68 18 100
68 18 100
68 18 100
68 18 100
68 18 100
68 18 100
68 18 100
69 18 100
69 18 100
69 18 100
69 18 100
69 18 100
69 18 100
69 18 100
69 18 100
69 18 100
69 18 100
69 19 100
69 19 100
69 19 100
69 19 100
69 19 100
69 19 100
69 19 100
69 19 100
69 19 100
69 19 100
70 19 100
70 19 100
70 19 100
70 19 100
70 19 100
70 19 100
70 19 100
70 19 100
70 20 100
70 20 100
70 20 100
70 20 100
70 20 100
71 20 100
71 20 100
71 20 100
71 20 100
71 20 100
71 20 100
71 20 100
72 20 100
72 20 100
72 20 100
72 20 100
72 20 100
72 20 100
73 20 100
73 20 100
73 20 100
73 20 100
73 20 100
73 20 100
74 20 100
74 20 100
74 20 100
74 20 100
74 20 100
75 20 100
75 20 100
75 20 100
75 20 100
76 20 100
76 20 100
76 20 100
77 20 100
77 20 100
77 20 100
78 20 100
78 20 100
79 20 100
79 20 100
80 21 100
80 22 100
80 23 100
80 24 100
80 25 100
80 26 100
80 27 100
80 27 100
80 28 100
80 28 100
80 29 100
80 29 100
165 116 100
164 116 100
164 117 100
163 117 100
163 118 100
162 118 100
162 119 100
161 119 100
161 120 100
159 120 100
158 120 100
157 120 100
156 120 100
155 120 100
154 120 100
153 120 100
152 120 100
151 120 100
149 120 100
148 120 100
147 120 100
146 120 100
145 120 100
144 120 100
143 120 100
142 120 100
141 120 100
139 120 100
138 120 100
137 120 100
136 120 100
135 120 100
134 120 100
133 120 100
132 120 100
131 120 100
129 120 100
128 120 100
127 120 100
126 120 100
125 120 100
124 120 100
123 120 100
122 120 100
121 120 100
119 120 100
118 120 100
117 120 100
116 120 100
115 120 100
114 120 100
113 120 100
112 120 100
111 120 100
110 121 100
110 122 100
110 123 100
110 124 100
110 125 100
110 126 100
110 127 100
110 128 100
110 129 100
109 130 100
108 130 100
107 130 100
106 130 100
105 130 100
104 130 100
103 130 100
102 130 100
101 130 100
101 131 100
102 131 100
102 132 100
102 133 100
102 134 100
102 135 100
