# score 132090
70 120 100
80 120 100
90 120 100
100 120 100
110 120 100
120 120 100
130 120 100
140 120 100
150 120 100
70 130 100
80 130 100
90 130 100
100 130 100
110 130 100
120 130 100
130 130 100
140 130 100
150 130 100
70 140 100
80 140 100
90 140 100
100 140 100
110 140 100
120 140 100
130 140 100
140 140 100
150 140 100
70 150 100
80 150 100
90 150 100
100 150 100
110 150 100
120 150 100
130 150 100
140 150 100
150 150 100
70 160 100
80 160 100
90 160 100
100 160 100
110 160 100
120 160 100
130 160 100
140 160 100
150 160 100
70 170 100
80 170 100
90 170 100
100 170 100
110 170 100
120 170 100
130 170 100
140 170 100
150 170 100
70 180 100
80 180 100
90 180 100
100 180 100
110 180 100
120 180 100
130 180 100
140 180 100
150 180 100
70 190 100
80 190 100
90 190 100
100 190 100
110 190 100
120 190 100
130 190 100
140 190 100
150 190 100
20 90 100
30 90 100
40 90 100
50 90 100
60 90 100
70 90 100
80 90 100
90 90 100
100 90 100
20 100 100
30 100 100
40 100 100
50 100 100
60 100 100
70 100 100
80 100 100
90 100 100
100 100 100
20 110 100
30 110 100
40 110 100
50 110 100
60 110 100
70 110 100
80 110 100
90 110 100
100 110 100
20 120 100
30 120 100
40 120 100
50 120 100
60 120 100
20 130 100
30 130 100
40 130 100
50 130 100
60 130 100
20 140 100
30 140 100
40 140 100
50 140 100
60 140 100
100 140 100
20 150 100
30 150 100
40 150 100
50 150 100
60 150 100
70 150 100
80 150 100
100 150 100
20 160 100
30 160 100
40 160 100
50 160 100
60 160 100
70 160 100
80 160 100
20 170 100
30 170 100
40 170 100
50 170 100
60 170 100
0 110 100
10 110 100
40 110 100
50 110 100
60 110 100
70 110 100
0 120 100
10 120 100
50 120 100
60 120 100
0 130 100
10 130 100
20 130 100
30 130 100
40 130 100
50 130 100
60 130 100
0 140 100
10 140 100
20 140 100
30 140 100
40 140 100
60 140 100
0 150 100
10 150 100
20 150 100
30 150 100
60 150 100
70 150 100
0 160 100
10 160 100
20 160 100
30 160 100
60 160 100
70 160 100
80 160 100
0 170 100
10 170 100
20 170 100
30 170 100
40 170 100
0 180 100
10 180 100
20 180 100
30 180 100
40 180 100
50 180 100
60 180 100
80 180 100
0 190 100
10 190 100
20 190 100
30 190 100
40 190 100
50 190 100
60 190 100
70 190 100
80 190 100
0 0 100
10 0 100
20 0 100
30 0 100
40 0 100
50 0 100
60 0 100
0 10 100
10 10 100
20 10 100
30 10 100
40 10 100
50 10 100
60 10 100
0 20 100
10 20 100
20 20 100
30 20 100
40 20 100
50 20 100
60 20 100
0 30 100
10 30 100
20 30 100
30 30 100
40 30 100
50 30 100
60 30 100
0 40 100
10 40 100
20 40 100
30 40 100
40 40 100
50 40 100
60 40 100
20 150 100
30 150 100
60 150 100
70 150 100
100 150 100
20 160 100
30 160 100
60 160 100
70 160 100
80 160 100
20 170 100
30 170 100
40 170 100
30 180 100
40 180 100
90 180 100
70 190 100
80 190 100
90 190 100
100 190 100
0 130 100
10 130 100
20 130 100
30 130 100
40 130 100
10 140 100
20 140 100
30 140 100
40 140 100
10 150 100
20 150 100
20 160 100
30 160 100
0 170 100
10 170 100
20 170 100
30 170 100
40 170 100
0 180 100
30 180 100
0 190 100
150 0 100
160 0 100
170 0 100
180 0 100
190 0 100
150 10 100
160 10 100
170 10 100
180 10 100
190 10 100
150 20 100
160 20 100
170 20 100
180 20 100
190 20 100
150 30 100
160 30 100
170 30 100
180 30 100
190 30 100
150 40 100
160 40 100
170 40 100
180 40 100
190 40 100
150 50 100
160 50 100
170 50 100
180 50 100
190 50 100
150 60 100
160 60 100
170 60 100
180 60 100
190 60 100
120 0 100
130 0 100
140 0 100
150 0 100
160 0 100
170 0 100
180 0 100
190 0 100
120 10 100
130 10 100
140 10 100
170 10 100
120 20 100
130 20 100
140 20 100
120 30 100
130 30 100
140 30 100
120 40 100
130 40 100
140 40 100
190 40 100
120 50 100
130 50 100
140 50 100
180 50 100
190 50 100
120 60 100
130 60 100
140 60 100
150 60 100
160 60 100
170 60 100
120 70 100
130 70 100
140 70 100
150 70 100
160 70 100
170 70 100
180 70 100
190 70 100
120 80 100
130 80 100
140 80 100
150 80 100
160 80 100
170 80 100
180 80 100
190 80 100
10 10 100
40 10 100
10 20 100
0 30 100
10 30 100
20 30 100
30 30 100
40 30 100
10 40 100
20 40 100
30 40 100
40 40 100
0 50 100
10 50 100
20 50 100
30 50 100
40 50 100
0 60 100
10 60 100
20 60 100
30 60 100
40 60 100
0 70 100
10 70 100
20 70 100
30 70 100
40 70 100
0 80 100
10 80 100
20 80 100
30 80 100
40 80 100
0 90 100
10 90 100
20 90 100
30 90 100
90 10 100
100 10 100
110 10 100
130 10 100
140 10 100
170 10 100
90 20 100
100 20 100
110 20 100
130 20 100
90 30 100
100 30 100
110 30 100
120 30 100
130 30 100
140 30 100
90 40 100
100 40 100
110 40 100
120 40 100
130 40 100
140 40 100
90 50 100
100 50 100
110 50 100
120 50 100
130 50 100
90 60 100
100 60 100
110 60 100
130 60 100
140 60 100
160 60 100
90 70 100
100 70 100
110 70 100
140 70 100
150 70 100
160 70 100
170 70 100
90 80 100
100 80 100
110 80 100
150 80 100
160 80 100
170 80 100
90 90 100
110 90 100
120 90 100
130 90 100
140 90 100
150 90 100
160 90 100
170 90 100
100 100 100
110 100 100
120 100 100
130 100 100
140 100 100
150 100 100
160 100 100
170 100 100
110 110 100
120 110 100
130 110 100
140 110 100
150 110 100
160 110 100
170 110 100
120 120 100
130 120 100
160 120 100
170 120 100
110 130 100
160 130 100
170 130 100
100 140 100
110 140 100
160 140 100
170 140 100
140 150 100
150 150 100
160 150 100
170 150 100
130 160 100
140 160 100
150 160 100
160 160 100
170 160 100
120 170 100
130 170 100
140 170 100
150 170 100
160 170 100
170 170 100
110 180 100
120 180 100
130 180 100
140 180 100
160 180 100
170 180 100
0 30 100
10 30 100
20 30 100
30 30 100
40 30 100
70 30 100
80 30 100
10 40 100
20 40 100
30 40 100
70 40 100
80 40 100
20 50 100
30 50 100
50 50 100
60 50 100
70 50 100
80 50 100
20 60 100
30 60 100
50 60 100
60 60 100
70 60 100
80 60 100
10 70 100
20 70 100
30 70 100
40 70 100
50 70 100
60 70 100
70 70 100
80 70 100
0 80 100
10 80 100
20 80 100
30 80 100
50 80 100
60 80 100
70 80 100
80 80 100
0 90 100
10 90 100
20 90 100
30 90 100
80 90 100
0 100 100
10 100 100
20 100 100
40 100 100
50 100 100
60 100 100
70 100 100
80 100 100
0 110 100
40 110 100
50 110 100
60 110 100
70 110 100
40 70 100
70 70 100
80 70 100
90 70 100
100 70 100
110 70 100
80 80 100
90 80 100
100 80 100
90 90 100
40 100 100
50 100 100
60 100 100
70 100 100
110 100 100
120 100 100
50 110 100
60 110 100
70 110 100
110 110 100
120 110 100
50 120 100
60 120 100
120 120 100
40 130 100
110 130 100
40 140 100
100 140 100
110 140 100
60 150 100
61 199 100
60 199 100
60 198 100
60 197 100
60 196 100
60 195 100
60 194 100
60 193 100
60 192 100
60 191 100
60 189 100
60 188 100
60 187 100
60 186 100
60 185 100
60 184 100
60 183 100
60 182 100
60 181 100
59 180 100
58 180 100
57 180 100
56 180 100
55 180 100
54 180 100
53 180 100
52 180 100
51 180 100
49 180 100
48 180 100
47 180 100
46 180 100
45 180 100
44 180 100
43 180 100
42 180 100
41 180 100
41 180 100
40 179 100
40 179 100
40 178 100
40 178 100
40 178 100
40 177 100
40 177 100
40 177 100
40 176 100
40 176 100
40 176 100
40 175 100
40 175 100
40 175 100
40 174 100
40 174 100
40 174 100
40 173 100
40 173 100
40 173 100
40 172 100
40 172 100
40 172 100
40 172 100
40 171 100
40 171 100
40 171 100
40 171 100
40 169 100
40 169 100
40 169 100
40 169 100
40 168 100
40 168 100
40 168 100
40 168 100
40 167 100
40 167 100
40 167 100
40 167 100
40 166 100
40 166 100
40 166 100
40 166 100
40 165 100
40 165 100
40 165 100
40 164 100
40 164 100
40 164 100
40 163 100
40 163 100
40 163 100
40 162 100
40 162 100
40 161 100
40 161 100
40 159 100
40 158 100
40 157 100
40 156 100
40 155 100
7 178 100
7 178 100
8 178 100
8 178 100
8 179 100
9 179 100
9 180 100
11 180 100
12 180 100
13 180 100
14 180 100
15 180 100
16 180 100
17 180 100
18 180 100
19 180 100
21 180 100
22 180 100
22 180 100
23 180 100
23 180 100
24 180 100
24 180 100
24 180 100
25 180 100
25 180 100
25 180 100
26 180 100
26 180 100
26 180 100
26 180 100
27 180 100
27 180 100
27 180 100
27 180 100
27 180 100
28 180 100
28 180 100
28 180 100
28 180 100
28 180 100
28 180 100
29 180 100
29 180 100
29 180 100
29 180 100
29 180 100
29 180 100
29 180 100
30 180 100
30 180 100
30 180 100
30 180 100
30 180 100
31 180 100
31 180 100
31 180 100
31 180 100
31 180 100
31 180 100
31 180 100
31 180 100
32 180 100
32 180 100
32 180 100
32 180 100
32 180 100
32 180 100
32 180 100
33 180 100
33 180 100
33 180 100
33 180 100
33 180 100
33 180 100
33 180 100
34 180 100
34 180 100
34 180 100
34 180 100
34 180 100
34 180 100
35 180 100
35 180 100
35 180 100
35 180 100
35 180 100
36 180 100
36 180 100
36 180 100
36 180 100
37 180 100
37 180 100
37 180 100
38 180 100
38 180 100
38 180 100
39 180 100
39 180 100
193 24 100
192 24 100
192 25 100
191 25 100
191 26 100
190 26 100
190 27 100
190 28 100
190 29 100
189 30 100
188 30 100
187 30 100
186 30 100
185 30 100
184 30 100
183 30 100
182 30 100
181 30 100
179 30 100
178 30 100
177 30 100
176 30 100
175 30 100
174 30 100
173 30 100
172 30 100
171 30 100
169 30 100
168 30 100
167 30 100
166 30 100
165 30 100
164 30 100
163 30 100
162 30 100
161 30 100
160 31 100
160 32 100
160 33 100
160 34 100
160 35 100
160 36 100
160 37 100
160 38 100
160 39 100
160 41 100
160 42 100
160 43 100
160 44 100
160 45 100
160 46 100
160 47 100
160 48 100
160 49 100
159 50 100
158 50 100
157 50 100
156 50 100
155 50 100
154 50 100
153 50 100
152 50 100
151 50 100
149 50 100
148 50 100
147 50 100
146 50 100
145 50 100
144 50 100
143 50 100
142 50 100
141 50 100
139 50 100
139 51 100
138 51 100
138 51 100
138 52 100
138 52 100
138 53 100
138 53 100
138 54 100
138 54 100
138 55 100
138 55 100
138 56 100
138 56 100
137 56 100
137 56 100
137 57 100
137 57 100
137 57 100
136 57 100
136 57 100
136 57 100
136 58 100
136 58 100
136 58 100
135 58 100
135 58 100
135 58 100
135 59 100
135 59 100
135 59 100
134 59 100
134 59 100
134 59 100
134 60 100
134 60 100
134 60 100
133 60 100
133 60 100
133 60 100
133 61 100
133 61 100
132 61 100
132 61 100
132 62 100
132 62 100
131 62 100
131 62 100
131 63 100
130 63 100
130 64 100
130 65 100
130 66 100
130 67 100
130 68 100
130 69 100
130 71 100
130 72 100
130 73 100
130 74 100
130 75 100
130 76 100
130 77 100
130 78 100
130 79 100
130 81 100
130 82 100
130 83 100
130 84 100
130 85 100
130 86 100
130 87 100
130 88 100
130 89 100
129 90 100
128 90 100
127 90 100
126 90 100
125 90 100
124 90 100
123 90 100
122 90 100
121 90 100
119 90 100
118 90 100
117 90 100
116 90 100
115 90 100
114 90 100
113 90 100
112 90 100
111 90 100
109 90 100
108 90 100
107 90 100
106 90 100
105 90 100
104 90 100
103 90 100
102 90 100
101 90 100
100 91 100
100 92 100
100 93 100
100 94 100
100 94 100
100 95 100
100 95 100
100 96 100
100 96 100
100 97 100
100 97 100
100 98 100
100 98 100
100 99 100
100 99 100
100 101 100
100 101 100
100 102 100
100 103 100
100 104 100
100 105 100
100 106 100
100 107 100
100 108 100
100 109 100
99 110 100
98 110 100
97 110 100
96 110 100
95 110 100
94 110 100
93 110 100
92 110 100
91 110 100
89 110 100
88 110 100
87 110 100
86 110 100
85 110 100
84 110 100
83 110 100
82 110 100
81 110 100
80 111 100
80 112 100
80 113 100
80 114 100
80 115 100
80 116 100
80 117 100
80 118 100
80 119 100
79 120 100
78 120 100
77 120 100
76 120 100
75 120 100
74 120 100
73 120 100
72 120 100
71 120 100
70 121 100
70 122 100
70 123 100
70 124 100
70 125 100
70 126 100
70 127 100
70 128 100
70 129 100
69 130 100
69 131 100
68 131 100
68 132 100
67 132 100
67 133 100
66 133 100
66 134 100
65 134 100
65 135 100
1 57 100
0 57 100
0 56 100
0 55 100
0 54 100
0 53 100
0 52 100
0 51 100
0 49 100
0 48 100
0 47 100
0 46 100
0 45 100
0 44 100
0 43 100
0 42 100
0 41 100
0 39 100
0 38 100
0 37 100
0 37 100
0 36 100
0 36 100
0 35 100
0 35 100
0 34 100
0 34 100
0 34 100
0 33 100
0 33 100
0 33 100
0 32 100
0 32 100
0 32 100
0 31 100
0 31 100
0 31 100
0 31 100
0 30 100
0 29 100
0 29 100
0 29 100
0 29 100
0 28 100
0 28 100
0 28 100
0 28 100
0 27 100
0 27 100
0 27 100
0 26 100
0 26 100
0 26 100
0 25 100
0 25 100
0 24 100
0 24 100
0 23 100
0 22 100
0 21 100
0 19 100
0 18 100
0 17 100
0 16 100
0 15 100
0 14 100
0 13 100
0 12 100
0 11 100
1 10 100
2 10 100
3 10 100
4 10 100
5 10 100
6 10 100
7 10 100
7 10 100
8 10 100
8 10 100
9 10 100
9 10 100
9 10 100
10 10 100
10 10 100
11 10 100
11 10 100
11 10 100
11 10 100
12 10 100
12 10 100
12 10 100
12 10 100
12 10 100
13 10 100
13 10 100
13 10 100
13 10 100
13 10 100
14 10 100
14 10 100
14 10 100
14 10 100
14 10 100
15 10 100
15 10 100
15 10 100
15 10 100
16 10 100
16 10 100
16 10 100
16 10 100
17 10 100
17 10 100
17 10 100
18 10 100
18 10 100
19 10 100
19 10 100
21 10 100
21 9 100
22 9 100
22 8 100
23 8 100
23 7 100
24 7 100
24 6 100
25 6 100
25 5 100
25 4 100
25 3 100
25 2 100
25 2 100
25 1 100
25 1 100
25 0 100
25 0 100
139 140 100
138 140 100
137 140 100
136 140 100
135 140 100
134 140 100
133 140 100
132 140 100
131 140 100
129 140 100
128 140 100
127 140 100
126 140 100
125 140 100
124 140 100
123 140 100
122 140 100
121 140 100
120 141 100
120 142 100
120 143 100
120 144 100
120 145 100
120 146 100
120 147 100
120 148 100
120 149 100
119 150 100
118 150 100
117 150 100
116 150 100
115 150 100
114 150 100
113 150 100
112 150 100
111 150 100
110 151 100
110 152 100
110 153 100
110 154 100
110 155 100
110 156 100
110 157 100
110 158 100
110 159 100
111 160 100
111 161 100
112 161 100
112 162 100
112 163 100
112 164 100
112 165 100
112 166 100
112 167 100
112 168 100
49 77 100
50 77 100
50 78 100
50 79 100
51 80 100
52 80 100
53 80 100
54 80 100
55 80 100
56 80 100
57 80 100
58 80 100
59 80 100
61 80 100
62 80 100
63 80 100
64 80 100
65 80 100
66 80 100
67 80 100
68 80 100
69 80 100
70 81 100
70 82 100
70 83 100
70 84 100
70 85 100
70 86 100
70 87 100
70 88 100
70 89 100
71 90 100
72 90 100
73 90 100
74 90 100
75 90 100
76 90 100
77 90 100
78 90 100
78 90 100
79 90 100
79 90 100
80 91 100
80 91 100
80 92 100
80 92 100
80 93 100
80 93 100
80 94 100
80 94 100
80 95 100
80 95 100
80 96 100
80 96 100
80 97 100
80 97 100
80 98 100
80 98 100
80 99 100
80 99 100
80 101 100
80 101 100
80 102 100
80 102 100
80 103 100
80 103 100
80 104 100
80 105 100
80 106 100
80 107 100
80 108 100
80 109 100
82 116 100
81 116 100
