# score 151392
40 80 100
50 80 100
60 80 100
70 80 100
80 80 100
90 80 100
100 80 100
110 80 100
120 80 100
40 90 100
50 90 100
60 90 100
70 90 100
80 90 100
90 90 100
100 90 100
110 90 100
120 90 100
40 100 100
50 100 100
60 100 100
70 100 100
80 100 100
90 100 100
100 100 100
110 100 100
120 100 100
40 110 100
50 110 100
60 110 100
70 110 100
80 110 100
90 110 100
100 110 100
110 110 100
120 110 100
40 120 100
50 120 100
60 120 100
70 120 100
80 120 100
90 120 100
100 120 100
110 120 100
120 120 100
40 130 100
50 130 100
60 130 100
70 130 100
80 130 100
90 130 100
100 130 100
110 130 100
120 130 100
40 140 100
50 140 100
60 140 100
70 140 100
80 140 100
90 140 100
100 140 100
110 140 100
120 140 100
40 150 100
50 150 100
60 150 100
70 150 100
80 150 100
90 150 100
100 150 100
110 150 100
120 150 100
40 160 100
50 160 100
60 160 100
70 160 100
80 160 100
90 160 100
100 160 100
110 160 100
120 160 100
130 150 100
140 150 100
150 150 100
160 150 100
130 160 100
140 160 100
150 160 100
160 160 100
80 170 100
90 170 100
100 170 100
110 170 100
120 170 100
130 170 100
140 170 100
150 170 100
160 170 100
80 180 100
90 180 100
100 180 100
110 180 100
120 180 100
130 180 100
140 180 100
150 180 100
160 180 100
80 190 100
90 190 100
100 190 100
110 190 100
120 190 100
130 190 100
140 190 100
150 190 100
160 190 100
150 110 100
160 110 100
170 110 100
180 110 100
190 110 100
150 120 100
160 120 100
170 120 100
180 120 100
190 120 100
150 130 100
160 130 100
170 130 100
180 130 100
190 130 100
150 140 100
160 140 100
170 140 100
180 140 100
190 140 100
160 150 100
170 150 100
180 150 100
190 150 100
160 160 100
170 160 100
180 160 100
190 160 100
170 170 100
180 170 100
190 170 100
170 180 100
180 180 100
190 180 100
170 190 100
180 190 100
190 190 100
100 0 100
110 0 100
120 0 100
130 0 100
140 0 100
150 0 100
160 0 100
170 0 100
180 0 100
100 10 100
110 10 100
120 10 100
130 10 100
140 10 100
150 10 100
160 10 100
170 10 100
180 10 100
100 20 100
110 20 100
120 20 100
130 20 100
140 20 100
150 20 100
160 20 100
170 20 100
180 20 100
100 30 100
110 30 100
120 30 100
130 30 100
140 30 100
150 30 100
160 30 100
170 30 100
180 30 100
100 40 100
110 40 100
120 40 100
130 40 100
140 40 100
150 40 100
160 40 100
170 40 100
180 40 100
100 50 100
110 50 100
120 50 100
130 50 100
140 50 100
150 50 100
160 50 100
170 50 100
180 50 100
190 0 100
190 10 100
190 20 100
190 30 100
190 40 100
130 20 100
190 50 100
130 60 100
140 60 100
150 60 100
160 60 100
170 60 100
180 60 100
190 60 100
130 70 100
140 70 100
150 70 100
160 70 100
170 70 100
180 70 100
190 70 100
130 80 100
140 80 100
150 80 100
160 80 100
170 80 100
180 80 100
190 80 100
130 90 100
140 90 100
150 90 100
160 90 100
170 90 100
180 90 100
190 90 100
130 100 100
140 100 100
150 100 100
160 100 100
170 100 100
180 100 100
190 100 100
10 140 100
20 140 100
30 140 100
10 150 100
20 150 100
30 150 100
10 160 100
20 160 100
30 160 100
10 170 100
20 170 100
30 170 100
40 170 100
50 170 100
60 170 100
70 170 100
10 180 100
20 180 100
30 180 100
40 180 100
50 180 100
60 180 100
70 180 100
10 190 100
20 190 100
30 190 100
40 190 100
50 190 100
60 190 100
70 190 100
143 14 100
142 14 100
142 15 100
141 15 100
141 16 100
140 16 100
140 17 100
140 18 100
140 19 100
139 20 100
138 20 100
137 20 100
136 20 100
135 20 100
134 20 100
133 20 100
132 20 100
131 20 100
131 20 100
130 21 100
130 21 100
130 22 100
130 22 100
130 23 100
130 23 100
130 24 100
130 24 100
130 25 100
130 25 100
130 26 100
130 26 100
130 27 100
130 27 100
130 28 100
130 29 100
130 31 100
130 32 100
130 33 100
130 34 100
130 35 100
130 36 100
130 37 100
130 38 100
130 39 100
130 41 100
130 42 100
130 43 100
130 44 100
130 45 100
130 46 100
130 47 100
130 48 100
130 49 100
130 51 100
130 52 100
130 53 100
130 54 100
130 55 100
130 56 100
130 57 100
130 58 100
130 59 100
130 61 100
130 62 100
130 63 100
130 64 100
130 65 100
130 66 100
130 67 100
130 68 100
130 69 100
129 70 100
129 71 100
129 71 100
128 71 100
128 71 100
128 72 100
128 72 100
127 72 100
127 72 100
127 72 100
127 73 100
127 73 100
127 73 100
126 73 100
126 73 100
126 73 100
126 74 100
126 74 100
126 74 100
126 74 100
125 74 100
125 74 100
125 74 100
125 74 100
125 75 100
125 75 100
125 75 100
125 75 100
124 75 100
124 75 100
124 75 100
124 76 100
124 76 100
124 76 100
123 76 100
123 76 100
123 76 100
123 77 100
123 77 100
122 77 100
122 77 100
122 78 100
122 78 100
121 78 100
121 78 100
121 79 100
121 79 100
120 79 100
120 79 100
119 80 100
119 80 100
119 81 100
118 81 100
118 81 100
118 82 100
118 82 100
117 82 100
117 82 100
117 83 100
117 83 100
116 83 100
116 83 100
116 84 100
116 84 100
115 84 100
115 84 100
115 85 100
115 85 100
115 85 100
114 85 100
114 85 100
114 86 100
114 86 100
114 86 100
113 86 100
113 86 100
113 87 100
113 87 100
113 87 100
112 87 100
112 87 100
112 88 100
112 88 100
111 88 100
111 88 100
111 89 100
111 89 100
110 89 100
110 89 100
110 90 100
109 90 100
108 90 100
107 90 100
106 90 100
105 90 100
104 90 100
103 90 100
102 90 100
101 90 100
100 91 100
100 92 100
100 93 100
100 94 100
100 95 100
100 96 100
100 97 100
100 98 100
100 99 100
100 101 100
100 102 100
100 103 100
100 104 100
100 105 100
100 106 100
100 107 100
100 108 100
100 109 100
99 110 100
98 110 100
97 110 100
96 110 100
95 110 100
94 110 100
93 110 100
92 110 100
91 110 100
90 111 100
90 112 100
90 113 100
90 114 100
90 115 100
90 116 100
90 117 100
90 118 100
90 119 100
89 120 100
89 121 100
88 121 100
88 122 100
87 122 100
87 123 100
86 123 100
86 124 100
85 124 100
85 125 100
85 126 100
191 1 100
190 1 100
190 2 100
190 3 100
190 4 100
190 5 100
190 6 100
190 7 100
190 8 100
190 9 100
189 10 100
188 10 100
187 10 100
186 10 100
185 10 100
184 10 100
183 10 100
182 10 100
181 10 100
179 10 100
178 10 100
177 10 100
176 10 100
175 10 100
174 10 100
173 10 100
172 10 100
171 10 100
169 10 100
168 10 100
167 10 100
166 10 100
165 10 100
164 10 100
163 10 100
162 10 100
161 10 100
159 10 100
158 10 100
157 10 100
156 10 100
155 10 100
154 10 100
153 10 100
152 10 100
151 10 100
149 10 100
149 11 100
148 11 100
148 12 100
147 12 100
147 13 100
146 13 100
146 14 100
145 14 100
144 14 100
170 64 100
170 63 100
170 62 100
170 61 100
169 60 100
168 60 100
167 60 100
166 60 100
165 60 100
164 60 100
163 60 100
162 60 100
161 60 100
159 60 100
158 60 100
157 60 100
156 60 100
155 60 100
154 60 100
153 60 100
152 60 100
151 60 100
149 60 100
148 60 100
147 60 100
146 60 100
145 60 100
144 60 100
143 60 100
142 60 100
141 60 100
139 60 100
138 60 100
137 60 100
136 60 100
135 60 100
134 60 100
133 60 100
132 60 100
131 60 100
54 180 100
55 180 100
56 180 100
57 180 100
58 180 100
59 180 100
61 180 100
62 180 100
63 180 100
64 180 100
65 180 100
66 180 100
67 180 100
68 180 100
69 180 100
71 180 100
72 180 100
73 180 100
74 180 100
75 180 100
76 180 100
77 180 100
78 180 100
79 180 100
81 180 100
82 180 100
83 180 100
84 180 100
85 180 100
86 180 100
87 180 100
88 180 100
89 180 100
91 180 100
92 180 100
93 180 100
94 180 100
95 180 100
96 180 100
97 180 100
98 180 100
99 180 100
101 180 100
102 180 100
103 180 100
104 180 100
105 180 100
106 180 100
107 180 100
108 180 100
109 180 100
110 181 100
110 182 100
110 183 100
110 184 100
110 185 100
110 186 100
110 187 100
110 188 100
110 189 100
111 190 100
112 190 100
113 190 100
114 190 100
115 190 100
116 190 100
117 190 100
118 190 100
119 190 100
121 190 100
122 190 100
123 190 100
