# score 192607
0 0 100
10 0 100
20 0 100
30 0 100
40 0 100
50 0 100
0 10 100
10 10 100
20 10 100
30 10 100
40 10 100
50 10 100
0 20 100
10 20 100
20 20 100
30 20 100
40 20 100
50 20 100
0 30 100
10 30 100
20 30 100
30 30 100
40 30 100
50 30 100
0 40 100
10 40 100
20 40 100
30 40 100
40 40 100
50 40 100
0 50 100
10 50 100
20 50 100
30 50 100
40 50 100
50 50 100
0 60 100
10 60 100
20 60 100
30 60 100
40 60 100
50 60 100
0 70 100
10 70 100
20 70 100
30 70 100
40 70 100
50 70 100
30 40 100
40 40 100
50 40 100
60 40 100
70 40 100
80 40 100
90 40 100
10 50 100
20 50 100
30 50 100
60 50 100
70 50 100
80 50 100
90 50 100
10 60 100
20 60 100
60 60 100
70 60 100
80 60 100
90 60 100
20 70 100
30 70 100
60 70 100
70 70 100
80 70 100
90 70 100
10 80 100
20 80 100
30 80 100
40 80 100
50 80 100
60 80 100
70 80 100
80 80 100
90 80 100
10 90 100
20 90 100
30 90 100
40 90 100
50 90 100
60 90 100
70 90 100
80 90 100
90 90 100
10 100 100
20 100 100
30 100 100
40 100 100
50 100 100
60 100 100
70 100 100
80 100 100
90 100 100
10 110 100
20 110 100
30 110 100
40 110 100
50 110 100
60 110 100
70 110 100
80 110 100
90 110 100
10 120 100
20 120 100
30 120 100
40 120 100
50 120 100
60 120 100
70 120 100
80 120 100
90 120 100
130 140 100
140 140 100
150 140 100
160 140 100
170 140 100
180 140 100
190 140 100
130 150 100
140 150 100
150 150 100
160 150 100
170 150 100
180 150 100
190 150 100
130 160 100
140 160 100
150 160 100
160 160 100
170 160 100
180 160 100
190 160 100
130 170 100
140 170 100
150 170 100
160 170 100
170 170 100
180 170 100
190 170 100
130 180 100
140 180 100
150 180 100
160 180 100
170 180 100
180 180 100
190 180 100
130 190 100
140 190 100
150 190 100
160 190 100
170 190 100
180 190 100
190 190 100
100 110 100
110 110 100
120 110 100
130 110 100
140 110 100
150 110 100
160 110 100
170 110 100
180 110 100
100 120 100
110 120 100
120 120 100
130 120 100
140 120 100
150 120 100
160 120 100
170 120 100
180 120 100
100 130 100
110 130 100
120 130 100
130 130 100
140 130 100
150 130 100
160 130 100
170 130 100
180 130 100
100 140 100
110 140 100
120 140 100
130 140 100
160 140 100
170 140 100
100 150 100
110 150 100
120 150 100
130 150 100
170 150 100
180 150 100
100 160 100
110 160 100
120 160 100
160 160 100
170 160 100
180 160 100
100 170 100
110 170 100
120 170 100
130 170 100
150 170 100
160 170 100
170 170 100
180 170 100
100 180 100
110 180 100
120 180 100
130 180 100
140 180 100
150 180 100
100 190 100
110 190 100
120 190 100
140 190 100
150 190 100
160 190 100
150 0 100
160 0 100
170 0 100
180 0 100
190 0 100
150 10 100
160 10 100
170 10 100
180 10 100
190 10 100
150 20 100
160 20 100
170 20 100
180 20 100
190 20 100
150 30 100
160 30 100
170 30 100
180 30 100
190 30 100
150 40 100
160 40 100
170 40 100
180 40 100
190 40 100
150 50 100
160 50 100
170 50 100
180 50 100
190 50 100
150 60 100
160 60 100
170 60 100
180 60 100
190 60 100
40 20 100
50 20 100
60 20 100
70 20 100
40 30 100
50 30 100
60 30 100
70 30 100
0 40 100
30 40 100
40 40 100
60 40 100
70 40 100
0 50 100
30 50 100
60 50 100
70 50 100
0 60 100
10 60 100
20 60 100
60 60 100
70 60 100
0 70 100
20 70 100
30 70 100
60 70 100
70 70 100
0 80 100
10 80 100
20 80 100
30 80 100
70 80 100
0 90 100
10 90 100
30 90 100
40 90 100
60 90 100
70 90 100
0 100 100
10 100 100
20 100 100
30 100 100
40 100 100
50 100 100
60 100 100
70 100 100
60 140 100
70 140 100
80 140 100
90 140 100
120 140 100
130 140 100
60 150 100
70 150 100
80 150 100
90 150 100
100 150 100
110 150 100
120 150 100
130 150 100
60 160 100
70 160 100
80 160 100
90 160 100
100 160 100
110 160 100
120 160 100
60 170 100
70 170 100
80 170 100
90 170 100
100 170 100
110 170 100
120 170 100
130 170 100
60 180 100
70 180 100
80 180 100
90 180 100
100 180 100
130 180 100
60 190 100
70 190 100
80 190 100
90 190 100
140 190 100
140 90 100
150 90 100
160 90 100
170 90 100
180 90 100
190 90 100
140 100 100
150 100 100
160 100 100
170 100 100
180 100 100
190 100 100
140 110 100
180 110 100
190 110 100
170 120 100
190 120 100
160 130 100
170 130 100
190 130 100
160 140 100
170 140 100
170 150 100
180 150 100
190 150 100
160 160 100
170 160 100
180 160 100
190 160 100
150 170 100
160 170 100
170 170 100
180 170 100
190 170 100
60 0 100
70 0 100
80 0 100
90 0 100
100 0 100
110 0 100
120 0 100
40 10 100
60 10 100
70 10 100
80 10 100
90 10 100
100 10 100
110 10 100
120 10 100
40 20 100
50 20 100
60 20 100
70 20 100
80 20 100
90 20 100
100 20 100
110 20 100
120 20 100
40 30 100
50 30 100
60 30 100
70 30 100
80 30 100
90 30 100
100 30 100
110 30 100
120 30 100
40 40 100
60 40 100
70 40 100
80 40 100
100 40 100
110 40 100
120 40 100
70 20 100
80 20 100
110 20 100
120 20 100
130 20 100
140 20 100
70 30 100
80 30 100
110 30 100
120 30 100
130 30 100
140 30 100
70 40 100
80 40 100
110 40 100
120 40 100
130 40 100
140 40 100
70 50 100
80 50 100
100 50 100
110 50 100
120 50 100
130 50 100
140 50 100
70 60 100
100 60 100
110 60 100
120 60 100
130 60 100
140 60 100
70 70 100
80 70 100
90 70 100
100 70 100
110 70 100
120 70 100
130 70 100
140 70 100
150 70 100
70 80 100
80 80 100
100 80 100
110 80 100
120 80 100
130 80 100
140 80 100
150 80 100
70 90 100
80 90 100
100 90 100
110 90 100
120 90 100
130 90 100
70 100 100
80 100 100
100 100 100
110 100 100
120 100 100
130 100 100
140 100 100
173 184 100
172 184 100
172 183 100
171 183 100
171 182 100
170 182 100
170 181 100
169 180 100
168 180 100
167 180 100
166 180 100
165 180 100
164 180 100
163 180 100
162 180 100
161 180 100
159 180 100
158 180 100
158 180 100
157 180 100
157 180 100
157 180 100
156 180 100
156 180 100
156 180 100
156 180 100
155 180 100
155 180 100
155 180 100
155 180 100
154 180 100
154 180 100
154 180 100
154 180 100
154 180 100
153 180 100
153 180 100
153 180 100
153 180 100
153 180 100
153 180 100
152 180 100
152 180 100
152 180 100
152 180 100
152 180 100
152 180 100
151 180 100
151 180 100
151 180 100
151 180 100
151 180 100
151 180 100
150 180 100
150 180 100
150 180 100
150 180 100
149 180 100
149 180 100
149 180 100
149 180 100
149 180 100
148 180 100
148 180 100
148 180 100
148 180 100
147 180 100
147 180 100
147 180 100
147 180 100
146 180 100
146 180 100
146 180 100
145 180 100
145 180 100
145 180 100
144 180 100
144 180 100
144 180 100
143 180 100
143 180 100
143 180 100
142 180 100
142 180 100
141 180 100
141 180 100
140 179 100
140 179 100
140 178 100
140 178 100
140 177 100
140 177 100
140 176 100
140 175 100
140 174 100
140 173 100
140 172 100
140 171 100
140 169 100
140 168 100
140 167 100
140 166 100
140 165 100
140 164 100
140 163 100
140 162 100
140 161 100
140 159 100
140 158 100
140 157 100
140 156 100
140 155 100
140 154 100
140 153 100
140 152 100
140 151 100
140 149 100
140 148 100
140 147 100
140 146 100
140 145 100
140 144 100
140 143 100
140 142 100
140 141 100
139 140 100
139 140 100
138 140 100
138 140 100
137 140 100
137 140 100
137 140 100
136 140 100
136 140 100
136 140 100
136 140 100
135 140 100
135 140 100
135 140 100
135 140 100
135 140 100
135 140 100
134 140 100
134 140 100
134 140 100
134 140 100
134 140 100
134 140 100
134 140 100
133 140 100
133 140 100
133 140 100
133 140 100
133 140 100
133 140 100
133 140 100
133 140 100
133 140 100
132 140 100
132 140 100
132 140 100
132 140 100
132 140 100
132 140 100
132 140 100
132 140 100
132 140 100
132 140 100
132 140 100
131 140 100
131 140 100
131 140 100
131 140 100
131 140 100
131 140 100
131 140 100
131 140 100
131 140 100
131 140 100
131 140 100
131 140 100
131 140 100
130 140 100
130 140 100
130 140 100
130 140 100
130 140 100
130 140 100
130 140 100
130 140 100
130 140 100
130 140 100
130 140 100
130 140 100
129 140 100
129 140 100
129 140 100
129 140 100
129 140 100
129 140 100
129 140 100
129 140 100
129 140 100
129 140 100
129 140 100
129 140 100
129 140 100
129 140 100
129 140 100
129 140 100
129 140 100
128 140 100
128 140 100
128 140 100
128 140 100
128 140 100
128 140 100
128 140 100
128 140 100
128 140 100
128 140 100
128 140 100
128 140 100
128 140 100
128 140 100
128 140 100
128 140 100
128 140 100
128 140 100
128 140 100
128 140 100
127 140 100
127 140 100
127 140 100
127 140 100
127 140 100
127 140 100
127 140 100
127 140 100
127 140 100
127 140 100
127 140 100
127 140 100
127 140 100
127 140 100
127 140 100
127 140 100
127 140 100
127 140 100
127 140 100
127 140 100
127 140 100
127 140 100
126 140 100
126 140 100
126 140 100
126 140 100
126 140 100
126 140 100
126 140 100
126 140 100
126 140 100
126 140 100
126 140 100
126 140 100
126 140 100
126 140 100
126 140 100
126 140 100
126 140 100
126 140 100
126 140 100
126 140 100
126 140 100
126 140 100
126 140 100
126 140 100
125 140 100
125 140 100
125 140 100
125 140 100
125 140 100
125 140 100
125 140 100
125 140 100
125 140 100
125 140 100
125 140 100
125 140 100
125 140 100
125 140 100
125 140 100
125 140 100
125 140 100
125 140 100
125 140 100
125 140 100
125 140 100
125 140 100
125 140 100
125 140 100
125 140 100
124 140 100
124 140 100
124 140 100
124 140 100
124 140 100
124 140 100
124 140 100
124 140 100
124 140 100
124 140 100
124 140 100
124 140 100
124 140 100
124 140 100
124 140 100
124 140 100
124 140 100
124 140 100
124 140 100
124 140 100
124 140 100
124 140 100
124 140 100
124 140 100
124 140 100
124 140 100
124 140 100
123 140 100
123 140 100
123 140 100
123 140 100
123 140 100
123 140 100
123 140 100
123 140 100
123 140 100
123 140 100
123 140 100
123 140 100
123 140 100
123 140 100
123 140 100
123 140 100
123 140 100
123 140 100
123 140 100
123 140 100
123 140 100
123 140 100
123 140 100
123 140 100
123 140 100
123 140 100
123 140 100
123 140 100
122 140 100
122 140 100
122 140 100
122 140 100
122 140 100
122 140 100
122 140 100
122 140 100
122 140 100
122 140 100
122 140 100
122 140 100
122 140 100
122 140 100
122 140 100
122 140 100
122 140 100
122 140 100
122 140 100
122 140 100
122 140 100
122 140 100
122 140 100
122 140 100
122 140 100
122 140 100
122 140 100
122 140 100
122 140 100
121 140 100
121 140 100
121 140 100
121 140 100
121 140 100
121 140 100
121 140 100
121 140 100
121 140 100
121 140 100
121 140 100
121 140 100
121 140 100
121 140 100
121 140 100
121 140 100
121 140 100
121 140 100
121 140 100
121 140 100
121 140 100
121 140 100
121 140 100
121 140 100
121 140 100
121 140 100
121 140 100
121 140 100
121 140 100
120 140 100
120 140 100
120 140 100
120 140 100
120 140 100
120 140 100
120 140 100
120 140 100
120 140 100
120 140 100
120 140 100
120 140 100
120 140 100
120 140 100
120 140 100
120 140 100
120 140 100
120 140 100
120 140 100
120 140 100
120 140 100
120 140 100
120 140 100
120 140 100
120 140 100
120 140 100
119 140 100
119 140 100
119 140 100
119 140 100
119 140 100
119 140 100
119 140 100
119 140 100
119 140 100
119 140 100
119 140 100
119 140 100
119 140 100
119 140 100
119 140 100
119 140 100
119 140 100
119 140 100
119 140 100
119 140 100
119 140 100
119 140 100
119 140 100
119 140 100
119 140 100
119 140 100
118 140 100
118 140 100
118 140 100
118 140 100
118 140 100
118 140 100
118 140 100
118 140 100
118 140 100
118 140 100
118 140 100
118 140 100
118 140 100
118 140 100
118 140 100
118 140 100
118 140 100
118 140 100
118 140 100
118 140 100
118 140 100
118 140 100
118 140 100
117 140 100
117 140 100
117 140 100
117 140 100
117 140 100
117 140 100
117 140 100
117 140 100
117 140 100
117 140 100
117 140 100
117 140 100
117 140 100
117 140 100
117 140 100
117 140 100
117 140 100
117 140 100
117 140 100
116 140 100
116 140 100
116 140 100
116 140 100
116 140 100
116 140 100
116 140 100
116 140 100
116 140 100
116 140 100
116 140 100
116 140 100
116 140 100
116 140 100
116 140 100
115 140 100
115 140 100
115 140 100
115 140 100
115 140 100
115 140 100
115 140 100
115 140 100
115 140 100
115 140 100
115 140 100
114 140 100
114 140 100
114 140 100
114 140 100
114 140 100
114 140 100
114 140 100
113 140 100
113 140 100
113 140 100
113 140 100
113 140 100
112 140 100
112 140 100
112 140 100
111 140 100
111 140 100
109 140 100
108 140 100
107 140 100
106 140 100
105 140 100
104 140 100
103 140 100
102 140 100
101 140 100
100 139 100
100 138 100
100 137 100
100 136 100
100 135 100
100 134 100
100 133 100
100 133 100
100 132 100
100 132 100
100 131 100
100 131 100
100 131 100
100 130 100
100 130 100
100 130 100
100 129 100
100 129 100
100 129 100
100 129 100
100 128 100
100 128 100
100 128 100
100 128 100
100 128 100
100 127 100
100 127 100
100 127 100
100 127 100
100 127 100
100 127 100
100 126 100
100 126 100
100 126 100
100 126 100
100 126 100
100 126 100
100 125 100
100 125 100
100 125 100
100 125 100
100 125 100
100 125 100
100 124 100
100 124 100
100 124 100
100 124 100
100 124 100
100 124 100
100 123 100
100 123 100
100 123 100
100 123 100
100 123 100
100 122 100
100 122 100
100 122 100
100 122 100
100 122 100
100 121 100
100 121 100
100 121 100
100 121 100
100 120 100
100 120 100
100 119 100
100 119 100
100 119 100
100 118 100
100 118 100
100 118 100
100 117 100
100 117 100
100 116 100
100 116 100
100 115 100
100 115 100
100 114 100
100 114 100
100 113 100
100 112 100
100 111 100
100 109 100
100 108 100
100 107 100
100 106 100
100 105 100
100 104 100
100 103 100
100 102 100
100 101 100
99 100 100
98 100 100
97 100 100
96 100 100
95 100 100
94 100 100
93 100 100
92 100 100
91 100 100
90 99 100
90 98 100
90 97 100
90 96 100
90 95 100
90 94 100
90 93 100
90 92 100
90 91 100
89 90 100
88 90 100
87 90 100
86 90 100
85 90 100
84 90 100
83 90 100
82 90 100
81 90 100
81 90 100
79 90 100
79 90 100
79 90 100
78 90 100
78 90 100
78 90 100
78 90 100
78 90 100
77 90 100
77 90 100
77 90 100
77 90 100
77 90 100
77 90 100
77 90 100
76 90 100
76 90 100
76 90 100
76 90 100
76 90 100
76 90 100
76 90 100
76 90 100
76 90 100
75 90 100
75 90 100
75 90 100
75 90 100
75 90 100
75 90 100
75 90 100
75 90 100
75 90 100
75 90 100
75 90 100
75 90 100
74 90 100
74 90 100
74 90 100
74 90 100
74 90 100
74 90 100
74 90 100
74 90 100
74 90 100
74 90 100
74 90 100
74 90 100
74 90 100
74 90 100
73 90 100
73 90 100
73 90 100
73 90 100
73 90 100
73 90 100
73 90 100
73 90 100
73 90 100
73 90 100
73 90 100
73 90 100
73 90 100
73 90 100
73 90 100
73 90 100
72 90 100
72 90 100
72 90 100
72 90 100
72 90 100
72 90 100
72 90 100
72 90 100
72 90 100
72 90 100
72 90 100
72 90 100
72 90 100
72 90 100
72 90 100
72 90 100
72 90 100
71 90 100
71 90 100
71 90 100
71 90 100
71 90 100
71 90 100
71 90 100
71 90 100
71 90 100
71 90 100
71 90 100
71 90 100
71 90 100
71 90 100
71 90 100
71 90 100
71 90 100
71 90 100
70 90 100
70 90 100
70 90 100
70 90 100
70 90 100
70 90 100
70 90 100
70 90 100
70 90 100
70 90 100
70 90 100
70 90 100
70 90 100
70 90 100
70 90 100
69 90 100
69 90 100
69 90 100
69 90 100
69 90 100
69 90 100
69 90 100
69 90 100
69 90 100
69 90 100
69 90 100
69 90 100
69 90 100
69 90 100
69 90 100
69 90 100
69 90 100
69 90 100
68 90 100
68 90 100
68 90 100
68 90 100
68 90 100
68 90 100
68 90 100
68 90 100
68 90 100
68 90 100
68 90 100
68 90 100
68 90 100
68 90 100
68 90 100
68 90 100
68 90 100
67 90 100
67 90 100
67 90 100
67 90 100
67 90 100
67 90 100
67 90 100
67 90 100
67 90 100
67 90 100
67 90 100
67 90 100
67 90 100
67 90 100
67 90 100
66 90 100
66 90 100
66 90 100
66 90 100
66 90 100
66 90 100
66 90 100
66 90 100
66 90 100
66 90 100
66 90 100
66 90 100
66 90 100
65 90 100
65 90 100
65 90 100
65 90 100
65 90 100
65 90 100
65 90 100
65 90 100
65 90 100
65 90 100
65 90 100
64 90 100
64 90 100
64 90 100
64 90 100
64 90 100
64 90 100
64 90 100
64 90 100
64 90 100
63 90 100
63 90 100
63 90 100
63 90 100
63 90 100
63 90 100
62 90 100
62 90 100
62 90 100
62 90 100
62 90 100
61 90 100
61 90 100
61 90 100
59 90 100
59 90 100
59 89 100
58 89 100
58 88 100
57 88 100
57 87 100
56 87 100
56 86 100
55 86 100
55 85 100
54 85 100
54 84 100
54 83 100
143 156 100
142 156 100
142 157 100
141 157 100
141 158 100
194 23 100
193 23 100
193 24 100
192 24 100
192 25 100
191 25 100
191 26 100
190 26 100
190 27 100
190 28 100
190 29 100
189 30 100
188 30 100
187 30 100
186 30 100
185 30 100
184 30 100
183 30 100
182 30 100
181 30 100
180 31 100
180 32 100
180 33 100
180 34 100
180 35 100
180 36 100
180 37 100
180 38 100
180 39 100
179 40 100
179 41 100
178 41 100
178 42 100
177 42 100
177 43 100
177 43 100
176 43 100
176 43 100
176 44 100
176 44 100
175 44 100
175 44 100
175 45 100
175 45 100
174 45 100
174 45 100
174 46 100
174 46 100
173 46 100
173 46 100
173 47 100
173 47 100
173 47 100
172 47 100
172 47 100
172 48 100
172 48 100
172 48 100
171 48 100
171 48 100
171 48 100
171 49 100
171 49 100
171 49 100
170 49 100
170 49 100
170 49 100
170 50 100
170 50 100
170 50 100
169 50 100
169 50 100
169 50 100
168 50 100
168 50 100
168 50 100
167 50 100
167 50 100
167 50 100
166 50 100
166 50 100
166 50 100
165 50 100
165 50 100
164 50 100
164 50 100
163 50 100
163 50 100
162 50 100
162 50 100
161 50 100
161 50 100
159 50 100
158 50 100
157 50 100
156 50 100
155 50 100
154 50 100
153 50 100
152 50 100
151 50 100
150 51 100
150 52 100
150 53 100
150 54 100
150 55 100
150 56 100
150 57 100
150 58 100
150 59 100
150 61 100
150 62 100
150 63 100
150 64 100
150 65 100
150 66 100
150 67 100
150 68 100
150 69 100
150 71 100
150 72 100
150 73 100
150 74 100
150 75 100
150 76 100
150 77 100
150 78 100
150 79 100
150 81 100
150 82 100
150 83 100
150 84 100
150 85 100
150 86 100
150 87 100
150 88 100
150 89 100
150 91 100
150 92 100
150 93 100
150 94 100
150 95 100
150 96 100
150 97 100
150 98 100
150 99 100
150 101 100
150 102 100
150 103 100
150 104 100
150 105 100
150 106 100
150 107 100
150 108 100
150 109 100
150 111 100
150 112 100
150 113 100
150 114 100
150 115 100
150 116 100
150 117 100
150 118 100
150 119 100
150 121 100
150 122 100
150 123 100
150 124 100
150 125 100
150 126 100
150 127 100
150 128 100
150 129 100
149 130 100
148 130 100
147 130 100
146 130 100
145 130 100
144 130 100
143 130 100
142 130 100
141 130 100
140 131 100
140 132 100
140 133 100
140 134 100
140 135 100
140 136 100
140 137 100
140 138 100
140 139 100
33 61 100
34 61 100
34 60 100
35 60 100
36 60 100
37 60 100
38 60 100
39 60 100
40 61 100
40 62 100
40 63 100
40 64 100
40 65 100
40 66 100
40 67 100
40 68 100
40 69 100
41 70 100
42 70 100
43 70 100
44 70 100
45 70 100
46 70 100
47 70 100
48 70 100
49 70 100
50 71 100
50 72 100
50 73 100
50 74 100
50 75 100
50 76 100
50 77 100
50 78 100
50 79 100
51 80 100
51 81 100
52 81 100
52 82 100
53 82 100
53 83 100
103 186 100
104 186 100
104 185 100
105 185 100
105 184 100
106 184 100
106 183 100
107 183 100
107 182 100
108 182 100
108 181 100
109 181 100
109 180 100
111 180 100
112 180 100
113 180 100
114 180 100
115 180 100
116 180 100
117 180 100
118 180 100
119 180 100
121 180 100
122 180 100
123 180 100
124 180 100
124 180 100
125 180 100
125 180 100
125 180 100
126 180 100
126 180 100
126 180 100
127 180 100
127 180 100
127 180 100
127 180 100
128 180 100
128 180 100
128 180 100
128 180 100
128 180 100
129 180 100
129 180 100
129 180 100
129 180 100
129 180 100
129 180 100
130 180 100
130 180 100
130 180 100
131 180 100
131 180 100
131 180 100
131 180 100
131 180 100
131 180 100
132 180 100
132 180 100
132 180 100
132 180 100
132 180 100
132 180 100
133 180 100
133 180 100
133 180 100
133 180 100
133 180 100
134 180 100
134 180 100
134 180 100
134 180 100
135 180 100
135 180 100
135 180 100
135 180 100
136 180 100
136 180 100
136 180 100
137 180 100
137 180 100
137 180 100
138 180 100
138 180 100
138 180 100
139 180 100
139 180 100
182 135 100
181 135 100
181 134 100
180 134 100
180 133 100
180 132 100
180 131 100
180 129 100
180 128 100
180 127 100
180 126 100
180 125 100
180 124 100
180 123 100
180 122 100
180 121 100
179 120 100
178 120 100
177 120 100
176 120 100
175 120 100
175 120 100
174 120 100
174 120 100
173 120 100
173 120 100
173 120 100
172 120 100
172 120 100
172 120 100
171 120 100
171 120 100
171 120 100
170 120 100
170 120 100
169 120 100
169 120 100
169 120 100
169 120 100
168 120 100
168 120 100
168 120 100
168 120 100
167 120 100
167 120 100
167 120 100
166 120 100
166 120 100
166 120 100
165 120 100
165 120 100
165 120 100
164 120 100
164 120 100
163 120 100
163 120 100
162 120 100
162 120 100
161 120 100
161 120 100
159 120 100
158 120 100
157 120 100
156 120 100
155 120 100
154 120 100
153 120 100
152 120 100
151 120 100
80 3 100
80 2 100
80 1 100
81 0 100
82 0 100
83 0 100
84 0 100
85 0 100
86 0 100
87 0 100
88 0 100
89 0 100
90 1 100
90 2 100
90 3 100
90 4 100
90 5 100
90 6 100
90 7 100
90 8 100
90 9 100
90 11 100
90 12 100
90 13 100
90 14 100
90 15 100
90 16 100
90 17 100
90 18 100
90 19 100
90 21 100
90 22 100
90 23 100
90 24 100
90 25 100
90 26 100
90 27 100
90 28 100
90 29 100
90 31 100
90 32 100
90 33 100
90 34 100
90 35 100
90 36 100
90 37 100
90 38 100
90 39 100
90 41 100
90 42 100
90 43 100
90 44 100
90 45 100
90 46 100
90 47 100
90 48 100
90 49 100
90 51 100
90 52 100
90 53 100
90 54 100
90 55 100
90 56 100
90 57 100
90 58 100
90 59 100
90 61 100
90 62 100
90 63 100
90 64 100
90 65 100
90 66 100
90 67 100
90 68 100
90 68 100
90 69 100
90 69 100
90 71 100
90 71 100
90 71 100
90 72 100
90 72 100
90 72 100
90 73 100
90 73 100
90 73 100
90 74 100
90 74 100
90 75 100
90 75 100
90 76 100
90 76 100
90 77 100
90 78 100
90 79 100
90 81 100
90 82 100
90 83 100
90 84 100
90 85 100
90 86 100
90 87 100
90 88 100
90 89 100
113 60 100
112 60 100
111 60 100
109 60 100
108 60 100
107 60 100
106 60 100
105 60 100
104 60 100
103 60 100
102 60 100
101 60 100
99 60 100
98 60 100
97 60 100
96 60 100
95 60 100
94 60 100
93 60 100
92 60 100
91 60 100
