# score 161652
0 0 100
10 0 100
20 0 100
30 0 100
40 0 100
0 10 100
10 10 100
20 10 100
30 10 100
40 10 100
0 20 100
10 20 100
20 20 100
30 20 100
40 20 100
0 30 100
10 30 100
20 30 100
30 30 100
40 30 100
0 40 100
10 40 100
20 40 100
30 40 100
40 40 100
0 50 100
10 50 100
20 50 100
30 50 100
40 50 100
0 60 100
10 60 100
20 60 100
30 60 100
40 60 100
90 80 100
100 80 100
110 80 100
120 80 100
130 80 100
140 80 100
150 80 100
160 80 100
170 80 100
90 90 100
100 90 100
110 90 100
120 90 100
130 90 100
140 90 100
150 90 100
160 90 100
170 90 100
90 100 100
100 100 100
110 100 100
120 100 100
130 100 100
140 100 100
150 100 100
160 100 100
170 100 100
90 110 100
100 110 100
110 110 100
120 110 100
130 110 100
140 110 100
150 110 100
160 110 100
170 110 100
90 120 100
100 120 100
110 120 100
120 120 100
130 120 100
140 120 100
150 120 100
160 120 100
170 120 100
90 130 100
100 130 100
110 130 100
120 130 100
130 130 100
140 130 100
150 130 100
160 130 100
170 130 100
90 140 100
100 140 100
110 140 100
120 140 100
130 140 100
140 140 100
150 140 100
160 140 100
170 140 100
90 150 100
100 150 100
110 150 100
120 150 100
130 150 100
140 150 100
150 150 100
160 150 100
170 150 100
90 160 100
100 160 100
110 160 100
120 160 100
130 160 100
140 160 100
150 160 100
160 160 100
170 160 100
140 140 100
150 140 100
160 140 100
170 140 100
180 140 100
190 140 100
140 150 100
150 150 100
160 150 100
180 150 100
190 150 100
140 160 100
150 160 100
160 160 100
180 160 100
190 160 100
140 170 100
150 170 100
160 170 100
170 170 100
180 170 100
190 170 100
140 180 100
150 180 100
160 180 100
170 180 100
180 180 100
190 180 100
140 190 100
150 190 100
160 190 100
170 190 100
180 190 100
190 190 100
10 70 100
20 70 100
30 70 100
40 70 100
50 70 100
60 70 100
70 70 100
80 70 100
90 70 100
10 80 100
20 80 100
30 80 100
40 80 100
50 80 100
60 80 100
70 80 100
80 80 100
90 80 100
10 90 100
20 90 100
30 90 100
40 90 100
50 90 100
60 90 100
70 90 100
80 90 100
90 90 100
10 100 100
20 100 100
30 100 100
40 100 100
50 100 100
60 100 100
70 100 100
80 100 100
90 100 100
10 110 100
20 110 100
30 110 100
40 110 100
50 110 100
60 110 100
70 110 100
80 110 100
90 110 100
10 120 100
20 120 100
30 120 100
40 120 100
50 120 100
60 120 100
70 120 100
80 120 100
90 120 100
10 130 100
20 130 100
30 130 100
40 130 100
50 130 100
60 130 100
70 130 100
80 130 100
90 130 100
10 140 100
20 140 100
30 140 100
40 140 100
50 140 100
60 140 100
70 140 100
80 140 100
10 150 100
20 150 100
30 150 100
40 150 100
50 150 100
60 150 100
70 150 100
80 150 100
70 20 100
80 20 100
90 20 100
100 20 100
110 20 100
120 20 100
130 20 100
140 20 100
150 20 100
70 30 100
80 30 100
90 30 100
100 30 100
110 30 100
120 30 100
130 30 100
140 30 100
150 30 100
70 40 100
80 40 100
90 40 100
100 40 100
110 40 100
120 40 100
130 40 100
140 40 100
150 40 100
70 50 100
80 50 100
90 50 100
100 50 100
110 50 100
120 50 100
130 50 100
140 50 100
150 50 100
70 60 100
80 60 100
90 60 100
100 60 100
110 60 100
120 60 100
130 60 100
140 60 100
150 60 100
100 70 100
110 70 100
120 70 100
130 70 100
140 70 100
150 70 100
70 80 100
80 80 100
90 80 100
110 80 100
120 80 100
130 80 100
140 80 100
70 90 100
80 90 100
90 90 100
100 90 100
110 90 100
120 90 100
130 90 100
140 90 100
150 90 100
70 100 100
80 100 100
90 100 100
100 100 100
130 100 100
140 100 100
150 100 100
140 0 100
150 0 100
160 0 100
170 0 100
180 0 100
190 0 100
140 10 100
150 10 100
160 10 100
170 10 100
180 10 100
190 10 100
140 20 100
150 20 100
160 20 100
170 20 100
180 20 100
190 20 100
140 30 100
150 30 100
160 30 100
170 30 100
180 30 100
190 30 100
150 40 100
160 40 100
170 40 100
180 40 100
190 40 100
40 10 100
50 10 100
60 10 100
70 10 100
80 10 100
90 10 100
100 10 100
20 20 100
30 20 100
40 20 100
50 20 100
60 20 100
100 20 100
20 30 100
30 30 100
40 30 100
50 30 100
60 30 100
70 30 100
90 30 100
100 30 100
40 40 100
50 40 100
60 40 100
70 40 100
80 40 100
90 40 100
100 40 100
40 50 100
50 50 100
60 50 100
40 60 100
50 60 100
60 60 100
40 70 100
50 70 100
40 80 100
50 80 100
70 80 100
80 80 100
60 90 100
70 90 100
80 90 100
90 90 100
100 90 100
116 66 100
115 66 100
115 67 100
114 67 100
114 68 100
113 68 100
113 69 100
112 69 100
112 70 100
111 70 100
109 70 100
108 70 100
107 70 100
106 70 100
105 70 100
104 70 100
103 70 100
102 70 100
101 70 100
99 70 100
98 70 100
97 70 100
96 70 100
95 70 100
94 70 100
93 70 100
92 70 100
91 70 100
89 70 100
88 70 100
87 70 100
86 70 100
85 70 100
84 70 100
83 70 100
82 70 100
81 70 100
79 70 100
78 70 100
77 70 100
76 70 100
75 70 100
74 70 100
73 70 100
72 70 100
71 70 100
69 70 100
68 70 100
67 70 100
66 70 100
65 70 100
64 70 100
63 70 100
62 70 100
61 70 100
60 71 100
60 72 100
60 73 100
60 74 100
60 75 100
60 76 100
60 77 100
60 78 100
60 79 100
60 81 100
60 81 100
60 82 100
60 82 100
60 83 100
60 83 100
60 83 100
60 84 100
60 84 100
60 84 100
60 84 100
60 85 100
60 85 100
60 85 100
60 85 100
60 86 100
60 86 100
60 86 100
60 86 100
60 87 100
60 87 100
60 87 100
60 87 100
60 88 100
60 88 100
60 88 100
60 88 100
60 89 100
60 89 100
60 89 100
60 90 100
60 91 100
60 91 100
60 92 100
60 92 100
60 93 100
60 93 100
60 94 100
60 94 100
60 95 100
60 95 100
60 96 100
60 96 100
60 97 100
60 97 100
60 98 100
60 98 100
60 99 100
60 99 100
60 101 100
60 102 100
60 103 100
60 104 100
60 105 100
60 106 100
60 107 100
60 108 100
60 109 100
59 110 100
59 111 100
59 112 100
59 113 100
189 7 100
190 7 100
190 6 100
190 5 100
190 4 100
190 3 100
190 2 100
190 1 100
189 0 100
188 0 100
187 0 100
186 0 100
185 0 100
184 0 100
183 0 100
182 0 100
181 0 100
179 0 100
178 0 100
177 0 100
176 0 100
175 0 100
174 0 100
173 0 100
172 0 100
171 0 100
171 0 100
170 0 100
169 0 100
169 0 100
168 0 100
168 0 100
167 0 100
167 0 100
166 0 100
166 0 100
165 0 100
165 0 100
164 0 100
164 0 100
164 0 100
163 0 100
163 0 100
163 0 100
162 0 100
162 0 100
162 0 100
162 0 100
161 0 100
161 0 100
161 0 100
161 0 100
161 0 100
160 0 100
160 0 100
160 0 100
160 0 100
160 0 100
159 0 100
159 0 100
159 0 100
159 0 100
159 0 100
159 0 100
159 0 100
158 0 100
158 0 100
158 0 100
158 0 100
158 0 100
158 0 100
158 0 100
157 0 100
157 0 100
157 0 100
157 0 100
157 0 100
157 0 100
157 0 100
156 0 100
156 0 100
156 0 100
156 0 100
156 0 100
156 0 100
156 0 100
155 0 100
155 0 100
155 0 100
155 0 100
155 0 100
154 0 100
154 0 100
154 0 100
154 0 100
153 0 100
153 0 100
153 0 100
152 0 100
152 0 100
151 0 100
151 0 100
149 0 100
148 0 100
147 0 100
146 0 100
145 0 100
144 0 100
143 0 100
142 0 100
141 0 100
139 0 100
139 1 100
138 1 100
138 2 100
137 2 100
137 3 100
136 3 100
136 4 100
135 4 100
135 5 100
134 5 100
134 6 100
133 6 100
133 7 100
132 7 100
132 8 100
131 8 100
131 9 100
130 9 100
130 10 100
130 11 100
130 12 100
130 13 100
130 14 100
130 15 100
130 16 100
130 17 100
130 18 100
130 19 100
130 21 100
130 22 100
130 23 100
130 24 100
130 25 100
130 26 100
130 27 100
130 28 100
130 29 100
130 31 100
130 32 100
130 33 100
130 34 100
130 35 100
130 36 100
130 37 100
130 38 100
130 39 100
130 41 100
130 42 100
130 43 100
130 44 100
130 45 100
130 46 100
130 47 100
130 48 100
130 49 100
130 51 100
130 52 100
130 53 100
130 54 100
130 55 100
130 56 100
130 57 100
130 58 100
130 59 100
129 60 100
128 60 100
127 60 100
126 60 100
125 60 100
124 60 100
123 60 100
122 60 100
121 60 100
119 60 100
119 61 100
118 61 100
118 62 100
117 62 100
117 63 100
116 63 100
116 64 100
116 65 100
62 59 100
61 59 100
61 60 100
60 61 100
60 62 100
60 63 100
60 64 100
60 65 100
60 66 100
60 67 100
60 68 100
60 69 100
