# score 202092
130 0 100
140 0 100
150 0 100
160 0 100
170 0 100
180 0 100
190 0 100
130 10 100
140 10 100
150 10 100
160 10 100
170 10 100
180 10 100
190 10 100
130 20 100
140 20 100
150 20 100
160 20 100
170 20 100
180 20 100
190 20 100
130 30 100
140 30 100
150 30 100
160 30 100
170 30 100
180 30 100
190 30 100
130 40 100
140 40 100
150 40 100
160 40 100
170 40 100
180 40 100
190 40 100
170 20 100
180 20 100
170 30 100
180 30 100
190 30 100
170 40 100
180 40 100
190 40 100
140 50 100
150 50 100
160 50 100
170 50 100
180 50 100
190 50 100
140 60 100
150 60 100
160 60 100
170 60 100
180 60 100
190 60 100
140 70 100
150 70 100
160 70 100
170 70 100
180 70 100
190 70 100
140 80 100
150 80 100
160 80 100
170 80 100
180 80 100
190 80 100
140 90 100
150 90 100
160 90 100
170 90 100
180 90 100
190 90 100
40 100 100
50 100 100
60 100 100
70 100 100
80 100 100
90 100 100
100 100 100
110 100 100
120 100 100
40 110 100
50 110 100
60 110 100
70 110 100
80 110 100
90 110 100
100 110 100
110 110 100
120 110 100
40 120 100
50 120 100
60 120 100
70 120 100
80 120 100
90 120 100
100 120 100
110 120 100
120 120 100
40 130 100
50 130 100
60 130 100
70 130 100
80 130 100
90 130 100
100 130 100
110 130 100
120 130 100
40 140 100
50 140 100
60 140 100
70 140 100
80 140 100
90 140 100
100 140 100
110 140 100
120 140 100
40 150 100
50 150 100
60 150 100
70 150 100
80 150 100
90 150 100
100 150 100
110 150 100
120 150 100
40 160 100
50 160 100
60 160 100
70 160 100
80 160 100
90 160 100
100 160 100
110 160 100
120 160 100
40 170 100
50 170 100
60 170 100
70 170 100
80 170 100
90 170 100
100 170 100
110 170 100
120 170 100
40 180 100
50 180 100
60 180 100
70 180 100
80 180 100
90 180 100
100 180 100
110 180 100
120 180 100
60 60 100
70 60 100
80 60 100
90 60 100
100 60 100
110 60 100
120 60 100
130 60 100
60 70 100
70 70 100
80 70 100
90 70 100
100 70 100
110 70 100
120 70 100
130 70 100
140 70 100
60 80 100
70 80 100
80 80 100
90 80 100
100 80 100
110 80 100
120 80 100
130 80 100
140 80 100
60 90 100
70 90 100
80 90 100
90 90 100
100 90 100
110 90 100
120 90 100
130 90 100
140 90 100
60 100 100
70 100 100
80 100 100
90 100 100
100 100 100
110 100 100
130 100 100
140 100 100
60 110 100
70 110 100
80 110 100
90 110 100
100 110 100
110 110 100
130 110 100
140 110 100
60 120 100
70 120 100
80 120 100
90 120 100
100 120 100
110 120 100
120 120 100
130 120 100
140 120 100
60 130 100
70 130 100
80 130 100
90 130 100
100 130 100
110 130 100
120 130 100
130 130 100
140 130 100
70 140 100
80 140 100
90 140 100
110 140 100
120 140 100
130 140 100
140 140 100
110 80 100
120 80 100
130 80 100
140 80 100
150 80 100
160 80 100
170 80 100
180 80 100
110 90 100
120 90 100
130 90 100
140 90 100
150 90 100
130 100 100
140 100 100
150 100 100
160 100 100
170 100 100
180 100 100
190 100 100
140 110 100
150 110 100
160 110 100
170 110 100
180 110 100
190 110 100
110 120 100
130 120 100
150 120 100
160 120 100
170 120 100
180 120 100
190 120 100
110 130 100
120 130 100
130 130 100
150 130 100
160 130 100
170 130 100
180 130 100
190 130 100
110 140 100
120 140 100
130 140 100
150 140 100
160 140 100
170 140 100
180 140 100
190 140 100
120 150 100
130 150 100
140 150 100
150 150 100
160 150 100
170 150 100
180 150 100
190 150 100
120 160 100
130 160 100
140 160 100
150 160 100
160 160 100
170 160 100
180 160 100
190 160 100
0 60 100
10 60 100
20 60 100
30 60 100
40 60 100
50 60 100
0 70 100
10 70 100
20 70 100
30 70 100
40 70 100
50 70 100
60 70 100
70 70 100
0 80 100
10 80 100
20 80 100
30 80 100
40 80 100
50 80 100
60 80 100
70 80 100
0 90 100
10 90 100
20 90 100
30 90 100
40 90 100
50 90 100
70 90 100
0 100 100
10 100 100
20 100 100
30 100 100
50 100 100
60 100 100
0 110 100
10 110 100
20 110 100
30 110 100
40 110 100
50 110 100
60 110 100
70 110 100
0 120 100
10 120 100
20 120 100
30 120 100
40 120 100
50 120 100
60 120 100
70 120 100
0 130 100
10 130 100
20 130 100
30 130 100
40 130 100
50 130 100
60 130 100
70 130 100
0 140 100
10 140 100
20 140 100
30 140 100
40 140 100
50 140 100
70 140 100
70 0 100
80 0 100
90 0 100
100 0 100
110 0 100
120 0 100
130 0 100
70 10 100
80 10 100
90 10 100
100 10 100
110 10 100
120 10 100
70 20 100
80 20 100
90 20 100
100 20 100
110 20 100
120 20 100
70 30 100
80 30 100
90 30 100
100 30 100
110 30 100
120 30 100
130 30 100
70 40 100
80 40 100
90 40 100
100 40 100
110 40 100
120 40 100
130 40 100
70 50 100
80 50 100
90 50 100
100 50 100
110 50 100
120 50 100
130 50 100
80 60 100
110 60 100
120 60 100
130 60 100
150 60 100
130 160 100
140 160 100
120 170 100
130 170 100
140 170 100
150 170 100
160 170 100
90 180 100
100 180 100
110 180 100
130 180 100
140 180 100
150 180 100
160 180 100
80 190 100
90 190 100
100 190 100
110 190 100
120 190 100
130 190 100
140 190 100
150 190 100
160 190 100
0 10 100
10 10 100
20 10 100
30 10 100
40 10 100
50 10 100
60 10 100
0 20 100
10 20 100
20 20 100
30 20 100
40 20 100
50 20 100
60 20 100
0 30 100
10 30 100
20 30 100
30 30 100
40 30 100
50 30 100
60 30 100
0 40 100
10 40 100
20 40 100
30 40 100
40 40 100
50 40 100
60 40 100
0 50 100
10 50 100
20 50 100
30 50 100
40 50 100
50 50 100
60 50 100
0 60 100
10 60 100
40 60 100
50 60 100
0 70 100
10 70 100
20 70 100
30 70 100
40 70 100
50 70 100
60 70 100
0 80 100
10 80 100
40 80 100
50 80 100
0 90 100
50 90 100
140 90 100
140 100 100
180 100 100
190 100 100
140 110 100
160 110 100
170 110 100
180 110 100
170 120 100
180 120 100
190 120 100
170 130 100
180 130 100
190 130 100
170 140 100
180 140 100
170 150 100
180 150 100
170 160 100
180 160 100
140 170 100
150 170 100
170 170 100
180 170 100
190 170 100
186 50 100
187 50 100
188 50 100
189 50 100
190 49 100
190 48 100
190 47 100
190 46 100
190 45 100
190 44 100
190 43 100
190 42 100
190 42 100
190 41 100
190 41 100
190 39 100
190 39 100
190 38 100
190 38 100
190 38 100
190 37 100
190 37 100
190 37 100
190 36 100
190 36 100
190 36 100
190 36 100
190 35 100
190 35 100
190 35 100
190 35 100
190 35 100
190 34 100
190 34 100
190 34 100
190 34 100
190 34 100
190 34 100
190 33 100
190 33 100
190 33 100
190 33 100
190 33 100
190 33 100
190 32 100
190 32 100
190 32 100
190 32 100
190 32 100
190 32 100
190 32 100
190 31 100
190 31 100
190 31 100
190 31 100
190 31 100
190 31 100
190 31 100
190 30 100
190 30 100
190 30 100
190 30 100
190 29 100
190 29 100
190 29 100
190 29 100
190 29 100
190 28 100
190 28 100
190 28 100
190 28 100
190 27 100
190 27 100
190 27 100
190 26 100
190 26 100
190 25 100
190 25 100
190 24 100
190 24 100
190 23 100
190 23 100
190 22 100
190 21 100
190 19 100
190 18 100
190 17 100
190 16 100
190 15 100
190 14 100
190 13 100
190 12 100
190 11 100
190 9 100
190 8 100
190 7 100
190 6 100
190 5 100
190 4 100
190 3 100
190 2 100
190 1 100
189 0 100
188 0 100
187 0 100
186 0 100
185 0 100
184 0 100
183 0 100
182 0 100
181 0 100
179 0 100
179 1 100
178 1 100
178 2 100
177 2 100
176 2 100
88 149 100
89 149 100
89 150 100
91 150 100
92 150 100
93 150 100
94 150 100
95 150 100
96 150 100
97 150 100
98 150 100
99 150 100
101 150 100
102 150 100
103 150 100
104 150 100
105 150 100
106 150 100
107 150 100
108 150 100
109 150 100
111 150 100
112 150 100
113 150 100
114 150 100
115 150 100
116 150 100
117 150 100
118 150 100
119 150 100
121 150 100
121 150 100
122 150 100
122 150 100
123 150 100
123 150 100
124 150 100
124 150 100
125 150 100
125 150 100
126 150 100
126 150 100
127 150 100
127 150 100
128 150 100
128 150 100
129 150 100
130 149 100
130 148 100
130 147 100
130 146 100
130 145 100
130 144 100
130 143 100
130 142 100
130 141 100
130 141 100
131 140 100
132 140 100
133 140 100
134 140 100
135 140 100
136 140 100
137 140 100
138 140 100
139 140 100
140 139 100
140 138 100
140 137 100
140 136 100
140 135 100
140 134 100
140 133 100
140 132 100
140 131 100
141 130 100
142 130 100
143 130 100
144 130 100
145 130 100
146 130 100
147 130 100
148 130 100
149 130 100
150 129 100
150 128 100
150 127 100
150 126 100
150 125 100
150 124 100
150 123 100
150 122 100
150 121 100
150 119 100
150 118 100
150 117 100
150 116 100
150 115 100
150 115 100
150 114 100
150 114 100
150 113 100
150 113 100
150 112 100
150 112 100
150 111 100
150 111 100
150 109 100
150 108 100
150 107 100
150 106 100
150 105 100
150 104 100
150 103 100
150 102 100
150 101 100
151 100 100
152 100 100
153 100 100
154 100 100
155 100 100
156 100 100
157 100 100
158 100 100
159 100 100
161 100 100
162 100 100
163 100 100
164 100 100
165 100 100
166 100 100
167 100 100
168 100 100
169 100 100
170 99 100
170 98 100
170 97 100
170 96 100
170 95 100
170 94 100
170 93 100
170 92 100
170 91 100
171 90 100
172 90 100
172 90 100
173 90 100
173 90 100
174 90 100
174 90 100
175 90 100
175 90 100
176 90 100
177 90 100
178 90 100
179 90 100
180 89 100
180 88 100
180 87 100
180 86 100
180 85 100
180 84 100
180 83 100
180 82 100
180 81 100
180 81 100
180 79 100
180 79 100
180 78 100
180 78 100
180 77 100
180 77 100
180 76 100
180 75 100
180 74 100
180 73 100
180 72 100
180 71 100
180 69 100
180 68 100
180 67 100
180 66 100
180 65 100
180 64 100
180 63 100
180 62 100
180 61 100
180 59 100
180 58 100
180 57 100
180 56 100
180 55 100
180 54 100
180 53 100
180 52 100
180 51 100
181 50 100
182 50 100
183 50 100
184 50 100
185 50 100
107 103 100
107 103 100
107 103 100
107 103 100
108 103 100
108 103 100
108 103 100
108 104 100
108 104 100
108 104 100
108 104 100
109 104 100
109 104 100
109 104 100
109 105 100
109 105 100
109 105 100
110 105 100
110 105 100
110 106 100
110 106 100
110 107 100
110 107 100
110 108 100
110 108 100
110 109 100
110 109 100
111 110 100
111 110 100
112 110 100
113 110 100
114 110 100
115 110 100
116 110 100
117 110 100
118 110 100
119 110 100
121 110 100
122 110 100
123 110 100
124 110 100
125 110 100
126 110 100
127 110 100
128 110 100
129 110 100
131 110 100
132 110 100
133 110 100
134 110 100
134 110 100
135 110 100
135 110 100
136 110 100
136 110 100
136 110 100
137 110 100
137 110 100
137 110 100
138 110 100
138 110 100
138 110 100
139 110 100
139 110 100
139 110 100
141 110 100
141 110 100
142 110 100
142 110 100
143 110 100
143 110 100
144 110 100
145 110 100
146 110 100
147 110 100
148 110 100
149 110 100
159 126 100
160 126 100
160 127 100
160 128 100
160 129 100
159 130 100
158 130 100
157 130 100
156 130 100
155 130 100
154 130 100
153 130 100
152 130 100
151 130 100
35 108 100
34 108 100
34 109 100
33 109 100
33 110 100
32 110 100
31 110 100
30 109 100
30 108 100
30 107 100
30 106 100
30 105 100
30 104 100
30 103 100
30 102 100
30 101 100
31 100 100
32 100 100
33 100 100
34 100 100
35 100 100
36 100 100
37 100 100
38 100 100
39 100 100
41 100 100
42 100 100
43 100 100
44 100 100
45 100 100
46 100 100
47 100 100
48 100 100
49 100 100
49 100 100
50 99 100
50 99 100
50 98 100
50 97 100
50 96 100
50 95 100
50 94 100
50 93 100
50 92 100
50 91 100
51 90 100
51 90 100
52 90 100
52 90 100
53 90 100
53 90 100
54 90 100
54 90 100
55 90 100
55 90 100
56 90 100
56 90 100
57 90 100
57 90 100
58 90 100
58 90 100
59 90 100
59 90 100
61 90 100
62 90 100
63 90 100
64 90 100
65 90 100
65 90 100
66 90 100
66 90 100
67 90 100
67 90 100
68 90 100
68 90 100
69 90 100
69 90 100
71 90 100
72 90 100
73 90 100
74 90 100
75 90 100
76 90 100
77 90 100
78 90 100
79 90 100
80 91 100
80 92 100
80 93 100
80 94 100
80 95 100
80 96 100
80 97 100
80 98 100
80 99 100
81 100 100
81 100 100
82 100 100
82 100 100
83 100 100
83 100 100
84 100 100
84 100 100
85 100 100
85 100 100
86 100 100
86 100 100
87 100 100
87 100 100
88 100 100
88 100 100
89 100 100
89 100 100
91 100 100
91 100 100
91 101 100
91 101 100
91 101 100
92 101 100
92 101 100
92 101 100
92 102 100
92 102 100
92 102 100
92 102 100
92 102 100
93 102 100
93 102 100
93 102 100
93 102 100
93 102 100
93 102 100
93 103 100
93 103 100
93 103 100
93 103 100
93 103 100
93 103 100
93 103 100
93 103 100
93 103 100
93 103 100
94 103 100
94 103 100
94 103 100
94 103 100
94 103 100
94 103 100
94 103 100
94 103 100
94 103 100
94 103 100
94 103 100
94 103 100
95 103 100
95 103 100
95 103 100
95 103 100
95 103 100
95 103 100
95 103 100
95 103 100
95 103 100
95 103 100
95 103 100
95 103 100
95 103 100
95 103 100
96 103 100
96 103 100
96 103 100
96 103 100
96 103 100
96 103 100
96 103 100
96 103 100
96 103 100
96 103 100
96 103 100
96 103 100
96 103 100
96 103 100
96 103 100
96 103 100
97 103 100
97 103 100
97 103 100
97 103 100
97 103 100
97 103 100
97 103 100
97 103 100
97 103 100
97 103 100
97 103 100
97 103 100
97 103 100
97 103 100
97 103 100
97 103 100
98 103 100
98 103 100
98 103 100
98 103 100
98 103 100
98 103 100
98 103 100
98 103 100
98 103 100
98 103 100
98 103 100
98 103 100
98 103 100
98 103 100
98 103 100
98 103 100
99 103 100
99 103 100
99 103 100
99 103 100
99 103 100
99 103 100
99 103 100
99 103 100
99 103 100
99 103 100
99 103 100
99 103 100
99 103 100
99 103 100
99 103 100
99 103 100
100 103 100
100 103 100
100 103 100
100 103 100
100 103 100
100 103 100
100 103 100
100 103 100
100 103 100
100 103 100
100 103 100
100 103 100
100 103 100
100 103 100
100 103 100
101 103 100
101 103 100
101 103 100
101 103 100
101 103 100
101 103 100
101 103 100
101 103 100
101 103 100
101 103 100
101 103 100
101 103 100
101 103 100
101 103 100
102 103 100
102 103 100
102 103 100
102 103 100
102 103 100
102 103 100
102 103 100
102 103 100
102 103 100
102 103 100
102 103 100
102 103 100
103 103 100
103 103 100
103 103 100
103 103 100
103 103 100
103 103 100
103 103 100
103 103 100
103 103 100
103 103 100
104 103 100
104 103 100
104 103 100
104 103 100
104 103 100
104 103 100
104 103 100
104 103 100
104 103 100
105 103 100
105 103 100
105 103 100
105 103 100
105 103 100
105 103 100
105 103 100
106 103 100
106 103 100
106 103 100
106 103 100
106 103 100
106 103 100
110 22 100
110 22 100
110 21 100
110 21 100
111 20 100
111 20 100
112 20 100
112 20 100
113 20 100
113 20 100
113 20 100
114 20 100
114 20 100
114 20 100
115 20 100
115 20 100
115 20 100
116 20 100
116 20 100
116 20 100
117 20 100
117 20 100
117 20 100
118 20 100
118 20 100
118 20 100
119 20 100
119 20 100
119 20 100
120 20 100
120 20 100
121 20 100
121 20 100
121 20 100
122 20 100
122 20 100
122 20 100
122 20 100
123 20 100
123 20 100
123 20 100
124 20 100
124 20 100
124 20 100
125 20 100
125 20 100
126 20 100
126 20 100
127 20 100
128 20 100
129 20 100
131 20 100
132 20 100
133 20 100
134 20 100
135 20 100
136 20 100
137 20 100
138 20 100
139 20 100
141 20 100
142 20 100
143 20 100
144 20 100
145 20 100
146 20 100
147 20 100
148 20 100
149 20 100
150 19 100
150 18 100
150 17 100
150 16 100
150 15 100
150 14 100
150 13 100
150 12 100
150 11 100
151 10 100
152 10 100
153 10 100
154 10 100
155 10 100
156 10 100
157 10 100
158 10 100
159 10 100
160 9 100
160 8 100
160 7 100
160 6 100
160 5 100
160 4 100
160 3 100
160 2 100
160 1 100
161 0 100
162 0 100
163 0 100
164 0 100
165 0 100
166 0 100
167 0 100
168 0 100
169 0 100
171 0 100
171 1 100
172 1 100
172 2 100
173 2 100
174 2 100
175 2 100
124 196 100
123 196 100
123 195 100
122 195 100
122 194 100
121 194 100
121 193 100
120 193 100
120 192 100
120 191 100
120 189 100
120 188 100
120 187 100
120 186 100
120 185 100
120 184 100
120 183 100
120 182 100
120 181 100
120 179 100
120 178 100
120 177 100
120 176 100
120 176 100
120 175 100
120 175 100
120 174 100
120 174 100
120 173 100
120 173 100
120 173 100
120 172 100
120 172 100
120 172 100
120 171 100
120 171 100
120 169 100
120 169 100
120 168 100
120 168 100
120 167 100
120 167 100
120 167 100
120 166 100
120 166 100
120 166 100
120 165 100
120 165 100
120 165 100
120 164 100
120 164 100
120 164 100
120 163 100
120 163 100
120 163 100
120 162 100
120 162 100
120 162 100
120 161 100
120 161 100
120 159 100
120 159 100
120 158 100
120 157 100
120 156 100
120 155 100
120 154 100
120 153 100
120 152 100
120 151 100
29 54 100
30 54 100
30 55 100
30 56 100
30 57 100
30 58 100
30 59 100
30 61 100
30 62 100
30 63 100
30 64 100
30 64 100
30 65 100
30 65 100
30 66 100
30 66 100
30 66 100
30 67 100
30 67 100
30 67 100
30 68 100
30 68 100
30 68 100
30 68 100
30 69 100
30 69 100
30 69 100
30 69 100
30 69 100
30 70 100
30 70 100
30 70 100
30 71 100
30 71 100
30 71 100
30 71 100
30 71 100
30 72 100
30 72 100
30 72 100
30 72 100
30 73 100
30 73 100
30 73 100
30 74 100
30 74 100
30 75 100
30 76 100
30 77 100
30 78 100
30 79 100
30 81 100
30 82 100
30 83 100
30 84 100
30 85 100
30 86 100
30 87 100
30 88 100
30 89 100
30 91 100
30 92 100
30 93 100
30 94 100
30 95 100
30 96 100
30 97 100
30 98 100
30 99 100
189 139 100
190 139 100
190 138 100
190 137 100
190 136 100
190 135 100
190 134 100
190 133 100
190 132 100
190 131 100
190 131 100
189 130 100
189 130 100
188 130 100
188 130 100
187 130 100
187 130 100
186 130 100
186 130 100
185 130 100
185 130 100
184 130 100
184 130 100
183 130 100
183 130 100
182 130 100
182 130 100
181 130 100
181 130 100
179 130 100
179 130 100
178 130 100
178 130 100
177 130 100
177 130 100
176 130 100
176 130 100
175 130 100
175 130 100
175 130 100
174 130 100
174 130 100
174 130 100
173 130 100
173 130 100
173 130 100
172 130 100
172 130 100
172 130 100
171 130 100
171 130 100
169 130 100
168 130 100
167 130 100
166 130 100
165 130 100
164 130 100
163 130 100
162 130 100
161 130 100
