# score 64728
50 100 100
60 100 100
70 100 100
80 100 100
90 100 100
100 100 100
110 100 100
120 100 100
130 100 100
50 110 100
60 110 100
70 110 100
80 110 100
90 110 100
100 110 100
110 110 100
120 110 100
130 110 100
50 120 100
60 120 100
70 120 100
80 120 100
90 120 100
100 120 100
110 120 100
120 120 100
130 120 100
50 130 100
60 130 100
70 130 100
80 130 100
90 130 100
100 130 100
110 130 100
120 130 100
130 130 100
50 140 100
60 140 100
70 140 100
80 140 100
90 140 100
100 140 100
110 140 100
120 140 100
130 140 100
50 150 100
60 150 100
70 150 100
80 150 100
90 150 100
100 150 100
110 150 100
120 150 100
130 150 100
50 160 100
60 160 100
70 160 100
80 160 100
90 160 100
100 160 100
110 160 100
120 160 100
130 160 100
50 170 100
60 170 100
70 170 100
80 170 100
90 170 100
100 170 100
110 170 100
120 170 100
130 170 100
50 180 100
60 180 100
70 180 100
80 180 100
90 180 100
100 180 100
110 180 100
120 180 100
130 180 100
140 140 100
150 140 100
160 140 100
170 140 100
180 140 100
190 140 100
140 150 100
150 150 100
160 150 100
170 150 100
180 150 100
190 150 100
140 160 100
150 160 100
160 160 100
170 160 100
180 160 100
190 160 100
140 170 100
150 170 100
160 170 100
170 170 100
180 170 100
190 170 100
140 180 100
150 180 100
160 180 100
170 180 100
180 180 100
190 180 100
140 190 100
150 190 100
160 190 100
170 190 100
180 190 100
190 190 100
40 0 100
50 0 100
60 0 100
70 0 100
80 0 100
90 0 100
100 0 100
110 0 100
120 0 100
40 10 100
50 10 100
60 10 100
70 10 100
80 10 100
90 10 100
100 10 100
110 10 100
120 10 100
40 20 100
50 20 100
60 20 100
70 20 100
80 20 100
90 20 100
100 20 100
110 20 100
120 20 100
40 30 100
50 30 100
60 30 100
70 30 100
80 30 100
90 30 100
100 30 100
110 30 100
120 30 100
40 40 100
50 40 100
60 40 100
70 40 100
80 40 100
90 40 100
100 40 100
110 40 100
120 40 100
0 70 100
10 70 100
20 70 100
30 70 100
40 70 100
50 70 100
0 80 100
10 80 100
20 80 100
30 80 100
40 80 100
50 80 100
0 90 100
10 90 100
20 90 100
30 90 100
40 90 100
50 90 100
0 100 100
10 100 100
20 100 100
30 100 100
40 100 100
0 110 100
10 110 100
20 110 100
30 110 100
40 110 100
0 120 100
10 120 100
20 120 100
30 120 100
40 120 100
50 120 100
0 130 100
10 130 100
20 130 100
30 130 100
40 130 100
50 130 100
0 140 100
10 140 100
20 140 100
30 140 100
40 140 100
50 140 100
0 150 100
10 150 100
20 150 100
30 150 100
40 150 100
50 150 100
10 30 100
20 30 100
30 30 100
60 30 100
70 30 100
80 30 100
90 30 100
10 40 100
20 40 100
30 40 100
40 40 100
70 40 100
80 40 100
90 40 100
10 50 100
20 50 100
30 50 100
40 50 100
50 50 100
60 50 100
70 50 100
80 50 100
90 50 100
10 60 100
20 60 100
30 60 100
40 60 100
50 60 100
60 60 100
70 60 100
80 60 100
90 60 100
10 70 100
20 70 100
30 70 100
40 70 100
60 70 100
70 70 100
80 70 100
90 70 100
10 80 100
20 80 100
30 80 100
40 80 100
60 80 100
70 80 100
80 80 100
90 80 100
10 90 100
20 90 100
30 90 100
40 90 100
60 90 100
70 90 100
80 90 100
90 90 100
10 100 100
20 100 100
30 100 100
40 100 100
70 100 100
80 100 100
90 100 100
10 110 100
30 110 100
40 110 100
70 110 100
80 110 100
90 110 100
55 73 100
54 73 100
54 72 100
53 72 100
53 71 100
52 71 100
52 70 100
51 70 100
50 71 100
50 72 100
50 73 100
50 74 100
50 75 100
50 76 100
50 77 100
50 78 100
50 79 100
50 81 100
50 82 100
50 83 100
50 84 100
50 85 100
50 86 100
50 87 100
50 88 100
50 89 100
50 91 100
50 92 100
50 93 100
50 94 100
50 95 100
50 96 100
50 97 100
50 98 100
50 99 100
50 101 100
50 102 100
50 103 100
50 104 100
50 105 100
50 106 100
50 107 100
50 108 100
50 109 100
49 110 100
49 110 100
48 110 100
48 110 100
47 110 100
47 110 100
46 110 100
46 110 100
46 110 100
45 110 100
45 110 100
45 110 100
45 110 100
44 110 100
44 110 100
44 110 100
44 110 100
44 110 100
43 110 100
43 110 100
43 110 100
43 110 100
43 110 100
43 110 100
42 110 100
42 110 100
42 110 100
42 110 100
42 110 100
42 110 100
42 110 100
41 110 100
41 110 100
41 110 100
41 110 100
41 110 100
41 110 100
41 110 100
41 110 100
41 110 100
40 110 100
40 110 100
40 110 100
40 110 100
40 110 100
40 110 100
40 110 100
40 110 100
39 110 100
39 110 100
39 110 100
39 110 100
39 110 100
39 110 100
39 110 100
39 110 100
39 110 100
39 110 100
39 110 100
39 110 100
38 110 100
38 110 100
38 110 100
38 110 100
38 110 100
38 110 100
38 110 100
38 110 100
38 110 100
38 110 100
38 110 100
38 110 100
38 110 100
37 110 100
37 110 100
37 110 100
37 110 100
37 110 100
37 110 100
37 110 100
37 110 100
37 110 100
37 110 100
37 110 100
37 110 100
37 110 100
36 110 100
36 110 100
36 110 100
36 110 100
36 110 100
36 110 100
36 110 100
36 110 100
36 110 100
36 110 100
36 110 100
36 110 100
36 110 100
35 110 100
35 110 100
35 110 100
35 110 100
35 110 100
35 110 100
35 110 100
35 110 100
35 110 100
35 110 100
35 110 100
35 110 100
35 110 100
34 110 100
34 110 100
34 110 100
34 110 100
34 110 100
34 110 100
34 110 100
34 110 100
34 110 100
34 110 100
34 110 100
34 110 100
33 110 100
33 110 100
33 110 100
33 110 100
33 110 100
33 110 100
33 110 100
33 110 100
33 110 100
33 110 100
33 110 100
33 110 100
32 110 100
32 110 100
32 110 100
32 110 100
32 110 100
32 110 100
32 110 100
32 110 100
32 110 100
32 110 100
32 110 100
31 110 100
31 110 100
31 110 100
31 110 100
31 110 100
31 110 100
31 110 100
31 110 100
31 110 100
31 110 100
31 110 100
30 110 100
30 110 100
30 110 100
30 110 100
30 110 100
30 110 100
30 110 100
30 110 100
30 110 100
29 110 100
29 110 100
29 110 100
29 110 100
29 110 100
29 110 100
29 110 100
29 110 100
29 110 100
29 110 100
28 110 100
28 110 100
28 110 100
28 110 100
28 110 100
28 110 100
28 110 100
28 110 100
28 110 100
27 110 100
27 110 100
27 110 100
27 110 100
27 110 100
27 110 100
27 110 100
27 110 100
26 110 100
26 110 100
26 110 100
26 110 100
26 110 100
26 110 100
25 110 100
25 110 100
25 110 100
25 110 100
25 110 100
24 110 100
24 110 100
24 110 100
24 110 100
23 110 100
23 110 100
23 110 100
22 110 100
22 110 100
21 110 100
19 110 100
18 110 100
17 110 100
16 110 100
15 110 100
14 110 100
13 110 100
12 110 100
11 110 100
11 110 100
10 111 100
10 111 100
10 112 100
10 113 100
10 114 100
10 115 100
