# score 97240
20 100 100
30 100 100
40 100 100
50 100 100
60 100 100
70 100 100
80 100 100
90 100 100
100 100 100
20 110 100
30 110 100
40 110 100
50 110 100
60 110 100
70 110 100
80 110 100
90 110 100
100 110 100
20 120 100
30 120 100
40 120 100
50 120 100
60 120 100
70 120 100
80 120 100
90 120 100
100 120 100
20 130 100
30 130 100
40 130 100
50 130 100
60 130 100
70 130 100
80 130 100
90 130 100
100 130 100
20 140 100
30 140 100
40 140 100
50 140 100
60 140 100
70 140 100
80 140 100
90 140 100
100 140 100
20 150 100
30 150 100
40 150 100
50 150 100
60 150 100
70 150 100
80 150 100
90 150 100
100 150 100
20 160 100
30 160 100
40 160 100
50 160 100
60 160 100
70 160 100
80 160 100
90 160 100
100 160 100
20 170 100
30 170 100
40 170 100
50 170 100
60 170 100
70 170 100
80 170 100
90 170 100
100 170 100
20 180 100
30 180 100
40 180 100
50 180 100
60 180 100
70 180 100
80 180 100
90 180 100
100 180 100
80 140 100
90 140 100
100 140 100
110 140 100
120 140 100
130 140 100
140 140 100
150 140 100
160 140 100
90 150 100
100 150 100
110 150 100
120 150 100
130 150 100
140 150 100
150 150 100
160 150 100
100 160 100
110 160 100
120 160 100
130 160 100
140 160 100
150 160 100
160 160 100
110 170 100
120 170 100
130 170 100
140 170 100
150 170 100
160 170 100
110 180 100
120 180 100
130 180 100
140 180 100
150 180 100
160 180 100
80 190 100
90 190 100
100 190 100
110 190 100
120 190 100
130 190 100
140 190 100
150 190 100
160 190 100
60 0 100
70 0 100
80 0 100
90 0 100
100 0 100
110 0 100
120 0 100
130 0 100
140 0 100
60 10 100
70 10 100
80 10 100
90 10 100
100 10 100
110 10 100
120 10 100
130 10 100
140 10 100
60 20 100
70 20 100
80 20 100
90 20 100
100 20 100
110 20 100
120 20 100
130 20 100
140 20 100
60 30 100
70 30 100
80 30 100
90 30 100
100 30 100
110 30 100
120 30 100
130 30 100
140 30 100
60 40 100
70 40 100
80 40 100
90 40 100
100 40 100
110 40 100
120 40 100
130 40 100
140 40 100
130 0 100
140 0 100
150 0 100
160 0 100
170 0 100
180 0 100
190 0 100
130 10 100
140 10 100
150 10 100
160 10 100
170 10 100
180 10 100
190 10 100
130 20 100
140 20 100
150 20 100
160 20 100
170 20 100
180 20 100
190 20 100
130 30 100
140 30 100
150 30 100
160 30 100
170 30 100
180 30 100
190 30 100
140 40 100
150 40 100
160 40 100
170 40 100
180 40 100
190 40 100
130 50 100
140 50 100
150 50 100
160 50 100
170 50 100
180 50 100
190 50 100
150 30 100
160 30 100
170 30 100
150 40 100
160 40 100
170 40 100
180 40 100
150 50 100
160 50 100
170 50 100
180 50 100
150 60 100
160 60 100
170 60 100
180 60 100
190 60 100
150 70 100
160 70 100
170 70 100
180 70 100
190 70 100
150 80 100
160 80 100
170 80 100
180 80 100
190 80 100
150 90 100
160 90 100
170 90 100
180 90 100
190 90 100
150 100 100
160 100 100
170 100 100
180 100 100
190 100 100
150 110 100
160 110 100
170 110 100
180 110 100
190 110 100
0 0 100
10 0 100
20 0 100
30 0 100
40 0 100
50 0 100
60 0 100
70 0 100
0 10 100
10 10 100
20 10 100
30 10 100
40 10 100
50 10 100
60 10 100
70 10 100
0 20 100
10 20 100
20 20 100
30 20 100
40 20 100
50 20 100
60 20 100
70 20 100
0 30 100
10 30 100
20 30 100
30 30 100
40 30 100
50 30 100
0 40 100
10 40 100
20 40 100
30 40 100
40 40 100
50 40 100
70 40 100
0 50 100
10 50 100
20 50 100
30 50 100
40 50 100
50 50 100
60 50 100
70 50 100
0 60 100
10 60 100
20 60 100
30 60 100
40 60 100
50 60 100
60 60 100
70 60 100
120 189 100
119 190 100
118 190 100
117 190 100
116 190 100
115 190 100
114 190 100
113 190 100
112 190 100
111 190 100
109 190 100
108 190 100
107 190 100
106 190 100
105 190 100
104 190 100
103 190 100
102 190 100
101 190 100
99 190 100
98 190 100
97 190 100
96 190 100
95 190 100
94 190 100
93 190 100
92 190 100
91 190 100
90 189 100
90 188 100
90 187 100
90 186 100
90 185 100
90 184 100
90 183 100
90 182 100
90 181 100
90 179 100
90 178 100
90 177 100
90 176 100
90 175 100
90 174 100
90 173 100
90 172 100
90 171 100
89 170 100
88 170 100
87 170 100
86 170 100
85 170 100
84 170 100
83 170 100
82 170 100
81 170 100
80 169 100
80 168 100
80 167 100
80 166 100
80 165 100
80 164 100
80 163 100
80 162 100
80 161 100
80 159 100
80 158 100
80 157 100
80 156 100
80 155 100
80 154 100
80 153 100
80 152 100
80 151 100
79 150 100
78 150 100
77 150 100
76 150 100
75 150 100
74 150 100
73 150 100
72 150 100
71 150 100
69 150 100
69 149 100
68 149 100
68 148 100
67 148 100
67 147 100
66 147 100
65 147 100
64 147 100
63 147 100
103 9 100
104 9 100
104 10 100
105 10 100
106 10 100
107 10 100
108 10 100
109 10 100
110 11 100
110 12 100
110 13 100
110 14 100
110 15 100
110 16 100
110 17 100
110 18 100
110 19 100
111 20 100
112 20 100
113 20 100
114 20 100
115 20 100
116 20 100
117 20 100
118 20 100
119 20 100
120 21 100
120 22 100
120 23 100
120 24 100
120 25 100
120 26 100
120 27 100
120 28 100
120 29 100
120 31 100
120 32 100
120 33 100
120 34 100
120 35 100
120 36 100
120 37 100
120 38 100
120 39 100
121 40 100
122 40 100
123 40 100
124 40 100
125 40 100
126 40 100
127 40 100
128 40 100
129 40 100
130 41 100
130 42 100
130 43 100
130 44 100
130 45 100
130 46 100
130 47 100
130 48 100
130 49 100
131 50 100
132 50 100
133 50 100
134 50 100
135 50 100
136 50 100
137 50 100
138 50 100
139 50 100
141 50 100
141 51 100
142 51 100
142 52 100
143 52 100
143 53 100
144 53 100
144 54 100
145 54 100
145 55 100
146 55 100
146 56 100
147 56 100
147 57 100
148 57 100
148 58 100
149 58 100
149 59 100
150 59 100
150 61 100
150 62 100
150 63 100
150 64 100
150 65 100
150 66 100
150 67 100
150 68 100
150 69 100
150 71 100
150 72 100
150 73 100
150 74 100
150 75 100
150 76 100
150 77 100
150 78 100
150 79 100
150 81 100
150 82 100
150 83 100
150 84 100
150 85 100
150 86 100
150 87 100
150 88 100
150 89 100
150 91 100
150 92 100
150 93 100
150 94 100
150 95 100
150 96 100
150 97 100
150 98 100
150 99 100
150 101 100
150 102 100
150 103 100
150 104 100
150 105 100
150 106 100
150 107 100
150 108 100
150 109 100
150 111 100
150 112 100
150 113 100
150 114 100
150 114 100
150 115 100
150 115 100
150 116 100
150 116 100
150 117 100
150 117 100
150 117 100
150 118 100
150 118 100
150 118 100
150 119 100
150 119 100
150 119 100
150 120 100
150 120 100
150 120 100
150 121 100
150 121 100
150 121 100
150 122 100
150 122 100
150 122 100
150 123 100
150 123 100
150 124 100
150 124 100
150 125 100
150 125 100
150 126 100
150 126 100
150 127 100
150 127 100
150 128 100
150 128 100
150 128 100
150 129 100
150 129 100
150 129 100
150 130 100
150 130 100
150 130 100
150 131 100
150 131 100
150 132 100
150 132 100
150 133 100
150 133 100
150 134 100
150 135 100
150 136 100
150 137 100
150 138 100
150 139 100
150 141 100
150 142 100
150 143 100
150 144 100
150 145 100
150 146 100
150 147 100
150 148 100
150 149 100
151 150 100
152 150 100
153 150 100
154 150 100
155 150 100
156 150 100
157 150 100
158 150 100
159 150 100
160 151 100
160 152 100
160 153 100
160 154 100
160 155 100
160 156 100
160 157 100
160 158 100
160 159 100
160 161 100
160 162 100
160 163 100
160 164 100
160 165 100
160 166 100
160 167 100
160 168 100
160 169 100
160 171 100
160 172 100
160 173 100
160 174 100
160 175 100
160 176 100
160 177 100
160 178 100
160 179 100
160 181 100
160 182 100
160 183 100
160 184 100
160 185 100
160 186 100
160 187 100
160 188 100
160 189 100
159 190 100
158 190 100
157 190 100
156 190 100
155 190 100
154 190 100
153 190 100
152 190 100
151 190 100
149 190 100
148 190 100
147 190 100
146 190 100
145 190 100
144 190 100
143 190 100
142 190 100
141 190 100
141 190 100
140 190 100
139 190 100
139 190 100
139 190 100
138 190 100
138 190 100
138 190 100
137 190 100
137 190 100
137 190 100
137 190 100
136 190 100
136 190 100
136 190 100
136 190 100
136 190 100
135 190 100
135 190 100
135 190 100
135 190 100
135 190 100
134 190 100
134 190 100
134 190 100
134 190 100
134 190 100
133 190 100
133 190 100
133 190 100
133 190 100
132 190 100
132 190 100
132 190 100
132 190 100
131 190 100
131 190 100
131 190 100
130 190 100
130 190 100
129 190 100
129 190 100
128 190 100
128 190 100
127 190 100
127 190 100
126 190 100
126 190 100
125 190 100
125 190 100
124 190 100
124 190 100
123 190 100
123 190 100
122 190 100
121 190 100
176 19 100
177 19 100
177 20 100
178 20 100
179 20 100
180 21 100
180 22 100
180 23 100
180 24 100
180 25 100
180 26 100
180 27 100
180 28 100
180 29 100
180 31 100
180 32 100
180 33 100
180 34 100
180 35 100
180 36 100
180 37 100
180 38 100
180 39 100
180 39 100
180 41 100
180 41 100
180 42 100
180 42 100
180 42 100
180 43 100
180 43 100
180 43 100
180 44 100
180 44 100
180 44 100
180 45 100
180 45 100
180 45 100
180 46 100
180 46 100
180 46 100
180 47 100
180 47 100
180 47 100
180 48 100
180 48 100
180 48 100
180 49 100
180 49 100
180 49 100
180 51 100
180 51 100
180 52 100
180 52 100
180 53 100
180 53 100
180 54 100
180 54 100
180 55 100
180 55 100
180 56 100
180 56 100
180 57 100
180 57 100
180 58 100
180 59 100
180 61 100
180 62 100
180 63 100
180 64 100
180 65 100
180 66 100
180 67 100
180 68 100
180 69 100
179 70 100
178 70 100
177 70 100
176 70 100
175 70 100
174 70 100
173 70 100
172 70 100
171 70 100
169 70 100
168 70 100
167 70 100
166 70 100
165 70 100
164 70 100
163 70 100
162 70 100
161 70 100
159 70 100
158 70 100
157 70 100
156 70 100
155 70 100
154 70 100
153 70 100
152 70 100
151 70 100
194 74 100
193 74 100
193 73 100
192 73 100
192 72 100
191 72 100
191 71 100
190 71 100
189 70 100
188 70 100
187 70 100
186 70 100
185 70 100
184 70 100
183 70 100
182 70 100
181 70 100
33 22 100
34 22 100
34 21 100
35 21 100
35 20 100
36 20 100
37 20 100
38 20 100
39 20 100
41 20 100
42 20 100
43 20 100
44 20 100
45 20 100
46 20 100
47 20 100
48 20 100
49 20 100
51 20 100
52 20 100
53 20 100
54 20 100
55 20 100
56 20 100
57 20 100
58 20 100
59 20 100
60 21 100
60 21 100
60 22 100
60 23 100
60 24 100
60 25 100
60 26 100
60 27 100
60 28 100
60 29 100
61 30 100
62 30 100
63 30 100
64 30 100
65 30 100
66 30 100
67 30 100
68 30 100
69 30 100
71 30 100
72 30 100
72 30 100
73 30 100
73 30 100
74 30 100
74 30 100
75 30 100
75 30 100
76 30 100
76 30 100
77 30 100
77 30 100
78 30 100
79 30 100
81 30 100
82 30 100
83 30 100
84 30 100
85 30 100
86 30 100
87 30 100
88 30 100
89 30 100
91 30 100
92 30 100
93 30 100
94 30 100
95 30 100
96 30 100
97 30 100
98 30 100
99 30 100
101 30 100
102 30 100
103 30 100
104 30 100
105 30 100
106 30 100
107 30 100
108 30 100
109 30 100
111 30 100
112 30 100
113 30 100
114 30 100
115 30 100
116 30 100
117 30 100
118 30 100
119 30 100
