# score 187920
140 0 100
150 0 100
160 0 100
170 0 100
180 0 100
190 0 100
140 10 100
150 10 100
160 10 100
170 10 100
180 10 100
190 10 100
140 20 100
150 20 100
160 20 100
170 20 100
180 20 100
190 20 100
140 30 100
150 30 100
160 30 100
170 30 100
180 30 100
190 30 100
140 40 100
150 40 100
160 40 100
170 40 100
180 40 100
190 40 100
0 0 100
10 0 100
20 0 100
30 0 100
40 0 100
50 0 100
60 0 100
70 0 100
0 10 100
10 10 100
20 10 100
30 10 100
40 10 100
50 10 100
60 10 100
70 10 100
0 20 100
10 20 100
20 20 100
30 20 100
40 20 100
50 20 100
60 20 100
70 20 100
0 30 100
10 30 100
20 30 100
30 30 100
40 30 100
50 30 100
60 30 100
70 30 100
0 40 100
10 40 100
20 40 100
30 40 100
40 40 100
50 40 100
60 40 100
70 40 100
0 50 100
10 50 100
20 50 100
30 50 100
40 50 100
50 50 100
60 50 100
70 50 100
0 60 100
10 60 100
20 60 100
30 60 100
40 60 100
50 60 100
60 60 100
70 60 100
0 70 100
10 70 100
20 70 100
30 70 100
40 70 100
50 70 100
60 70 100
70 70 100
120 90 100
130 90 100
140 90 100
150 90 100
160 90 100
170 90 100
180 90 100
190 90 100
120 100 100
130 100 100
140 100 100
150 100 100
160 100 100
170 100 100
180 100 100
190 100 100
120 110 100
130 110 100
140 110 100
150 110 100
160 110 100
170 110 100
180 110 100
190 110 100
120 120 100
130 120 100
140 120 100
150 120 100
160 120 100
170 120 100
180 120 100
190 120 100
120 130 100
130 130 100
140 130 100
150 130 100
160 130 100
170 130 100
180 130 100
190 130 100
120 140 100
130 140 100
140 140 100
150 140 100
160 140 100
170 140 100
180 140 100
190 140 100
120 150 100
130 150 100
140 150 100
150 150 100
160 150 100
170 150 100
180 150 100
190 150 100
120 160 100
130 160 100
140 160 100
150 160 100
160 160 100
170 160 100
180 160 100
190 160 100
120 170 100
130 170 100
140 170 100
150 170 100
160 170 100
170 170 100
180 170 100
190 170 100
0 140 100
10 140 100
20 140 100
30 140 100
40 140 100
0 150 100
10 150 100
20 150 100
30 150 100
40 150 100
0 160 100
10 160 100
20 160 100
30 160 100
40 160 100
0 170 100
10 170 100
20 170 100
30 170 100
40 170 100
0 180 100
10 180 100
20 180 100
30 180 100
40 180 100
0 190 100
10 190 100
20 190 100
30 190 100
40 190 100
0 40 100
10 40 100
20 40 100
60 40 100
0 50 100
10 50 100
50 50 100
60 50 100
0 60 100
10 60 100
40 60 100
50 60 100
60 60 100
0 70 100
10 70 100
40 70 100
50 70 100
60 70 100
0 80 100
10 80 100
20 80 100
30 80 100
40 80 100
50 80 100
60 80 100
0 90 100
10 90 100
20 90 100
30 90 100
40 90 100
50 90 100
60 90 100
0 100 100
10 100 100
20 100 100
30 100 100
40 100 100
50 100 100
60 100 100
0 110 100
10 110 100
20 110 100
30 110 100
40 110 100
50 110 100
60 110 100
0 120 100
10 120 100
20 120 100
30 120 100
40 120 100
50 120 100
60 120 100
40 120 100
70 120 100
80 120 100
90 120 100
100 120 100
110 120 100
120 120 100
40 130 100
50 130 100
60 130 100
70 130 100
80 130 100
90 130 100
100 130 100
110 130 100
120 130 100
40 140 100
50 140 100
60 140 100
70 140 100
80 140 100
90 140 100
100 140 100
110 140 100
120 140 100
50 150 100
60 150 100
70 150 100
80 150 100
90 150 100
100 150 100
110 150 100
120 150 100
40 160 100
50 160 100
60 160 100
70 160 100
80 160 100
90 160 100
100 160 100
110 160 100
120 160 100
40 170 100
50 170 100
60 170 100
70 170 100
80 170 100
90 170 100
100 170 100
110 170 100
120 170 100
40 180 100
50 180 100
60 180 100
70 180 100
80 180 100
90 180 100
100 180 100
110 180 100
120 180 100
40 190 100
50 190 100
60 190 100
70 190 100
80 190 100
90 190 100
100 190 100
110 190 100
120 190 100
40 20 100
50 20 100
60 20 100
70 20 100
80 20 100
90 20 100
100 20 100
20 30 100
50 30 100
60 30 100
70 30 100
80 30 100
90 30 100
100 30 100
20 40 100
60 40 100
70 40 100
80 40 100
90 40 100
100 40 100
50 50 100
60 50 100
70 50 100
80 50 100
90 50 100
100 50 100
40 60 100
50 60 100
60 60 100
80 60 100
90 60 100
100 60 100
40 70 100
50 70 100
60 70 100
80 70 100
90 70 100
100 70 100
40 80 100
50 80 100
60 80 100
70 80 100
80 80 100
90 80 100
100 80 100
40 90 100
50 90 100
60 90 100
70 90 100
80 90 100
90 90 100
100 90 100
30 100 100
40 100 100
50 100 100
60 100 100
70 100 100
80 100 100
90 100 100
100 100 100
37 36 100
38 36 100
38 37 100
39 37 100
39 38 100
40 38 100
40 39 100
40 41 100
40 42 100
40 43 100
40 44 100
40 45 100
40 46 100
40 47 100
40 48 100
40 49 100
41 50 100
42 50 100
42 50 100
43 50 100
43 50 100
44 50 100
44 50 100
44 50 100
45 50 100
45 50 100
45 50 100
45 50 100
46 50 100
46 50 100
46 50 100
46 50 100
46 50 100
47 50 100
47 50 100
47 50 100
47 50 100
47 50 100
47 50 100
48 50 100
48 50 100
48 50 100
48 50 100
48 50 100
48 50 100
48 50 100
49 50 100
49 50 100
49 50 100
49 50 100
49 50 100
49 50 100
49 50 100
49 50 100
50 50 100
50 50 100
50 50 100
50 50 100
50 50 100
50 50 100
51 50 100
51 50 100
51 50 100
51 50 100
51 50 100
51 50 100
51 50 100
51 50 100
51 50 100
51 50 100
52 50 100
52 50 100
52 50 100
52 50 100
52 50 100
52 50 100
52 50 100
52 50 100
52 50 100
52 50 100
52 50 100
53 50 100
53 50 100
53 50 100
53 50 100
53 50 100
53 50 100
53 50 100
53 50 100
53 50 100
53 50 100
53 50 100
54 50 100
54 50 100
54 50 100
54 50 100
54 50 100
54 50 100
54 50 100
54 50 100
54 50 100
54 50 100
54 50 100
55 50 100
55 50 100
55 50 100
55 50 100
55 50 100
55 50 100
55 50 100
55 50 100
55 50 100
55 50 100
56 50 100
56 50 100
56 50 100
56 50 100
56 50 100
56 50 100
56 50 100
56 50 100
56 50 100
56 50 100
57 50 100
57 50 100
57 50 100
57 50 100
57 50 100
57 50 100
57 50 100
57 50 100
58 50 100
58 50 100
58 50 100
58 50 100
58 50 100
58 50 100
58 50 100
59 50 100
59 50 100
59 50 100
59 50 100
59 50 100
59 50 100
60 50 100
60 50 100
61 50 100
61 50 100
61 50 100
61 50 100
62 50 100
62 50 100
62 50 100
63 50 100
63 50 100
63 50 100
64 50 100
64 50 100
65 50 100
65 50 100
66 50 100
66 50 100
67 50 100
67 50 100
68 50 100
68 50 100
69 50 100
69 50 100
70 51 100
70 51 100
70 52 100
70 53 100
70 54 100
70 55 100
70 56 100
70 57 100
70 58 100
70 59 100
69 60 100
69 61 100
69 62 100
69 63 100
70 63 100
70 64 100
70 65 100
70 66 100
70 67 100
70 68 100
70 69 100
71 70 100
72 70 100
73 70 100
74 70 100
75 70 100
76 70 100
77 70 100
78 70 100
79 70 100
80 71 100
80 72 100
80 73 100
80 74 100
80 75 100
80 76 100
80 77 100
80 78 100
80 79 100
81 80 100
82 80 100
83 80 100
84 80 100
85 80 100
86 80 100
87 80 100
88 80 100
89 80 100
90 81 100
90 82 100
90 83 100
90 84 100
90 85 100
90 86 100
90 87 100
90 88 100
90 89 100
91 90 100
92 90 100
93 90 100
94 90 100
95 90 100
96 90 100
97 90 100
98 90 100
99 90 100
100 91 100
100 92 100
100 93 100
100 94 100
100 95 100
100 96 100
100 97 100
100 98 100
100 99 100
101 100 100
102 100 100
103 100 100
104 100 100
105 100 100
106 100 100
107 100 100
108 100 100
109 100 100
110 100 100
111 100 100
112 100 100
113 100 100
114 100 100
115 100 100
116 100 100
117 100 100
118 100 100
119 100 100
120 101 100
120 102 100
120 103 100
120 104 100
120 105 100
120 106 100
120 107 100
120 108 100
120 109 100
121 110 100
122 110 100
123 110 100
124 110 100
125 110 100
126 110 100
127 110 100
128 110 100
128 110 100
129 110 100
129 110 100
130 110 100
130 110 100
131 110 100
131 110 100
131 110 100
132 110 100
132 110 100
132 110 100
133 110 100
133 110 100
133 110 100
134 110 100
134 110 100
134 110 100
134 110 100
135 110 100
135 110 100
135 110 100
135 110 100
136 110 100
136 110 100
136 110 100
136 110 100
137 110 100
137 110 100
137 110 100
137 110 100
137 110 100
138 110 100
138 110 100
138 110 100
138 110 100
138 110 100
139 110 100
139 110 100
139 110 100
139 110 100
139 110 100
140 110 100
140 110 100
140 110 100
140 110 100
141 110 100
141 110 100
141 110 100
141 110 100
141 110 100
142 110 100
142 110 100
142 110 100
142 110 100
143 110 100
143 110 100
143 110 100
143 110 100
144 110 100
144 110 100
144 110 100
145 110 100
145 110 100
145 110 100
146 110 100
146 110 100
147 110 100
147 110 100
148 110 100
148 110 100
149 110 100
149 110 100
150 111 100
150 112 100
150 113 100
150 114 100
150 115 100
150 116 100
150 117 100
150 118 100
150 119 100
150 121 100
150 122 100
150 123 100
150 124 100
150 125 100
150 126 100
150 127 100
150 128 100
150 129 100
151 130 100
152 130 100
153 130 100
154 130 100
155 130 100
156 130 100
157 130 100
158 130 100
159 130 100
161 130 100
162 130 100
163 130 100
164 130 100
165 130 100
166 130 100
167 130 100
168 130 100
169 130 100
171 130 100
172 130 100
173 130 100
174 130 100
175 130 100
176 130 100
177 130 100
178 130 100
179 130 100
180 129 100
180 128 100
180 127 100
180 126 100
180 125 100
180 124 100
180 123 100
180 122 100
180 121 100
180 119 100
180 118 100
180 117 100
180 116 100
180 115 100
180 115 100
180 114 100
180 114 100
180 113 100
180 113 100
180 113 100
180 112 100
180 112 100
180 112 100
180 112 100
180 111 100
180 111 100
180 111 100
180 111 100
180 110 100
180 110 100
180 110 100
180 110 100
180 109 100
180 109 100
180 109 100
180 109 100
180 109 100
180 109 100
180 108 100
180 108 100
180 108 100
180 108 100
180 108 100
180 108 100
180 108 100
180 107 100
180 107 100
180 107 100
180 107 100
180 107 100
180 107 100
180 107 100
180 106 100
180 106 100
180 106 100
180 106 100
180 106 100
180 106 100
180 106 100
180 105 100
180 105 100
180 105 100
180 105 100
180 105 100
180 105 100
180 105 100
180 105 100
180 104 100
180 104 100
180 104 100
180 104 100
180 104 100
180 104 100
180 104 100
180 103 100
180 103 100
180 103 100
180 103 100
180 103 100
180 103 100
180 103 100
180 102 100
180 102 100
180 102 100
180 102 100
180 102 100
180 102 100
180 101 100
180 101 100
180 101 100
180 101 100
180 101 100
180 101 100
180 100 100
180 100 100
180 100 100
180 100 100
180 99 100
180 99 100
180 99 100
180 99 100
180 98 100
180 98 100
180 98 100
180 97 100
180 97 100
180 97 100
180 96 100
180 96 100
180 95 100
180 95 100
180 94 100
180 93 100
180 92 100
180 91 100
180 89 100
180 88 100
180 87 100
180 86 100
180 85 100
180 85 100
180 84 100
180 84 100
180 83 100
180 83 100
180 82 100
180 82 100
180 82 100
180 81 100
180 81 100
180 81 100
180 81 100
180 80 100
180 80 100
180 80 100
180 80 100
180 80 100
180 79 100
180 79 100
180 79 100
180 79 100
180 79 100
180 79 100
180 78 100
180 78 100
180 78 100
180 78 100
180 78 100
180 78 100
180 78 100
180 77 100
180 77 100
180 77 100
180 77 100
180 77 100
180 77 100
180 77 100
180 77 100
180 77 100
180 76 100
180 76 100
180 76 100
180 76 100
180 76 100
180 76 100
180 76 100
180 76 100
180 76 100
180 76 100
180 75 100
180 75 100
180 75 100
180 75 100
180 75 100
180 75 100
180 75 100
180 75 100
180 75 100
180 75 100
180 74 100
180 74 100
180 74 100
180 74 100
180 74 100
180 74 100
180 74 100
180 74 100
180 74 100
180 74 100
180 74 100
180 73 100
180 73 100
180 73 100
180 73 100
180 73 100
180 73 100
180 73 100
180 73 100
180 73 100
180 73 100
180 72 100
180 72 100
180 72 100
180 72 100
180 72 100
180 72 100
180 72 100
180 72 100
180 72 100
180 72 100
180 71 100
180 71 100
180 71 100
180 71 100
180 71 100
180 71 100
180 71 100
180 71 100
180 71 100
180 70 100
180 70 100
180 70 100
180 70 100
180 70 100
180 70 100
180 70 100
180 70 100
180 69 100
180 69 100
180 69 100
180 69 100
180 69 100
180 69 100
180 68 100
180 68 100
180 68 100
180 68 100
180 68 100
180 67 100
180 67 100
180 67 100
180 67 100
180 66 100
180 66 100
180 66 100
180 65 100
180 65 100
180 64 100
180 64 100
180 63 100
180 62 100
180 61 100
180 60 100
180 59 100
180 58 100
180 57 100
180 56 100
180 55 100
180 54 100
180 53 100
180 52 100
180 51 100
180 50 100
180 49 100
180 48 100
180 47 100
180 46 100
180 45 100
180 44 100
180 43 100
180 42 100
180 41 100
180 39 100
180 38 100
180 37 100
180 36 100
180 35 100
180 34 100
180 33 100
180 32 100
180 31 100
180 29 100
180 28 100
180 27 100
180 26 100
180 25 100
180 24 100
180 23 100
180 22 100
180 21 100
180 19 100
180 18 100
180 17 100
180 16 100
180 15 100
180 14 100
180 13 100
180 12 100
180 11 100
180 9 100
180 8 100
180 7 100
180 6 100
180 5 100
180 4 100
180 3 100
180 2 100
180 1 100
181 0 100
181 1 100
182 1 100
9 185 100
10 185 100
10 184 100
10 183 100
10 182 100
10 181 100
11 180 100
12 180 100
13 180 100
14 180 100
15 180 100
16 180 100
17 180 100
18 180 100
19 180 100
20 179 100
20 178 100
20 177 100
20 176 100
20 175 100
20 174 100
20 173 100
20 172 100
20 171 100
21 170 100
21 169 100
22 169 100
22 168 100
22 168 100
23 168 100
23 168 100
23 167 100
23 167 100
24 167 100
24 167 100
24 166 100
24 166 100
24 166 100
25 166 100
25 166 100
25 166 100
25 165 100
25 165 100
25 165 100
25 165 100
26 165 100
26 165 100
26 165 100
26 165 100
26 164 100
26 164 100
26 164 100
26 164 100
26 164 100
27 164 100
27 164 100
27 164 100
27 164 100
27 164 100
27 163 100
27 163 100
27 163 100
27 163 100
27 163 100
27 163 100
28 163 100
28 163 100
28 163 100
28 163 100
28 163 100
28 163 100
28 162 100
28 162 100
28 162 100
28 162 100
28 162 100
28 162 100
29 162 100
29 162 100
29 162 100
29 162 100
29 162 100
29 162 100
29 162 100
29 161 100
29 161 100
29 161 100
29 161 100
29 161 100
29 161 100
30 161 100
30 161 100
30 161 100
30 161 100
30 161 100
30 161 100
30 161 100
30 160 100
30 160 100
30 160 100
30 160 100
30 160 100
30 159 100
30 159 100
30 159 100
30 159 100
30 159 100
30 158 100
30 158 100
30 158 100
30 158 100
30 158 100
30 157 100
30 157 100
30 157 100
30 157 100
30 156 100
30 156 100
30 156 100
30 155 100
30 155 100
30 155 100
30 154 100
30 154 100
30 153 100
30 153 100
30 152 100
30 152 100
30 151 100
30 151 100
31 150 100
32 150 100
33 150 100
34 150 100
35 150 100
36 150 100
37 150 100
38 150 100
39 150 100
40 149 100
40 148 100
40 147 100
40 146 100
40 145 100
40 144 100
40 143 100
40 142 100
40 141 100
40 141 100
40 139 100
40 139 100
40 138 100
40 138 100
40 137 100
40 137 100
40 137 100
40 136 100
40 136 100
40 136 100
40 135 100
40 135 100
40 135 100
40 134 100
40 134 100
40 134 100
40 133 100
40 133 100
40 133 100
40 132 100
40 132 100
40 132 100
40 131 100
40 131 100
40 131 100
40 130 100
40 130 100
40 129 100
40 129 100
40 129 100
40 128 100
40 128 100
40 128 100
40 127 100
40 127 100
40 127 100
40 126 100
40 126 100
40 125 100
40 125 100
40 124 100
40 124 100
40 123 100
40 123 100
40 122 100
40 122 100
40 121 100
40 121 100
40 119 100
40 119 100
40 118 100
40 118 100
40 117 100
40 117 100
40 116 100
40 116 100
40 116 100
40 115 100
40 115 100
40 115 100
40 115 100
40 114 100
40 114 100
40 114 100
40 114 100
40 114 100
40 113 100
40 113 100
40 113 100
40 113 100
40 113 100
40 113 100
40 113 100
40 112 100
40 112 100
40 112 100
40 112 100
40 112 100
40 112 100
40 112 100
40 112 100
40 112 100
40 111 100
40 111 100
40 111 100
40 111 100
40 111 100
40 111 100
40 111 100
40 111 100
40 111 100
40 111 100
40 111 100
40 111 100
40 110 100
40 110 100
40 110 100
40 110 100
40 110 100
40 110 100
40 110 100
40 110 100
40 110 100
40 110 100
40 110 100
40 110 100
40 110 100
40 110 100
40 110 100
40 109 100
40 109 100
40 109 100
40 109 100
40 109 100
40 109 100
40 109 100
40 109 100
40 109 100
40 109 100
40 109 100
40 109 100
40 109 100
40 109 100
40 109 100
40 109 100
40 109 100
40 109 100
40 109 100
40 108 100
40 108 100
40 108 100
40 108 100
40 108 100
40 108 100
40 108 100
40 108 100
40 108 100
40 108 100
40 108 100
40 108 100
40 108 100
40 108 100
40 108 100
40 108 100
40 108 100
40 108 100
40 108 100
40 108 100
40 108 100
40 107 100
40 107 100
40 107 100
40 107 100
40 107 100
40 107 100
40 107 100
40 107 100
40 107 100
40 107 100
40 107 100
40 107 100
40 107 100
40 107 100
40 107 100
40 107 100
40 107 100
40 107 100
40 107 100
40 107 100
40 107 100
40 107 100
40 106 100
40 106 100
40 106 100
40 106 100
40 106 100
40 106 100
40 106 100
40 106 100
40 106 100
40 106 100
40 106 100
40 106 100
40 106 100
40 106 100
40 106 100
40 106 100
40 106 100
40 106 100
40 106 100
40 106 100
40 106 100
40 106 100
40 106 100
40 105 100
40 105 100
40 105 100
40 105 100
40 105 100
40 105 100
40 105 100
40 105 100
40 105 100
40 105 100
40 105 100
40 105 100
40 105 100
40 105 100
40 105 100
40 105 100
40 105 100
40 105 100
40 105 100
40 105 100
40 105 100
40 105 100
40 104 100
40 104 100
40 104 100
40 104 100
40 104 100
40 104 100
40 104 100
40 104 100
40 104 100
40 104 100
40 104 100
40 104 100
40 104 100
40 104 100
40 104 100
40 104 100
40 104 100
40 104 100
40 104 100
40 104 100
40 104 100
40 103 100
40 103 100
40 103 100
40 103 100
40 103 100
40 103 100
40 103 100
40 103 100
40 103 100
40 103 100
40 103 100
40 103 100
40 103 100
40 103 100
40 103 100
40 103 100
40 103 100
40 103 100
40 103 100
40 102 100
40 102 100
40 102 100
40 102 100
40 102 100
40 102 100
40 102 100
40 102 100
40 102 100
40 102 100
40 102 100
40 102 100
40 102 100
40 102 100
40 102 100
40 102 100
40 102 100
40 101 100
40 101 100
40 101 100
40 101 100
40 101 100
40 101 100
40 101 100
40 101 100
40 101 100
40 101 100
40 101 100
40 101 100
40 101 100
40 101 100
40 101 100
40 100 100
40 100 100
40 100 100
40 100 100
40 100 100
40 100 100
40 100 100
40 100 100
40 100 100
40 100 100
40 99 100
40 99 100
40 99 100
40 99 100
40 99 100
40 99 100
40 99 100
40 99 100
40 99 100
40 99 100
40 98 100
40 98 100
40 98 100
40 98 100
40 98 100
40 98 100
40 98 100
40 98 100
40 97 100
40 97 100
40 97 100
40 97 100
40 97 100
40 97 100
40 97 100
40 96 100
40 96 100
40 96 100
40 96 100
40 96 100
40 95 100
40 95 100
40 95 100
40 95 100
40 94 100
40 94 100
40 94 100
40 94 100
40 93 100
40 93 100
40 93 100
40 92 100
40 92 100
40 92 100
40 91 100
40 91 100
39 90 100
39 90 100
38 90 100
38 90 100
37 90 100
36 90 100
35 90 100
34 90 100
33 90 100
32 90 100
31 90 100
30 89 100
30 88 100
30 87 100
30 86 100
30 85 100
30 84 100
30 83 100
30 82 100
30 81 100
30 79 100
30 78 100
30 77 100
30 76 100
30 75 100
30 74 100
30 73 100
30 72 100
30 71 100
30 69 100
30 68 100
30 68 100
30 67 100
30 67 100
30 66 100
30 66 100
30 65 100
30 65 100
30 64 100
30 64 100
30 63 100
30 62 100
30 61 100
30 59 100
30 58 100
30 57 100
30 56 100
30 55 100
30 54 100
30 53 100
30 52 100
30 51 100
31 50 100
32 50 100
33 50 100
34 50 100
35 50 100
36 50 100
37 50 100
38 50 100
39 50 100
22 89 100
23 89 100
23 90 100
24 90 100
25 90 100
26 90 100
27 90 100
28 90 100
29 90 100
82 161 100
81 161 100
81 160 100
80 159 100
80 158 100
80 157 100
80 156 100
80 155 100
80 155 100
80 154 100
80 154 100
80 153 100
80 153 100
80 152 100
80 152 100
80 152 100
80 151 100
80 151 100
80 151 100
80 150 100
80 150 100
80 149 100
80 149 100
80 149 100
80 148 100
80 148 100
80 148 100
80 147 100
80 147 100
80 146 100
80 146 100
80 145 100
80 145 100
80 144 100
80 144 100
80 143 100
80 142 100
80 141 100
80 139 100
80 138 100
80 137 100
80 136 100
80 135 100
80 134 100
80 133 100
80 132 100
80 131 100
79 130 100
78 130 100
77 130 100
76 130 100
75 130 100
74 130 100
73 130 100
72 130 100
71 130 100
70 129 100
70 128 100
70 127 100
70 126 100
70 125 100
70 124 100
70 123 100
70 122 100
70 121 100
69 120 100
68 120 100
67 120 100
66 120 100
65 120 100
64 120 100
63 120 100
62 120 100
61 120 100
59 120 100
58 120 100
57 120 100
56 120 100
55 120 100
54 120 100
53 120 100
52 120 100
51 120 100
49 120 100
48 120 100
47 120 100
46 120 100
45 120 100
44 120 100
43 120 100
42 120 100
41 120 100
