# score 128472
30 40 100
40 40 100
50 40 100
60 40 100
70 40 100
80 40 100
90 40 100
100 40 100
110 40 100
30 50 100
40 50 100
50 50 100
60 50 100
70 50 100
80 50 100
90 50 100
100 50 100
110 50 100
30 60 100
40 60 100
50 60 100
60 60 100
70 60 100
80 60 100
90 60 100
100 60 100
110 60 100
30 70 100
40 70 100
50 70 100
60 70 100
70 70 100
80 70 100
90 70 100
100 70 100
110 70 100
30 80 100
40 80 100
50 80 100
60 80 100
70 80 100
80 80 100
90 80 100
100 80 100
110 80 100
30 90 100
40 90 100
50 90 100
60 90 100
70 90 100
80 90 100
90 90 100
100 90 100
110 90 100
30 100 100
40 100 100
50 100 100
60 100 100
70 100 100
80 100 100
90 100 100
100 100 100
110 100 100
30 110 100
40 110 100
50 110 100
60 110 100
70 110 100
80 110 100
90 110 100
100 110 100
110 110 100
30 120 100
40 120 100
50 120 100
60 120 100
70 120 100
80 120 100
90 120 100
100 120 100
110 120 100
20 0 100
30 0 100
40 0 100
50 0 100
60 0 100
70 0 100
80 0 100
90 0 100
100 0 100
20 10 100
30 10 100
40 10 100
50 10 100
60 10 100
70 10 100
80 10 100
90 10 100
100 10 100
20 20 100
30 20 100
40 20 100
50 20 100
60 20 100
70 20 100
80 20 100
90 20 100
100 20 100
20 30 100
30 30 100
40 30 100
50 30 100
60 30 100
70 30 100
80 30 100
90 30 100
100 30 100
20 40 100
40 40 100
50 40 100
20 50 100
30 50 100
50 50 100
20 60 100
30 60 100
20 70 100
30 70 100
40 70 100
60 130 100
70 130 100
80 130 100
90 130 100
100 130 100
110 130 100
120 130 100
130 130 100
140 130 100
60 140 100
70 140 100
80 140 100
90 140 100
100 140 100
110 140 100
120 140 100
130 140 100
140 140 100
60 150 100
70 150 100
80 150 100
90 150 100
100 150 100
110 150 100
120 150 100
130 150 100
140 150 100
60 160 100
70 160 100
80 160 100
90 160 100
100 160 100
110 160 100
120 160 100
130 160 100
140 160 100
60 170 100
70 170 100
80 170 100
90 170 100
100 170 100
110 170 100
120 170 100
130 170 100
140 170 100
60 180 100
70 180 100
80 180 100
90 180 100
100 180 100
110 180 100
120 180 100
130 180 100
140 180 100
60 190 100
70 190 100
80 190 100
90 190 100
100 190 100
110 190 100
120 190 100
130 190 100
140 190 100
0 90 100
10 90 100
20 90 100
30 90 100
40 90 100
50 90 100
60 90 100
0 100 100
10 100 100
20 100 100
30 100 100
40 100 100
50 100 100
60 100 100
70 100 100
0 110 100
10 110 100
20 110 100
30 110 100
40 110 100
50 110 100
60 110 100
70 110 100
0 120 100
10 120 100
20 120 100
30 120 100
40 120 100
70 120 100
0 130 100
10 130 100
20 130 100
30 130 100
40 130 100
50 130 100
60 130 100
70 130 100
0 140 100
10 140 100
20 140 100
30 140 100
40 140 100
50 140 100
60 140 100
70 140 100
0 150 100
10 150 100
20 150 100
30 150 100
40 150 100
50 150 100
60 150 100
70 150 100
0 160 100
10 160 100
20 160 100
30 160 100
40 160 100
50 160 100
60 160 100
70 160 100
0 170 100
10 170 100
20 170 100
30 170 100
40 170 100
50 170 100
60 170 100
70 170 100
120 70 100
130 70 100
140 70 100
150 70 100
160 70 100
170 70 100
180 70 100
190 70 100
120 80 100
130 80 100
140 80 100
150 80 100
160 80 100
170 80 100
180 80 100
190 80 100
120 90 100
130 90 100
140 90 100
150 90 100
160 90 100
170 90 100
180 90 100
190 90 100
120 100 100
130 100 100
140 100 100
150 100 100
160 100 100
170 100 100
180 100 100
190 100 100
120 110 100
130 110 100
140 110 100
150 110 100
160 110 100
170 110 100
180 110 100
190 110 100
120 120 100
130 120 100
140 120 100
150 120 100
160 120 100
170 120 100
180 120 100
190 120 100
120 130 100
150 130 100
160 130 100
170 130 100
180 130 100
190 130 100
150 140 100
160 140 100
170 140 100
180 140 100
190 140 100
150 150 100
160 150 100
170 150 100
180 150 100
190 150 100
0 110 100
10 110 100
20 110 100
30 110 100
40 110 100
50 110 100
0 120 100
10 120 100
20 120 100
30 120 100
0 130 100
10 130 100
20 130 100
30 130 100
40 130 100
0 140 100
10 140 100
20 140 100
30 140 100
40 140 100
50 140 100
10 150 100
20 150 100
30 150 100
40 150 100
50 150 100
50 160 100
0 180 100
10 180 100
20 180 100
30 180 100
40 180 100
50 180 100
0 190 100
10 190 100
20 190 100
30 190 100
40 190 100
50 190 100
80 100 100
90 100 100
100 100 100
110 100 100
120 100 100
130 100 100
140 100 100
150 100 100
160 100 100
80 110 100
90 110 100
100 110 100
110 110 100
120 110 100
130 110 100
140 110 100
150 110 100
160 110 100
80 120 100
90 120 100
100 120 100
110 120 100
120 120 100
130 120 100
140 120 100
160 120 100
80 130 100
90 130 100
100 130 100
110 130 100
120 130 100
160 130 100
80 140 100
90 140 100
100 140 100
110 140 100
160 140 100
80 150 100
90 150 100
100 150 100
150 150 100
160 150 100
80 160 100
90 160 100
150 160 100
160 160 100
80 170 100
90 170 100
150 170 100
160 170 100
80 180 100
90 180 100
100 180 100
150 180 100
160 180 100
50 20 100
60 20 100
70 20 100
80 20 100
90 20 100
100 20 100
110 20 100
120 20 100
130 20 100
50 30 100
60 30 100
100 30 100
110 30 100
120 30 100
130 30 100
50 40 100
120 40 100
130 40 100
120 50 100
130 50 100
120 60 100
130 60 100
130 70 100
50 80 100
110 80 100
120 80 100
130 80 100
50 90 100
110 90 100
120 90 100
130 90 100
50 100 100
60 100 100
70 100 100
90 100 100
100 100 100
110 100 100
120 100 100
130 100 100
130 20 100
140 20 100
150 20 100
160 20 100
170 20 100
180 20 100
190 20 100
130 30 100
140 30 100
150 30 100
160 30 100
170 30 100
180 30 100
190 30 100
130 40 100
140 40 100
150 40 100
160 40 100
170 40 100
180 40 100
190 40 100
130 50 100
140 50 100
150 50 100
160 50 100
170 50 100
180 50 100
190 50 100
130 60 100
140 60 100
150 60 100
160 60 100
170 60 100
180 60 100
190 60 100
130 70 100
140 70 100
150 70 100
160 70 100
190 70 100
130 80 100
140 80 100
150 80 100
160 80 100
190 80 100
130 90 100
140 90 100
150 90 100
160 90 100
170 90 100
180 90 100
190 90 100
130 100 100
140 100 100
150 100 100
160 100 100
170 100 100
180 100 100
190 100 100
150 0 100
160 0 100
170 0 100
180 0 100
190 0 100
150 10 100
160 10 100
170 10 100
180 10 100
190 10 100
150 20 100
160 20 100
150 30 100
160 30 100
150 40 100
160 40 100
170 40 100
150 50 100
160 50 100
170 50 100
180 50 100
150 60 100
160 60 100
170 60 100
150 70 100
160 70 100
39 130 100
39 130 100
40 129 100
40 129 100
40 128 100
40 128 100
40 127 100
40 127 100
40 126 100
40 126 100
40 126 100
40 125 100
40 125 100
40 125 100
40 124 100
40 124 100
40 124 100
40 123 100
40 123 100
40 122 100
40 122 100
40 121 100
40 121 100
41 120 100
42 120 100
43 120 100
44 120 100
45 120 100
46 120 100
47 120 100
48 120 100
49 120 100
51 120 100
52 120 100
53 120 100
54 120 100
55 120 100
56 120 100
57 120 100
58 120 100
59 120 100
60 119 100
60 118 100
60 117 100
60 117 100
60 116 100
60 116 100
60 115 100
60 115 100
60 114 100
60 114 100
60 114 100
60 113 100
60 113 100
60 113 100
60 113 100
60 112 100
60 112 100
60 112 100
60 112 100
60 112 100
60 111 100
60 111 100
60 111 100
60 111 100
60 111 100
60 111 100
60 110 100
60 110 100
60 110 100
60 110 100
60 110 100
60 110 100
60 109 100
60 109 100
60 109 100
60 109 100
60 109 100
60 109 100
60 109 100
60 109 100
60 109 100
60 108 100
60 108 100
60 108 100
60 108 100
60 108 100
60 108 100
60 108 100
60 108 100
60 108 100
60 108 100
60 107 100
60 107 100
60 107 100
60 107 100
60 107 100
60 107 100
60 107 100
60 107 100
60 107 100
60 107 100
60 106 100
60 106 100
60 106 100
60 106 100
60 106 100
60 106 100
60 106 100
60 106 100
60 106 100
60 106 100
60 105 100
60 105 100
60 105 100
60 105 100
60 105 100
60 105 100
60 105 100
60 105 100
60 105 100
60 105 100
60 104 100
60 104 100
60 104 100
60 104 100
60 104 100
60 104 100
60 104 100
60 104 100
60 104 100
60 103 100
60 103 100
60 103 100
60 103 100
60 103 100
60 103 100
60 103 100
60 103 100
60 103 100
60 102 100
60 102 100
60 102 100
60 102 100
60 102 100
60 102 100
60 102 100
60 102 100
60 101 100
60 101 100
60 101 100
60 101 100
60 101 100
60 101 100
60 101 100
60 101 100
60 100 100
60 100 100
60 100 100
60 100 100
60 100 100
60 99 100
60 99 100
60 99 100
60 99 100
60 99 100
60 99 100
60 99 100
60 98 100
60 98 100
60 98 100
60 98 100
60 98 100
60 98 100
60 98 100
60 97 100
60 97 100
60 97 100
60 97 100
60 97 100
60 97 100
60 97 100
60 96 100
60 96 100
60 96 100
60 96 100
60 96 100
60 96 100
60 95 100
60 95 100
60 95 100
60 95 100
60 95 100
60 94 100
60 94 100
60 94 100
60 94 100
60 94 100
60 93 100
60 93 100
60 93 100
60 93 100
60 92 100
60 92 100
60 92 100
60 91 100
60 91 100
60 91 100
61 90 100
61 90 100
62 90 100
63 90 100
64 90 100
65 90 100
66 90 100
67 90 100
68 90 100
69 90 100
71 90 100
71 89 100
72 89 100
73 89 100
74 89 100
75 89 100
169 112 100
169 112 100
169 112 100
168 112 100
168 112 100
168 112 100
168 113 100
168 113 100
168 113 100
167 113 100
167 113 100
167 113 100
167 114 100
167 114 100
167 114 100
166 114 100
166 114 100
166 114 100
166 115 100
166 115 100
166 115 100
165 115 100
165 115 100
165 115 100
165 116 100
165 116 100
165 116 100
164 116 100
164 116 100
164 116 100
164 117 100
164 117 100
164 117 100
163 117 100
163 117 100
163 117 100
163 117 100
163 118 100
163 118 100
163 118 100
162 118 100
162 118 100
162 118 100
162 119 100
162 119 100
162 119 100
161 119 100
161 119 100
161 119 100
161 120 100
161 120 100
159 120 100
159 120 100
158 120 100
157 120 100
156 120 100
155 120 100
154 120 100
153 120 100
152 120 100
151 120 100
150 121 100
150 122 100
150 123 100
150 124 100
150 125 100
150 126 100
150 127 100
150 128 100
150 129 100
149 130 100
148 130 100
147 130 100
146 130 100
145 130 100
144 130 100
143 130 100
142 130 100
141 130 100
139 130 100
138 130 100
137 130 100
136 130 100
135 130 100
134 130 100
133 130 100
132 130 100
131 130 100
130 131 100
130 132 100
130 133 100
130 134 100
130 135 100
130 136 100
130 137 100
130 138 100
130 139 100
130 141 100
130 142 100
130 143 100
130 144 100
130 145 100
130 146 100
130 147 100
130 148 100
130 149 100
130 151 100
130 152 100
130 153 100
130 154 100
130 155 100
130 156 100
130 157 100
130 158 100
130 159 100
130 161 100
130 162 100
130 163 100
130 164 100
130 165 100
130 166 100
130 167 100
130 168 100
130 169 100
129 170 100
128 170 100
127 170 100
126 170 100
125 170 100
124 170 100
123 170 100
122 170 100
121 170 100
119 170 100
118 170 100
117 170 100
116 170 100
115 170 100
114 170 100
113 170 100
112 170 100
111 170 100
109 170 100
109 171 100
108 171 100
108 172 100
107 172 100
107 173 100
106 173 100
106 174 100
106 175 100
106 176 100
13 152 100
14 152 100
14 151 100
15 151 100
15 150 100
16 150 100
17 150 100
18 150 100
19 150 100
21 150 100
21 150 100
22 150 100
22 150 100
23 150 100
23 150 100
24 150 100
24 150 100
24 150 100
25 150 100
25 150 100
25 150 100
26 150 100
26 150 100
26 150 100
27 150 100
27 150 100
27 150 100
28 150 100
28 150 100
29 150 100
29 150 100
30 149 100
30 149 100
30 148 100
30 148 100
30 148 100
30 147 100
30 147 100
30 147 100
30 147 100
30 146 100
30 146 100
30 146 100
30 146 100
30 145 100
30 145 100
30 145 100
30 145 100
30 144 100
30 144 100
30 144 100
30 144 100
30 143 100
30 143 100
30 143 100
30 143 100
30 142 100
30 142 100
30 142 100
30 141 100
30 141 100
30 141 100
30 140 100
30 139 100
30 139 100
30 138 100
30 138 100
30 137 100
30 137 100
30 136 100
30 136 100
30 135 100
30 135 100
30 134 100
30 134 100
30 133 100
30 133 100
30 132 100
30 132 100
30 131 100
30 131 100
31 130 100
31 130 100
32 130 100
32 130 100
33 130 100
33 130 100
34 130 100
34 130 100
35 130 100
36 130 100
37 130 100
38 130 100
38 130 100
126 146 100
127 146 100
127 147 100
128 147 100
128 148 100
129 148 100
129 149 100
98 67 100
97 67 100
97 68 100
96 68 100
96 69 100
95 69 100
95 70 100
94 70 100
93 70 100
92 70 100
91 70 100
90 71 100
90 72 100
90 73 100
90 74 100
90 75 100
90 76 100
90 77 100
90 78 100
90 79 100
90 81 100
90 82 100
90 83 100
90 84 100
90 85 100
90 86 100
90 87 100
90 88 100
90 89 100
89 90 100
88 90 100
87 90 100
86 90 100
85 90 100
84 90 100
83 90 100
82 90 100
81 90 100
79 90 100
79 89 100
78 89 100
77 89 100
76 89 100
177 60 100
177 60 100
176 60 100
176 60 100
175 60 100
175 60 100
174 60 100
174 60 100
173 60 100
173 60 100
172 60 100
172 60 100
171 60 100
171 60 100
170 61 100
170 61 100
170 62 100
170 62 100
170 63 100
170 64 100
170 65 100
170 66 100
170 67 100
170 68 100
170 69 100
170 71 100
170 72 100
170 73 100
170 74 100
170 75 100
170 76 100
170 76 100
170 77 100
170 77 100
170 78 100
170 79 100
170 81 100
170 82 100
170 83 100
170 84 100
170 85 100
170 86 100
170 87 100
170 88 100
170 89 100
170 89 100
169 90 100
169 90 100
169 91 100
169 91 100
169 91 100
169 92 100
169 92 100
169 92 100
169 93 100
169 93 100
169 93 100
169 93 100
169 94 100
169 94 100
169 94 100
169 94 100
169 94 100
169 95 100
169 95 100
169 95 100
169 95 100
169 95 100
169 96 100
169 96 100
169 96 100
169 96 100
169 96 100
169 96 100
169 97 100
169 97 100
169 97 100
169 97 100
169 97 100
169 97 100
169 98 100
169 98 100
169 98 100
169 98 100
169 98 100
169 98 100
169 99 100
169 99 100
169 99 100
169 99 100
169 99 100
169 99 100
169 100 100
169 100 100
169 100 100
169 100 100
169 100 100
169 100 100
169 101 100
169 101 100
169 101 100
169 101 100
169 101 100
169 101 100
169 102 100
169 102 100
169 102 100
169 102 100
169 102 100
169 102 100
169 103 100
169 103 100
169 103 100
169 103 100
169 103 100
169 103 100
169 103 100
169 104 100
169 104 100
169 104 100
169 104 100
169 104 100
169 104 100
169 104 100
169 105 100
169 105 100
169 105 100
169 105 100
169 105 100
169 105 100
169 105 100
169 105 100
169 106 100
169 106 100
169 106 100
169 106 100
169 106 100
169 106 100
169 106 100
169 106 100
169 107 100
169 107 100
169 107 100
169 107 100
169 107 100
169 107 100
169 107 100
169 108 100
169 108 100
169 108 100
169 108 100
169 108 100
169 108 100
169 109 100
169 109 100
169 109 100
169 109 100
169 109 100
169 110 100
169 110 100
169 110 100
169 110 100
169 111 100
169 111 100
169 111 100
169 111 100
197 33 100
196 33 100
196 34 100
195 34 100
195 35 100
194 35 100
194 36 100
193 36 100
193 37 100
192 37 100
192 38 100
191 38 100
191 39 100
190 39 100
190 41 100
190 42 100
190 43 100
190 44 100
190 45 100
190 46 100
190 47 100
190 48 100
190 49 100
190 51 100
190 52 100
190 53 100
190 54 100
190 55 100
190 56 100
190 57 100
190 58 100
190 59 100
189 60 100
188 60 100
187 60 100
186 60 100
185 60 100
184 60 100
183 60 100
182 60 100
181 60 100
179 60 100
178 60 100
178 60 100
