# score 117198
0 0 100
10 0 100
20 0 100
30 0 100
40 0 100
50 0 100
60 0 100
70 0 100
0 10 100
10 10 100
20 10 100
30 10 100
40 10 100
50 10 100
60 10 100
70 10 100
0 20 100
10 20 100
20 20 100
30 20 100
40 20 100
50 20 100
60 20 100
70 20 100
0 30 100
10 30 100
20 30 100
30 30 100
40 30 100
50 30 100
60 30 100
70 30 100
0 40 100
10 40 100
20 40 100
30 40 100
40 40 100
50 40 100
60 40 100
70 40 100
0 50 100
10 50 100
20 50 100
30 50 100
40 50 100
50 50 100
60 50 100
70 50 100
80 40 100
90 40 100
100 40 100
110 40 100
120 40 100
130 40 100
140 40 100
150 40 100
70 50 100
80 50 100
90 50 100
100 50 100
110 50 100
120 50 100
130 50 100
140 50 100
150 50 100
70 60 100
80 60 100
90 60 100
100 60 100
110 60 100
120 60 100
130 60 100
140 60 100
150 60 100
70 70 100
80 70 100
90 70 100
100 70 100
110 70 100
120 70 100
130 70 100
140 70 100
150 70 100
70 80 100
80 80 100
90 80 100
100 80 100
110 80 100
120 80 100
130 80 100
140 80 100
150 80 100
70 90 100
80 90 100
90 90 100
100 90 100
110 90 100
120 90 100
130 90 100
140 90 100
150 90 100
70 100 100
80 100 100
90 100 100
100 100 100
110 100 100
120 100 100
130 100 100
140 100 100
150 100 100
70 110 100
80 110 100
90 110 100
100 110 100
110 110 100
120 110 100
130 110 100
140 110 100
150 110 100
70 120 100
80 120 100
90 120 100
100 120 100
110 120 100
120 120 100
130 120 100
140 120 100
150 120 100
50 130 100
60 130 100
70 130 100
80 130 100
90 130 100
100 130 100
110 130 100
120 130 100
130 130 100
50 140 100
60 140 100
70 140 100
80 140 100
90 140 100
100 140 100
110 140 100
120 140 100
130 140 100
50 150 100
60 150 100
70 150 100
80 150 100
90 150 100
100 150 100
110 150 100
120 150 100
130 150 100
50 160 100
60 160 100
70 160 100
80 160 100
90 160 100
100 160 100
110 160 100
120 160 100
130 160 100
50 170 100
60 170 100
70 170 100
80 170 100
90 170 100
100 170 100
110 170 100
120 170 100
130 170 100
50 180 100
60 180 100
70 180 100
80 180 100
90 180 100
100 180 100
110 180 100
120 180 100
130 180 100
50 190 100
60 190 100
70 190 100
80 190 100
90 190 100
100 190 100
110 190 100
120 190 100
130 190 100
90 0 100
100 0 100
110 0 100
120 0 100
130 0 100
140 0 100
150 0 100
160 0 100
170 0 100
90 10 100
100 10 100
110 10 100
120 10 100
130 10 100
140 10 100
150 10 100
160 10 100
170 10 100
90 20 100
100 20 100
110 20 100
120 20 100
130 20 100
140 20 100
150 20 100
160 20 100
170 20 100
90 30 100
100 30 100
110 30 100
120 30 100
130 30 100
140 30 100
150 30 100
160 30 100
170 30 100
100 40 100
110 40 100
120 40 100
140 40 100
150 40 100
160 40 100
170 40 100
20 40 100
30 40 100
80 40 100
20 50 100
30 50 100
40 50 100
80 50 100
90 50 100
100 50 100
20 60 100
30 60 100
40 60 100
50 60 100
60 60 100
70 60 100
80 60 100
90 60 100
100 60 100
20 70 100
30 70 100
40 70 100
50 70 100
60 70 100
70 70 100
80 70 100
90 70 100
100 70 100
20 80 100
30 80 100
40 80 100
50 80 100
60 80 100
80 80 100
90 80 100
20 90 100
30 90 100
40 90 100
50 90 100
60 90 100
20 100 100
30 100 100
40 100 100
50 100 100
60 100 100
80 100 100
90 100 100
20 110 100
30 110 100
40 110 100
50 110 100
60 110 100
70 110 100
80 110 100
90 110 100
100 110 100
20 120 100
30 120 100
40 120 100
50 120 100
60 120 100
70 120 100
80 120 100
90 120 100
100 120 100
30 90 100
30 100 100
80 100 100
90 100 100
30 110 100
70 110 100
80 110 100
90 110 100
100 110 100
110 110 100
80 120 100
90 120 100
100 120 100
110 120 100
30 130 100
40 130 100
50 130 100
60 130 100
90 130 100
100 130 100
110 130 100
30 140 100
40 140 100
50 140 100
60 140 100
90 140 100
100 140 100
30 150 100
40 150 100
50 150 100
60 150 100
70 150 100
80 150 100
30 160 100
40 160 100
50 160 100
60 160 100
70 160 100
80 160 100
30 170 100
40 170 100
50 170 100
60 170 100
70 170 100
110 170 100
150 0 100
160 0 100
170 0 100
180 0 100
190 0 100
140 10 100
150 10 100
160 10 100
170 10 100
180 10 100
190 10 100
140 20 100
150 20 100
160 20 100
170 20 100
180 20 100
190 20 100
150 30 100
160 30 100
170 30 100
180 30 100
190 30 100
140 40 100
150 40 100
160 40 100
170 40 100
180 40 100
190 40 100
140 50 100
150 50 100
160 50 100
170 50 100
180 50 100
190 50 100
160 60 100
170 60 100
180 60 100
190 60 100
160 70 100
170 70 100
180 70 100
190 70 100
140 80 100
160 80 100
170 80 100
180 80 100
190 80 100
0 140 100
10 140 100
20 140 100
40 140 100
50 140 100
60 140 100
0 150 100
10 150 100
20 150 100
50 150 100
60 150 100
70 150 100
0 160 100
10 160 100
20 160 100
30 160 100
40 160 100
50 160 100
60 160 100
70 160 100
0 170 100
10 170 100
20 170 100
30 170 100
60 170 100
0 180 100
10 180 100
20 180 100
30 180 100
40 180 100
0 190 100
10 190 100
20 190 100
30 190 100
40 190 100
99 176 100
100 176 100
100 175 100
100 174 100
100 173 100
100 172 100
100 171 100
100 169 100
100 168 100
100 167 100
100 166 100
100 165 100
100 164 100
100 163 100
100 162 100
100 161 100
100 159 100
100 158 100
100 157 100
100 156 100
100 155 100
100 154 100
100 153 100
100 152 100
100 151 100
101 150 100
102 150 100
103 150 100
104 150 100
105 150 100
106 150 100
107 150 100
108 150 100
109 150 100
110 149 100
110 148 100
110 147 100
110 146 100
110 145 100
110 144 100
110 143 100
110 142 100
110 141 100
110 139 100
110 138 100
110 137 100
110 136 100
110 135 100
110 134 100
110 133 100
110 132 100
110 132 100
110 131 100
110 131 100
110 131 100
110 130 100
110 130 100
110 129 100
110 129 100
110 129 100
110 129 100
110 129 100
110 129 100
110 128 100
110 128 100
110 128 100
110 128 100
110 128 100
110 128 100
110 128 100
110 128 100
110 127 100
110 127 100
110 127 100
110 127 100
110 127 100
110 127 100
110 127 100
110 127 100
110 127 100
110 127 100
110 126 100
110 126 100
110 126 100
110 126 100
110 126 100
110 126 100
110 126 100
110 126 100
110 126 100
110 126 100
110 126 100
110 126 100
110 126 100
110 125 100
110 125 100
110 125 100
110 125 100
110 125 100
110 125 100
110 125 100
110 125 100
110 125 100
110 125 100
110 125 100
110 125 100
110 125 100
110 125 100
110 125 100
110 124 100
110 124 100
110 124 100
110 124 100
110 124 100
110 124 100
110 124 100
110 124 100
110 124 100
110 124 100
110 124 100
110 124 100
110 124 100
110 124 100
110 124 100
110 124 100
110 124 100
110 123 100
110 123 100
110 123 100
110 123 100
110 123 100
110 123 100
110 123 100
110 123 100
110 123 100
110 123 100
110 123 100
110 123 100
110 123 100
110 123 100
110 123 100
110 123 100
110 123 100
110 123 100
110 123 100
110 122 100
110 122 100
110 122 100
110 122 100
110 122 100
110 122 100
110 122 100
110 122 100
110 122 100
110 122 100
110 122 100
110 122 100
110 122 100
110 122 100
110 122 100
110 122 100
110 122 100
110 122 100
110 122 100
110 122 100
110 122 100
110 121 100
110 121 100
110 121 100
110 121 100
110 121 100
110 121 100
110 121 100
110 121 100
110 121 100
110 121 100
110 121 100
110 121 100
110 121 100
110 121 100
110 121 100
110 121 100
110 121 100
110 121 100
110 121 100
110 121 100
110 121 100
110 121 100
110 120 100
110 120 100
110 120 100
110 120 100
110 120 100
110 120 100
110 120 100
110 120 100
110 120 100
110 120 100
110 120 100
110 120 100
110 120 100
110 120 100
110 120 100
110 120 100
110 120 100
110 120 100
110 120 100
110 120 100
110 120 100
110 119 100
110 119 100
110 119 100
110 119 100
110 119 100
110 119 100
110 119 100
110 119 100
110 119 100
110 119 100
110 119 100
110 119 100
110 119 100
110 119 100
110 119 100
110 119 100
110 119 100
110 119 100
110 119 100
110 119 100
110 119 100
110 119 100
110 118 100
110 118 100
110 118 100
110 118 100
110 118 100
110 118 100
110 118 100
110 118 100
110 118 100
110 118 100
110 118 100
110 118 100
110 118 100
110 118 100
110 118 100
110 118 100
110 118 100
110 118 100
110 118 100
110 118 100
110 117 100
110 117 100
110 117 100
110 117 100
110 117 100
110 117 100
110 117 100
110 117 100
110 117 100
110 117 100
110 117 100
110 117 100
110 117 100
110 117 100
110 117 100
110 117 100
110 117 100
110 117 100
110 116 100
110 116 100
110 116 100
110 116 100
110 116 100
110 116 100
110 116 100
110 116 100
110 116 100
110 116 100
110 116 100
110 116 100
110 116 100
110 116 100
110 116 100
110 115 100
110 115 100
110 115 100
110 115 100
110 115 100
110 115 100
110 115 100
110 115 100
110 115 100
110 115 100
110 115 100
110 115 100
110 115 100
110 114 100
110 114 100
110 114 100
110 114 100
110 114 100
110 114 100
110 114 100
110 114 100
110 114 100
110 113 100
110 113 100
110 113 100
110 113 100
110 113 100
110 113 100
110 113 100
110 112 100
110 112 100
110 112 100
110 112 100
110 112 100
110 111 100
110 111 100
110 111 100
110 109 100
110 109 100
110 108 100
110 107 100
110 106 100
110 105 100
110 104 100
110 103 100
110 102 100
110 101 100
110 99 100
110 98 100
110 97 100
110 96 100
110 95 100
110 94 100
110 93 100
110 92 100
110 91 100
111 90 100
111 89 100
112 89 100
112 88 100
113 88 100
113 87 100
114 87 100
114 86 100
115 86 100
115 85 100
116 85 100
131 4 100
130 4 100
130 5 100
130 6 100
130 7 100
130 8 100
130 9 100
130 11 100
130 12 100
130 12 100
130 13 100
130 13 100
130 14 100
130 14 100
130 15 100
130 16 100
130 17 100
130 18 100
130 19 100
130 21 100
130 22 100
130 23 100
130 24 100
130 25 100
130 26 100
130 27 100
130 28 100
130 29 100
130 31 100
130 32 100
130 33 100
130 34 100
130 35 100
130 36 100
130 37 100
130 38 100
130 39 100
130 41 100
130 42 100
130 43 100
130 44 100
130 45 100
130 45 100
130 46 100
130 46 100
130 47 100
130 47 100
130 48 100
130 48 100
130 49 100
130 49 100
130 49 100
130 50 100
130 50 100
130 51 100
130 51 100
130 51 100
130 52 100
130 52 100
130 53 100
130 53 100
130 54 100
130 54 100
130 55 100
130 55 100
130 56 100
130 57 100
130 58 100
130 59 100
129 60 100
129 60 100
129 61 100
129 61 100
128 61 100
128 61 100
128 62 100
128 62 100
127 62 100
127 62 100
127 63 100
127 63 100
126 63 100
126 63 100
126 64 100
126 64 100
125 64 100
125 64 100
125 65 100
125 65 100
124 65 100
124 65 100
124 66 100
124 66 100
123 66 100
123 66 100
123 67 100
123 67 100
122 67 100
122 67 100
122 68 100
122 68 100
121 68 100
121 68 100
121 69 100
121 69 100
120 69 100
120 69 100
120 71 100
120 72 100
120 73 100
120 74 100
120 75 100
120 76 100
120 77 100
120 78 100
120 79 100
119 80 100
119 81 100
118 81 100
118 82 100
117 82 100
117 83 100
116 83 100
116 84 100
64 87 100
65 87 100
65 88 100
66 88 100
66 89 100
67 89 100
67 90 100
68 90 100
69 90 100
71 90 100
72 90 100
73 90 100
74 90 100
75 90 100
76 90 100
77 90 100
78 90 100
79 90 100
81 90 100
82 90 100
83 90 100
84 90 100
85 90 100
86 90 100
86 90 100
87 90 100
88 90 100
89 90 100
91 90 100
92 90 100
93 90 100
94 90 100
95 90 100
96 90 100
97 90 100
98 90 100
99 90 100
101 90 100
102 90 100
103 90 100
104 90 100
105 90 100
106 90 100
107 90 100
108 90 100
109 90 100
70 134 100
70 133 100
70 132 100
70 131 100
70 129 100
70 128 100
70 127 100
70 126 100
70 125 100
70 124 100
70 123 100
70 122 100
70 121 100
70 121 100
69 120 100
69 120 100
68 120 100
67 120 100
66 120 100
65 120 100
64 120 100
63 120 100
62 120 100
61 120 100
60 119 100
60 118 100
60 117 100
60 116 100
60 115 100
60 114 100
60 113 100
60 112 100
60 111 100
60 109 100
60 108 100
60 107 100
60 106 100
60 105 100
60 104 100
60 103 100
60 102 100
60 101 100
60 99 100
60 98 100
60 97 100
60 96 100
60 95 100
60 94 100
60 93 100
60 92 100
60 91 100
61 90 100
61 89 100
62 89 100
62 88 100
63 88 100
63 87 100
186 47 100
185 47 100
185 48 100
184 48 100
184 49 100
183 49 100
183 50 100
182 50 100
181 50 100
179 50 100
178 50 100
177 50 100
176 50 100
175 50 100
174 50 100
173 50 100
172 50 100
171 50 100
169 50 100
169 51 100
168 51 100
168 52 100
167 52 100
167 53 100
166 53 100
166 54 100
165 54 100
165 55 100
164 55 100
164 56 100
163 56 100
163 57 100
162 57 100
162 58 100
161 58 100
161 59 100
160 59 100
159 60 100
158 60 100
157 60 100
156 60 100
155 60 100
154 60 100
153 60 100
152 60 100
151 60 100
149 60 100
148 60 100
147 60 100
146 60 100
145 60 100
144 60 100
143 60 100
142 60 100
141 60 100
139 60 100
138 60 100
137 60 100
136 60 100
135 60 100
134 60 100
133 60 100
132 60 100
131 60 100
30 189 100
30 188 100
30 187 100
30 186 100
30 185 100
30 184 100
30 183 100
30 182 100
30 181 100
31 180 100
32 180 100
33 180 100
34 180 100
35 180 100
36 180 100
37 180 100
38 180 100
39 180 100
41 180 100
42 180 100
43 180 100
44 180 100
45 180 100
46 180 100
47 180 100
48 180 100
49 180 100
51 180 100
52 180 100
53 180 100
54 180 100
55 180 100
56 180 100
57 180 100
58 180 100
59 180 100
61 180 100
61 180 100
62 180 100
62 180 100
63 180 100
63 180 100
64 180 100
64 180 100
65 180 100
65 180 100
66 180 100
66 180 100
67 180 100
67 180 100
68 180 100
69 180 100
71 180 100
72 180 100
73 180 100
74 180 100
75 180 100
76 180 100
77 180 100
78 180 100
79 180 100
81 180 100
82 180 100
83 180 100
84 180 100
85 180 100
86 180 100
87 180 100
88 180 100
89 180 100
91 180 100
92 180 100
93 180 100
94 180 100
95 180 100
96 180 100
97 180 100
98 180 100
99 180 100
99 179 100
99 178 100
99 177 100
