# score 163200
0 120 100
10 120 100
20 120 100
30 120 100
40 120 100
0 130 100
10 130 100
20 130 100
30 130 100
40 130 100
0 140 100
10 140 100
20 140 100
30 140 100
40 140 100
0 150 100
10 150 100
20 150 100
30 150 100
40 150 100
0 160 100
10 160 100
20 160 100
30 160 100
40 160 100
0 170 100
10 170 100
20 170 100
30 170 100
40 170 100
0 180 100
10 180 100
20 180 100
30 180 100
40 180 100
0 190 100
10 190 100
20 190 100
30 190 100
40 190 100
140 70 100
150 70 100
160 70 100
170 70 100
180 70 100
190 70 100
140 80 100
150 80 100
160 80 100
170 80 100
180 80 100
190 80 100
140 90 100
150 90 100
160 90 100
170 90 100
180 90 100
190 90 100
140 100 100
150 100 100
160 100 100
170 100 100
180 100 100
190 100 100
140 110 100
150 110 100
160 110 100
170 110 100
180 110 100
190 110 100
140 120 100
150 120 100
160 120 100
170 120 100
180 120 100
190 120 100
140 130 100
150 130 100
160 130 100
170 130 100
180 130 100
190 130 100
140 140 100
150 140 100
160 140 100
170 140 100
180 140 100
190 140 100
140 150 100
150 150 100
160 150 100
170 150 100
180 150 100
190 150 100
188 118 100
187 118 100
187 119 100
186 119 100
186 120 100
185 120 100
184 120 100
183 120 100
182 120 100
181 120 100
180 121 100
180 122 100
180 123 100
180 124 100
180 125 100
180 126 100
180 127 100
180 128 100
180 129 100
179 130 100
178 130 100
177 130 100
176 130 100
175 130 100
174 130 100
173 130 100
172 130 100
171 130 100
170 130 100
169 130 100
169 130 100
169 130 100
168 130 100
168 130 100
168 130 100
168 130 100
167 130 100
167 130 100
167 130 100
167 130 100
167 130 100
166 130 100
166 130 100
166 130 100
166 130 100
166 130 100
166 130 100
165 130 100
165 130 100
165 130 100
165 130 100
165 130 100
165 130 100
165 130 100
165 130 100
164 130 100
164 130 100
164 130 100
164 130 100
164 130 100
164 130 100
164 130 100
164 130 100
164 130 100
163 130 100
163 130 100
163 130 100
163 130 100
163 130 100
163 130 100
163 130 100
163 130 100
163 130 100
162 130 100
162 130 100
162 130 100
162 130 100
162 130 100
162 130 100
162 130 100
162 130 100
161 130 100
161 130 100
161 130 100
161 130 100
161 130 100
161 130 100
161 130 100
160 130 100
160 130 100
160 130 100
160 130 100
160 130 100
159 130 100
159 130 100
159 130 100
159 130 100
159 130 100
158 130 100
158 130 100
158 130 100
157 130 100
157 130 100
156 130 100
156 130 100
155 130 100
154 130 100
153 130 100
152 130 100
151 130 100
149 130 100
148 130 100
147 130 100
146 130 100
145 130 100
144 130 100
143 130 100
143 130 100
142 130 100
142 130 100
142 130 100
141 130 100
141 130 100
141 130 100
141 130 100
140 130 100
140 130 100
140 130 100
140 130 100
140 130 100
139 130 100
139 130 100
139 130 100
139 130 100
139 130 100
139 130 100
139 130 100
139 130 100
139 130 100
138 130 100
138 130 100
138 130 100
138 130 100
138 130 100
138 130 100
138 130 100
138 130 100
138 130 100
138 130 100
138 130 100
138 130 100
138 130 100
137 130 100
137 130 100
137 130 100
137 130 100
137 130 100
137 130 100
137 130 100
137 130 100
137 130 100
137 130 100
137 130 100
137 130 100
137 130 100
137 130 100
137 130 100
137 130 100
137 130 100
136 130 100
136 130 100
136 130 100
136 130 100
136 130 100
136 130 100
136 130 100
136 130 100
136 130 100
136 130 100
136 130 100
136 130 100
136 130 100
136 130 100
136 130 100
136 130 100
136 130 100
136 130 100
136 130 100
136 130 100
136 130 100
135 130 100
135 130 100
135 130 100
135 130 100
135 130 100
135 130 100
135 130 100
135 130 100
135 130 100
135 130 100
135 130 100
135 130 100
135 130 100
135 130 100
135 130 100
135 130 100
135 130 100
135 130 100
135 130 100
135 130 100
135 130 100
135 130 100
135 130 100
135 130 100
134 130 100
134 130 100
134 130 100
134 130 100
134 130 100
134 130 100
134 130 100
134 130 100
134 130 100
134 130 100
134 130 100
134 130 100
134 130 100
134 130 100
134 130 100
134 130 100
134 130 100
134 130 100
134 130 100
134 130 100
134 130 100
134 130 100
134 130 100
134 130 100
134 130 100
134 130 100
134 130 100
133 130 100
133 130 100
133 130 100
133 130 100
133 130 100
133 130 100
133 130 100
133 130 100
133 130 100
133 130 100
133 130 100
133 130 100
133 130 100
133 130 100
133 130 100
133 130 100
133 130 100
133 130 100
133 130 100
133 130 100
133 130 100
133 130 100
133 130 100
133 130 100
133 130 100
133 130 100
133 130 100
133 130 100
132 130 100
132 130 100
132 130 100
132 130 100
132 130 100
132 130 100
132 130 100
132 130 100
132 130 100
132 130 100
132 130 100
132 130 100
132 130 100
132 130 100
132 130 100
132 130 100
132 130 100
132 130 100
132 130 100
132 130 100
132 130 100
132 130 100
132 130 100
132 130 100
132 130 100
132 130 100
132 130 100
132 130 100
131 130 100
131 130 100
131 130 100
131 130 100
131 130 100
131 130 100
131 130 100
131 130 100
131 130 100
131 130 100
131 130 100
131 130 100
131 130 100
131 130 100
131 130 100
131 130 100
131 130 100
131 130 100
131 130 100
131 130 100
131 130 100
131 130 100
131 130 100
131 130 100
131 130 100
131 130 100
130 130 100
130 130 100
130 130 100
130 130 100
130 130 100
130 130 100
130 130 100
130 130 100
130 130 100
130 130 100
130 130 100
130 130 100
130 130 100
130 130 100
130 130 100
130 130 100
130 130 100
130 130 100
130 130 100
130 130 100
130 130 100
130 130 100
130 130 100
130 130 100
129 130 100
129 130 100
129 130 100
129 130 100
129 130 100
129 130 100
129 130 100
129 130 100
129 130 100
129 130 100
129 130 100
129 130 100
129 130 100
129 130 100
129 130 100
129 130 100
129 130 100
129 130 100
129 130 100
129 130 100
129 130 100
128 130 100
128 130 100
128 130 100
128 130 100
128 130 100
128 130 100
128 130 100
128 130 100
128 130 100
128 130 100
128 130 100
128 130 100
128 130 100
128 130 100
128 130 100
128 130 100
128 130 100
128 130 100
127 130 100
127 130 100
127 130 100
127 130 100
127 130 100
127 130 100
127 130 100
127 130 100
127 130 100
127 130 100
127 130 100
127 130 100
127 130 100
127 130 100
127 130 100
126 130 100
126 130 100
126 130 100
126 130 100
126 130 100
126 130 100
126 130 100
126 130 100
126 130 100
126 130 100
126 130 100
125 130 100
125 130 100
125 130 100
125 130 100
125 130 100
125 130 100
125 130 100
125 130 100
124 130 100
124 130 100
124 130 100
124 130 100
124 130 100
123 130 100
123 130 100
123 130 100
122 130 100
122 130 100
121 130 100
121 130 100
120 130 100
119 130 100
118 130 100
117 130 100
116 130 100
115 130 100
114 130 100
113 130 100
112 130 100
111 130 100
110 130 100
109 130 100
108 130 100
107 130 100
106 130 100
105 130 100
104 130 100
103 130 100
102 130 100
101 130 100
100 130 100
99 130 100
98 130 100
97 130 100
96 130 100
96 130 100
95 130 100
95 130 100
94 130 100
94 130 100
94 130 100
93 130 100
93 130 100
93 130 100
92 130 100
92 130 100
92 130 100
92 130 100
91 130 100
91 130 100
91 130 100
91 130 100
91 130 100
91 130 100
90 130 100
90 130 100
90 130 100
90 130 100
90 130 100
90 130 100
90 130 100
90 130 100
89 130 100
89 130 100
89 130 100
89 130 100
89 130 100
89 130 100
89 130 100
89 130 100
89 130 100
89 130 100
89 130 100
89 130 100
88 130 100
88 130 100
88 130 100
88 130 100
88 130 100
88 130 100
88 130 100
88 130 100
88 130 100
88 130 100
88 130 100
88 130 100
88 130 100
88 130 100
88 130 100
88 130 100
87 130 100
87 130 100
87 130 100
87 130 100
87 130 100
87 130 100
87 130 100
87 130 100
87 130 100
87 130 100
87 130 100
87 130 100
87 130 100
87 130 100
87 130 100
87 130 100
87 130 100
87 130 100
87 130 100
87 130 100
86 130 100
86 130 100
86 130 100
86 130 100
86 130 100
86 130 100
86 130 100
86 130 100
86 130 100
86 130 100
86 130 100
86 130 100
86 130 100
86 130 100
86 130 100
86 130 100
86 130 100
86 130 100
86 130 100
86 130 100
86 130 100
86 130 100
86 130 100
86 130 100
86 130 100
85 130 100
85 130 100
85 130 100
85 130 100
85 130 100
85 130 100
85 130 100
85 130 100
85 130 100
85 130 100
85 130 100
85 130 100
85 130 100
85 130 100
85 130 100
85 130 100
85 130 100
85 130 100
85 130 100
85 130 100
85 130 100
85 130 100
85 130 100
85 130 100
85 130 100
85 130 100
85 130 100
85 130 100
85 130 100
84 130 100
84 130 100
84 130 100
84 130 100
84 130 100
84 130 100
84 130 100
84 130 100
84 130 100
84 130 100
84 130 100
84 130 100
84 130 100
84 130 100
84 130 100
84 130 100
84 130 100
84 130 100
84 130 100
84 130 100
84 130 100
84 130 100
84 130 100
84 130 100
84 130 100
84 130 100
84 130 100
84 130 100
84 130 100
84 130 100
84 130 100
84 130 100
84 130 100
83 130 100
83 130 100
83 130 100
83 130 100
83 130 100
83 130 100
83 130 100
83 130 100
83 130 100
83 130 100
83 130 100
83 130 100
83 130 100
83 130 100
83 130 100
83 130 100
83 130 100
83 130 100
83 130 100
83 130 100
83 130 100
83 130 100
83 130 100
83 130 100
83 130 100
83 130 100
83 130 100
83 130 100
83 130 100
83 130 100
83 130 100
83 130 100
83 130 100
83 130 100
83 130 100
83 130 100
83 130 100
82 130 100
82 130 100
82 130 100
82 130 100
82 130 100
82 130 100
82 130 100
82 130 100
82 130 100
82 130 100
82 130 100
82 130 100
82 130 100
82 130 100
82 130 100
82 130 100
82 130 100
82 130 100
82 130 100
82 130 100
82 130 100
82 130 100
82 130 100
82 130 100
82 130 100
82 130 100
82 130 100
82 130 100
82 130 100
82 130 100
82 130 100
82 130 100
82 130 100
82 130 100
82 130 100
82 130 100
82 130 100
82 130 100
82 130 100
81 130 100
81 130 100
81 130 100
81 130 100
81 130 100
81 130 100
81 130 100
81 130 100
81 130 100
81 130 100
81 130 100
81 130 100
81 130 100
81 130 100
81 130 100
81 130 100
81 130 100
81 130 100
81 130 100
81 130 100
81 130 100
81 130 100
81 130 100
81 130 100
81 130 100
81 130 100
81 130 100
81 130 100
81 130 100
81 130 100
81 130 100
81 130 100
81 130 100
81 130 100
81 130 100
81 130 100
81 130 100
81 130 100
81 130 100
81 130 100
81 130 100
80 130 100
80 130 100
80 130 100
80 130 100
80 130 100
80 130 100
80 130 100
80 130 100
80 130 100
80 130 100
80 130 100
80 130 100
80 130 100
80 130 100
80 130 100
80 130 100
80 130 100
80 130 100
80 130 100
80 130 100
80 130 100
80 130 100
80 130 100
80 130 100
80 130 100
80 130 100
80 130 100
80 130 100
80 130 100
80 130 100
80 130 100
80 130 100
80 130 100
80 130 100
80 130 100
80 130 100
80 130 100
80 130 100
80 130 100
80 130 100
80 130 100
80 130 100
79 130 100
79 130 100
79 130 100
79 130 100
79 130 100
79 130 100
79 130 100
79 130 100
79 130 100
79 130 100
79 130 100
79 130 100
79 130 100
79 130 100
79 130 100
79 130 100
79 130 100
79 130 100
79 130 100
79 130 100
79 130 100
79 130 100
79 130 100
79 130 100
79 130 100
79 130 100
79 130 100
79 130 100
79 130 100
79 130 100
79 130 100
79 130 100
79 130 100
79 130 100
79 130 100
79 130 100
79 130 100
79 130 100
79 130 100
79 130 100
79 130 100
78 130 100
78 130 100
78 130 100
78 130 100
78 130 100
78 130 100
78 130 100
78 130 100
78 130 100
78 130 100
78 130 100
78 130 100
78 130 100
78 130 100
78 130 100
78 130 100
78 130 100
78 130 100
78 130 100
78 130 100
78 130 100
78 130 100
78 130 100
78 130 100
78 130 100
78 130 100
78 130 100
78 130 100
78 130 100
78 130 100
78 130 100
78 130 100
78 130 100
78 130 100
78 130 100
78 130 100
78 130 100
78 130 100
78 130 100
78 130 100
77 130 100
77 130 100
77 130 100
77 130 100
77 130 100
77 130 100
77 130 100
77 130 100
77 130 100
77 130 100
77 130 100
77 130 100
77 130 100
77 130 100
77 130 100
77 130 100
77 130 100
77 130 100
77 130 100
77 130 100
77 130 100
77 130 100
77 130 100
77 130 100
77 130 100
77 130 100
77 130 100
77 130 100
77 130 100
77 130 100
77 130 100
77 130 100
77 130 100
77 130 100
77 130 100
77 130 100
77 130 100
76 130 100
76 130 100
76 130 100
76 130 100
76 130 100
76 130 100
76 130 100
76 130 100
76 130 100
76 130 100
76 130 100
76 130 100
76 130 100
76 130 100
76 130 100
76 130 100
76 130 100
76 130 100
76 130 100
76 130 100
76 130 100
76 130 100
76 130 100
76 130 100
76 130 100
76 130 100
76 130 100
76 130 100
76 130 100
76 130 100
76 130 100
76 130 100
76 130 100
75 130 100
75 130 100
75 130 100
75 130 100
75 130 100
75 130 100
75 130 100
75 130 100
75 130 100
75 130 100
75 130 100
75 130 100
75 130 100
75 130 100
75 130 100
75 130 100
75 130 100
75 130 100
75 130 100
75 130 100
75 130 100
75 130 100
75 130 100
75 130 100
75 130 100
75 130 100
75 130 100
75 130 100
74 130 100
74 130 100
74 130 100
74 130 100
74 130 100
74 130 100
74 130 100
74 130 100
74 130 100
74 130 100
74 130 100
74 130 100
74 130 100
74 130 100
74 130 100
74 130 100
74 130 100
74 130 100
74 130 100
74 130 100
74 130 100
74 130 100
74 130 100
73 130 100
73 130 100
73 130 100
73 130 100
73 130 100
73 130 100
73 130 100
73 130 100
73 130 100
73 130 100
73 130 100
73 130 100
73 130 100
73 130 100
73 130 100
73 130 100
73 130 100
72 130 100
72 130 100
72 130 100
72 130 100
72 130 100
72 130 100
72 130 100
72 130 100
72 130 100
72 130 100
72 130 100
72 130 100
71 130 100
71 130 100
71 130 100
71 130 100
71 130 100
71 130 100
71 130 100
71 130 100
70 130 100
70 130 100
70 130 100
70 130 100
70 130 100
70 130 100
69 130 100
69 130 100
69 130 100
69 130 100
68 130 100
68 130 100
68 130 100
67 130 100
67 130 100
66 130 100
66 130 100
65 130 100
65 130 100
64 130 100
63 130 100
62 130 100
61 130 100
60 130 100
59 130 100
58 130 100
57 130 100
56 130 100
55 130 100
54 130 100
53 130 100
52 130 100
51 130 100
50 130 100
49 130 100
48 130 100
47 130 100
46 130 100
45 130 100
44 130 100
44 130 100
43 130 100
43 130 100
42 130 100
42 130 100
42 130 100
41 130 100
41 130 100
41 130 100
41 130 100
40 130 100
40 130 100
40 130 100
40 130 100
39 130 100
39 130 100
39 130 100
39 130 100
39 130 100
39 130 100
38 130 100
38 130 100
38 130 100
38 130 100
38 130 100
38 130 100
38 130 100
38 130 100
37 130 100
37 130 100
37 130 100
37 130 100
37 130 100
37 130 100
37 130 100
37 130 100
37 130 100
37 130 100
37 130 100
36 130 100
36 130 100
36 130 100
36 130 100
36 130 100
36 130 100
36 130 100
36 130 100
36 130 100
36 130 100
36 130 100
36 130 100
36 130 100
36 130 100
35 130 100
35 130 100
35 130 100
35 130 100
35 130 100
35 130 100
35 130 100
35 130 100
35 130 100
35 130 100
35 130 100
35 130 100
35 130 100
35 130 100
35 130 100
35 130 100
35 130 100
35 130 100
34 130 100
34 130 100
34 130 100
34 130 100
34 130 100
34 130 100
34 130 100
34 130 100
34 130 100
34 130 100
34 130 100
34 130 100
34 130 100
34 130 100
34 130 100
34 130 100
34 130 100
34 130 100
34 130 100
34 130 100
34 130 100
33 130 100
33 130 100
33 130 100
33 130 100
33 130 100
33 130 100
33 130 100
33 130 100
33 130 100
33 130 100
33 130 100
33 130 100
33 130 100
33 130 100
33 130 100
33 130 100
33 130 100
33 130 100
33 130 100
33 130 100
33 130 100
33 130 100
33 130 100
33 130 100
32 130 100
32 130 100
32 130 100
32 130 100
32 130 100
32 130 100
32 130 100
32 130 100
32 130 100
32 130 100
32 130 100
32 130 100
32 130 100
32 130 100
32 130 100
32 130 100
32 130 100
32 130 100
32 130 100
32 130 100
32 130 100
32 130 100
32 130 100
32 130 100
32 130 100
32 130 100
32 130 100
31 130 100
31 130 100
31 130 100
31 130 100
31 130 100
31 130 100
31 130 100
31 130 100
31 130 100
31 130 100
31 130 100
31 130 100
31 130 100
31 130 100
31 130 100
31 130 100
31 130 100
31 130 100
31 130 100
31 130 100
31 130 100
31 130 100
31 130 100
31 130 100
31 130 100
31 130 100
31 130 100
31 130 100
30 130 100
30 130 100
30 130 100
30 130 100
30 130 100
30 130 100
30 130 100
30 130 100
30 130 100
30 130 100
30 130 100
30 130 100
30 130 100
30 130 100
30 130 100
30 130 100
30 130 100
30 130 100
30 130 100
30 130 100
30 130 100
30 130 100
30 130 100
30 130 100
30 130 100
30 130 100
30 130 100
30 130 100
29 130 100
29 130 100
29 130 100
29 130 100
29 130 100
29 130 100
29 130 100
29 130 100
29 130 100
29 130 100
29 130 100
29 130 100
29 130 100
29 130 100
29 130 100
29 130 100
29 130 100
29 130 100
29 130 100
29 130 100
29 130 100
29 130 100
29 130 100
29 130 100
29 130 100
29 130 100
29 130 100
29 130 100
28 130 100
28 130 100
28 130 100
28 130 100
28 130 100
28 130 100
28 130 100
28 130 100
28 130 100
28 130 100
28 130 100
28 130 100
28 130 100
28 130 100
28 130 100
28 130 100
28 130 100
28 130 100
28 130 100
28 130 100
28 130 100
28 130 100
28 130 100
28 130 100
28 130 100
28 130 100
28 130 100
27 130 100
27 130 100
27 130 100
27 130 100
27 130 100
27 130 100
27 130 100
27 130 100
27 130 100
27 130 100
27 130 100
27 130 100
27 130 100
27 130 100
27 130 100
27 130 100
27 130 100
27 130 100
27 130 100
27 130 100
27 130 100
27 130 100
27 130 100
27 130 100
27 130 100
26 130 100
26 130 100
26 130 100
26 130 100
26 130 100
26 130 100
26 130 100
26 130 100
26 130 100
26 130 100
26 130 100
26 130 100
26 130 100
26 130 100
26 130 100
26 130 100
26 130 100
26 130 100
26 130 100
26 130 100
26 130 100
26 130 100
26 130 100
25 130 100
25 130 100
25 130 100
25 130 100
25 130 100
25 130 100
25 130 100
25 130 100
25 130 100
25 130 100
25 130 100
25 130 100
25 130 100
25 130 100
25 130 100
25 130 100
25 130 100
25 130 100
25 130 100
25 130 100
24 130 100
24 130 100
24 130 100
24 130 100
24 130 100
24 130 100
24 130 100
24 130 100
24 130 100
24 130 100
24 130 100
24 130 100
24 130 100
24 130 100
24 130 100
24 130 100
24 130 100
23 130 100
23 130 100
23 130 100
23 130 100
23 130 100
23 130 100
23 130 100
23 130 100
23 130 100
23 130 100
23 130 100
23 130 100
23 130 100
23 130 100
22 130 100
22 130 100
22 130 100
22 130 100
22 130 100
22 130 100
22 130 100
22 130 100
22 130 100
22 130 100
22 130 100
22 130 100
21 130 100
21 130 100
21 130 100
21 130 100
21 130 100
21 130 100
21 130 100
21 130 100
21 130 100
20 130 100
20 130 100
20 130 100
20 130 100
20 130 100
20 130 100
20 130 100
19 130 100
19 130 100
19 130 100
19 130 100
19 130 100
19 130 100
18 130 100
18 130 100
18 130 100
18 130 100
18 130 100
17 130 100
17 130 100
17 130 100
17 130 100
16 130 100
16 130 100
16 130 100
15 130 100
15 130 100
15 130 100
14 130 100
14 130 100
13 130 100
13 130 100
12 130 100
12 130 100
11 130 100
11 130 100
9 130 100
8 130 100
7 130 100
6 130 100
5 130 100
4 130 100
3 130 100
2 130 100
1 130 100
0 131 100
0 132 100
0 133 100
0 134 100
0 135 100
0 136 100
0 137 100
0 138 100
0 139 100
0 141 100
0 142 100
0 143 100
0 144 100
0 145 100
0 146 100
0 147 100
0 148 100
0 149 100
0 151 100
0 152 100
0 153 100
0 154 100
0 155 100
0 156 100
0 157 100
0 158 100
0 159 100
1 160 100
1 161 100
2 161 100
