# score 168708
110 110 100
120 110 100
130 110 100
140 110 100
150 110 100
160 110 100
170 110 100
180 110 100
190 110 100
110 120 100
120 120 100
130 120 100
140 120 100
150 120 100
160 120 100
170 120 100
180 120 100
190 120 100
110 130 100
120 130 100
130 130 100
140 130 100
150 130 100
160 130 100
170 130 100
180 130 100
190 130 100
110 140 100
120 140 100
130 140 100
140 140 100
150 140 100
160 140 100
170 140 100
180 140 100
190 140 100
110 150 100
120 150 100
130 150 100
140 150 100
150 150 100
160 150 100
170 150 100
180 150 100
190 150 100
110 160 100
120 160 100
130 160 100
140 160 100
150 160 100
160 160 100
170 160 100
180 160 100
190 160 100
110 170 100
120 170 100
130 170 100
140 170 100
150 170 100
160 170 100
170 170 100
180 170 100
190 170 100
110 180 100
120 180 100
130 180 100
140 180 100
150 180 100
160 180 100
170 180 100
180 180 100
190 180 100
110 190 100
120 190 100
130 190 100
140 190 100
150 190 100
160 190 100
170 190 100
180 190 100
190 190 100
0 0 100
10 0 100
20 0 100
30 0 100
40 0 100
50 0 100
60 0 100
70 0 100
0 10 100
10 10 100
20 10 100
30 10 100
40 10 100
50 10 100
60 10 100
70 10 100
0 20 100
10 20 100
20 20 100
30 20 100
40 20 100
50 20 100
60 20 100
70 20 100
0 30 100
10 30 100
20 30 100
30 30 100
40 30 100
50 30 100
60 30 100
70 30 100
0 40 100
10 40 100
20 40 100
30 40 100
40 40 100
50 40 100
60 40 100
70 40 100
0 50 100
10 50 100
20 50 100
30 50 100
40 50 100
50 50 100
60 50 100
70 50 100
0 60 100
10 60 100
20 60 100
30 60 100
40 60 100
50 60 100
60 60 100
70 60 100
0 70 100
10 70 100
20 70 100
30 70 100
40 70 100
50 70 100
60 70 100
70 70 100
33 35 100
34 35 100
34 36 100
35 36 100
35 37 100
36 37 100
36 38 100
37 38 100
37 39 100
38 39 100
38 40 100
39 40 100
41 40 100
42 40 100
43 40 100
44 40 100
45 40 100
46 40 100
47 40 100
48 40 100
49 40 100
50 41 100
50 42 100
50 43 100
50 44 100
50 45 100
50 46 100
50 47 100
50 48 100
50 49 100
50 51 100
50 52 100
50 53 100
50 54 100
50 55 100
50 56 100
50 57 100
50 58 100
50 59 100
50 61 100
50 62 100
50 63 100
50 64 100
50 65 100
50 66 100
50 67 100
50 68 100
50 69 100
51 70 100
52 70 100
53 70 100
54 70 100
55 70 100
56 70 100
57 70 100
58 70 100
59 70 100
61 70 100
61 71 100
62 71 100
62 72 100
63 72 100
63 73 100
64 73 100
64 74 100
65 74 100
65 75 100
66 75 100
66 75 100
66 76 100
66 76 100
66 76 100
67 76 100
67 76 100
67 76 100
67 76 100
67 77 100
67 77 100
67 77 100
67 77 100
67 77 100
67 77 100
68 77 100
68 77 100
68 77 100
68 77 100
68 77 100
68 77 100
68 77 100
68 77 100
68 77 100
68 78 100
68 78 100
68 78 100
68 78 100
68 78 100
68 78 100
68 78 100
68 78 100
68 78 100
68 78 100
68 78 100
68 78 100
69 78 100
69 78 100
69 78 100
69 78 100
69 78 100
69 78 100
69 78 100
69 78 100
69 78 100
69 78 100
69 78 100
69 78 100
69 78 100
69 78 100
69 78 100
69 78 100
69 79 100
69 79 100
69 79 100
69 79 100
69 79 100
69 79 100
69 79 100
69 79 100
69 79 100
69 79 100
69 79 100
69 79 100
69 79 100
69 79 100
69 79 100
69 79 100
69 79 100
69 79 100
69 79 100
69 79 100
70 79 100
70 79 100
70 79 100
70 79 100
70 79 100
70 79 100
70 79 100
70 79 100
70 79 100
70 79 100
70 79 100
70 79 100
70 79 100
70 79 100
70 79 100
70 79 100
70 79 100
70 79 100
70 79 100
70 79 100
70 79 100
70 79 100
70 79 100
70 79 100
70 80 100
70 80 100
70 80 100
70 80 100
70 80 100
70 80 100
70 80 100
70 80 100
70 80 100
70 80 100
70 80 100
70 80 100
70 80 100
70 80 100
70 80 100
70 80 100
70 80 100
70 80 100
70 80 100
70 80 100
70 80 100
70 80 100
70 80 100
70 80 100
70 80 100
70 80 100
70 80 100
70 80 100
71 80 100
71 80 100
71 80 100
71 80 100
71 80 100
71 80 100
71 80 100
71 80 100
71 80 100
71 80 100
71 80 100
71 80 100
71 80 100
71 80 100
71 80 100
71 80 100
71 80 100
71 80 100
71 80 100
71 80 100
71 80 100
71 80 100
71 80 100
71 80 100
71 80 100
71 80 100
71 80 100
71 80 100
71 80 100
71 80 100
71 80 100
71 81 100
71 81 100
71 81 100
71 81 100
71 81 100
71 81 100
71 81 100
71 81 100
71 81 100
71 81 100
71 81 100
71 81 100
71 81 100
71 81 100
71 81 100
71 81 100
71 81 100
71 81 100
71 81 100
71 81 100
71 81 100
71 81 100
71 81 100
71 81 100
71 81 100
71 81 100
71 81 100
71 81 100
71 81 100
71 81 100
71 81 100
71 81 100
71 81 100
71 81 100
71 81 100
72 81 100
72 81 100
72 81 100
72 81 100
72 81 100
72 81 100
72 81 100
72 81 100
72 81 100
72 81 100
72 81 100
72 81 100
72 81 100
72 81 100
72 81 100
72 81 100
72 81 100
72 81 100
72 81 100
72 81 100
72 81 100
72 81 100
72 81 100
72 81 100
72 81 100
72 81 100
72 81 100
72 81 100
72 81 100
72 81 100
72 81 100
72 81 100
72 81 100
72 81 100
72 81 100
72 81 100
72 81 100
72 82 100
72 82 100
72 82 100
72 82 100
72 82 100
72 82 100
72 82 100
72 82 100
72 82 100
72 82 100
72 82 100
72 82 100
72 82 100
72 82 100
72 82 100
72 82 100
72 82 100
72 82 100
72 82 100
72 82 100
72 82 100
72 82 100
72 82 100
72 82 100
72 82 100
72 82 100
72 82 100
72 82 100
72 82 100
72 82 100
72 82 100
72 82 100
72 82 100
72 82 100
72 82 100
72 82 100
72 82 100
72 82 100
72 82 100
72 82 100
73 82 100
73 82 100
73 82 100
73 82 100
73 82 100
73 82 100
73 82 100
73 82 100
73 82 100
73 82 100
73 82 100
73 82 100
73 82 100
73 82 100
73 82 100
73 82 100
73 82 100
73 82 100
73 82 100
73 82 100
73 82 100
73 82 100
73 82 100
73 82 100
73 82 100
73 82 100
73 82 100
73 82 100
73 82 100
73 82 100
73 82 100
73 82 100
73 82 100
73 82 100
73 82 100
73 82 100
73 82 100
73 82 100
73 82 100
73 82 100
73 82 100
73 83 100
73 83 100
73 83 100
73 83 100
73 83 100
73 83 100
73 83 100
73 83 100
73 83 100
73 83 100
73 83 100
73 83 100
73 83 100
73 83 100
73 83 100
73 83 100
73 83 100
73 83 100
73 83 100
73 83 100
73 83 100
73 83 100
73 83 100
73 83 100
73 83 100
73 83 100
73 83 100
73 83 100
73 83 100
73 83 100
73 83 100
73 83 100
73 83 100
73 83 100
73 83 100
73 83 100
73 83 100
73 83 100
73 83 100
73 83 100
73 83 100
73 83 100
73 83 100
74 83 100
74 83 100
74 83 100
74 83 100
74 83 100
74 83 100
74 83 100
74 83 100
74 83 100
74 83 100
74 83 100
74 83 100
74 83 100
74 83 100
74 83 100
74 83 100
74 83 100
74 83 100
74 83 100
74 83 100
74 83 100
74 83 100
74 83 100
74 83 100
74 83 100
74 83 100
74 83 100
74 83 100
74 83 100
74 83 100
74 83 100
74 83 100
74 83 100
74 83 100
74 83 100
74 83 100
74 83 100
74 83 100
74 83 100
74 83 100
74 83 100
74 83 100
74 83 100
74 84 100
74 84 100
74 84 100
74 84 100
74 84 100
74 84 100
74 84 100
74 84 100
74 84 100
74 84 100
74 84 100
74 84 100
74 84 100
74 84 100
74 84 100
74 84 100
74 84 100
74 84 100
74 84 100
74 84 100
74 84 100
74 84 100
74 84 100
74 84 100
74 84 100
74 84 100
74 84 100
74 84 100
74 84 100
74 84 100
74 84 100
74 84 100
74 84 100
74 84 100
74 84 100
74 84 100
74 84 100
74 84 100
74 84 100
74 84 100
74 84 100
74 84 100
74 84 100
74 84 100
75 84 100
75 84 100
75 84 100
75 84 100
75 84 100
75 84 100
75 84 100
75 84 100
75 84 100
75 84 100
75 84 100
75 84 100
75 84 100
75 84 100
75 84 100
75 84 100
75 84 100
75 84 100
75 84 100
75 84 100
75 84 100
75 84 100
75 84 100
75 84 100
75 84 100
75 84 100
75 84 100
75 84 100
75 84 100
75 84 100
75 84 100
75 84 100
75 84 100
75 84 100
75 84 100
75 84 100
75 84 100
75 84 100
75 84 100
75 84 100
75 84 100
75 84 100
75 84 100
75 85 100
75 85 100
75 85 100
75 85 100
75 85 100
75 85 100
75 85 100
75 85 100
75 85 100
75 85 100
75 85 100
75 85 100
75 85 100
75 85 100
75 85 100
75 85 100
75 85 100
75 85 100
75 85 100
75 85 100
75 85 100
75 85 100
75 85 100
75 85 100
75 85 100
75 85 100
75 85 100
75 85 100
75 85 100
75 85 100
75 85 100
75 85 100
75 85 100
75 85 100
75 85 100
75 85 100
75 85 100
75 85 100
75 85 100
75 85 100
75 85 100
75 85 100
75 85 100
75 85 100
76 85 100
76 85 100
76 85 100
76 85 100
76 85 100
76 85 100
76 85 100
76 85 100
76 85 100
76 85 100
76 85 100
76 85 100
76 85 100
76 85 100
76 85 100
76 85 100
76 85 100
76 85 100
76 85 100
76 85 100
76 85 100
76 85 100
76 85 100
76 85 100
76 85 100
76 85 100
76 85 100
76 85 100
76 85 100
76 85 100
76 85 100
76 85 100
76 85 100
76 85 100
76 85 100
76 85 100
76 85 100
76 85 100
76 85 100
76 85 100
76 85 100
76 85 100
76 86 100
76 86 100
76 86 100
76 86 100
76 86 100
76 86 100
76 86 100
76 86 100
76 86 100
76 86 100
76 86 100
76 86 100
76 86 100
76 86 100
76 86 100
76 86 100
76 86 100
76 86 100
76 86 100
76 86 100
76 86 100
76 86 100
76 86 100
76 86 100
76 86 100
76 86 100
76 86 100
76 86 100
76 86 100
76 86 100
76 86 100
76 86 100
76 86 100
76 86 100
76 86 100
76 86 100
76 86 100
76 86 100
76 86 100
76 86 100
76 86 100
76 86 100
77 86 100
77 86 100
77 86 100
77 86 100
77 86 100
77 86 100
77 86 100
77 86 100
77 86 100
77 86 100
77 86 100
77 86 100
77 86 100
77 86 100
77 86 100
77 86 100
77 86 100
77 86 100
77 86 100
77 86 100
77 86 100
77 86 100
77 86 100
77 86 100
77 86 100
77 86 100
77 86 100
77 86 100
77 86 100
77 86 100
77 86 100
77 86 100
77 86 100
77 86 100
77 86 100
77 86 100
77 86 100
77 86 100
77 87 100
77 87 100
77 87 100
77 87 100
77 87 100
77 87 100
77 87 100
77 87 100
77 87 100
77 87 100
77 87 100
77 87 100
77 87 100
77 87 100
77 87 100
77 87 100
77 87 100
77 87 100
77 87 100
77 87 100
77 87 100
77 87 100
77 87 100
77 87 100
77 87 100
77 87 100
77 87 100
77 87 100
77 87 100
77 87 100
77 87 100
77 87 100
77 87 100
77 87 100
77 87 100
77 87 100
78 87 100
78 87 100
78 87 100
78 87 100
78 87 100
78 87 100
78 87 100
78 87 100
78 87 100
78 87 100
78 87 100
78 87 100
78 87 100
78 87 100
78 87 100
78 87 100
78 87 100
78 87 100
78 87 100
78 87 100
78 87 100
78 87 100
78 87 100
78 87 100
78 87 100
78 87 100
78 87 100
78 87 100
78 87 100
78 87 100
78 87 100
78 88 100
78 88 100
78 88 100
78 88 100
78 88 100
78 88 100
78 88 100
78 88 100
78 88 100
78 88 100
78 88 100
78 88 100
78 88 100
78 88 100
78 88 100
78 88 100
78 88 100
78 88 100
78 88 100
78 88 100
78 88 100
78 88 100
78 88 100
78 88 100
78 88 100
78 88 100
78 88 100
79 88 100
79 88 100
79 88 100
79 88 100
79 88 100
79 88 100
79 88 100
79 88 100
79 88 100
79 88 100
79 88 100
79 88 100
79 88 100
79 88 100
79 88 100
79 88 100
79 88 100
79 88 100
79 88 100
79 88 100
79 88 100
79 89 100
79 89 100
79 89 100
79 89 100
79 89 100
79 89 100
79 89 100
79 89 100
79 89 100
79 89 100
79 89 100
79 89 100
79 89 100
79 89 100
79 89 100
79 89 100
79 89 100
80 89 100
80 89 100
80 89 100
80 89 100
80 89 100
80 89 100
80 89 100
80 89 100
80 89 100
80 89 100
80 89 100
80 90 100
80 90 100
80 90 100
80 90 100
80 90 100
80 90 100
80 90 100
80 90 100
81 90 100
81 90 100
81 90 100
81 90 100
81 91 100
81 91 100
81 91 100
82 91 100
82 91 100
82 92 100
83 92 100
83 93 100
84 93 100
84 94 100
85 94 100
85 95 100
86 95 100
86 96 100
87 96 100
87 97 100
88 97 100
88 98 100
89 98 100
89 99 100
90 99 100
90 100 100
91 100 100
91 101 100
92 101 100
92 102 100
93 102 100
93 103 100
94 103 100
94 104 100
95 104 100
95 105 100
96 105 100
96 106 100
96 106 100
97 106 100
97 106 100
97 106 100
97 107 100
97 107 100
97 107 100
97 107 100
98 107 100
98 107 100
98 107 100
98 107 100
98 107 100
98 107 100
98 108 100
98 108 100
98 108 100
98 108 100
98 108 100
98 108 100
98 108 100
98 108 100
99 108 100
99 108 100
99 108 100
99 108 100
99 108 100
99 108 100
99 108 100
99 108 100
99 108 100
99 108 100
99 108 100
99 109 100
99 109 100
99 109 100
99 109 100
99 109 100
99 109 100
99 109 100
99 109 100
99 109 100
99 109 100
99 109 100
99 109 100
99 109 100
100 109 100
100 109 100
100 109 100
100 109 100
100 109 100
100 109 100
100 109 100
100 109 100
100 109 100
100 109 100
100 109 100
100 109 100
100 109 100
100 109 100
100 109 100
100 109 100
100 109 100
100 110 100
100 110 100
100 110 100
100 110 100
100 110 100
100 110 100
100 110 100
100 110 100
100 110 100
100 110 100
100 110 100
100 110 100
100 110 100
100 110 100
100 110 100
100 110 100
100 110 100
100 110 100
100 110 100
101 110 100
101 110 100
101 110 100
101 110 100
101 110 100
101 110 100
101 110 100
101 110 100
101 110 100
101 110 100
101 110 100
101 110 100
101 110 100
101 110 100
101 110 100
101 110 100
101 110 100
101 110 100
101 110 100
101 110 100
101 110 100
101 110 100
101 110 100
101 111 100
101 111 100
101 111 100
101 111 100
101 111 100
101 111 100
101 111 100
101 111 100
101 111 100
101 111 100
101 111 100
101 111 100
101 111 100
101 111 100
101 111 100
101 111 100
101 111 100
101 111 100
101 111 100
101 111 100
101 111 100
101 111 100
101 111 100
101 111 100
102 111 100
102 111 100
102 111 100
102 111 100
102 111 100
102 111 100
102 111 100
102 111 100
102 111 100
102 111 100
102 111 100
102 111 100
102 111 100
102 111 100
102 111 100
102 111 100
102 111 100
102 111 100
102 111 100
102 111 100
102 111 100
102 111 100
102 111 100
102 111 100
102 111 100
102 111 100
102 111 100
102 111 100
102 112 100
102 112 100
102 112 100
102 112 100
102 112 100
102 112 100
102 112 100
102 112 100
102 112 100
102 112 100
102 112 100
102 112 100
102 112 100
102 112 100
102 112 100
102 112 100
102 112 100
102 112 100
102 112 100
102 112 100
102 112 100
102 112 100
102 112 100
102 112 100
102 112 100
102 112 100
103 112 100
103 112 100
103 112 100
103 112 100
103 112 100
103 112 100
103 112 100
103 112 100
103 112 100
103 112 100
103 112 100
103 112 100
103 112 100
103 112 100
103 112 100
103 112 100
103 112 100
103 112 100
103 112 100
103 112 100
103 112 100
103 112 100
103 112 100
103 112 100
103 112 100
103 112 100
103 112 100
103 112 100
103 112 100
103 112 100
103 113 100
103 113 100
103 113 100
103 113 100
103 113 100
103 113 100
103 113 100
103 113 100
103 113 100
103 113 100
103 113 100
103 113 100
103 113 100
103 113 100
103 113 100
103 113 100
103 113 100
103 113 100
103 113 100
103 113 100
103 113 100
103 113 100
103 113 100
103 113 100
103 113 100
103 113 100
103 113 100
104 113 100
104 113 100
104 113 100
104 113 100
104 113 100
104 113 100
104 113 100
104 113 100
104 113 100
104 113 100
104 113 100
104 113 100
104 113 100
104 113 100
104 113 100
104 113 100
104 113 100
104 113 100
104 113 100
104 113 100
104 113 100
104 113 100
104 113 100
104 113 100
104 113 100
104 113 100
104 113 100
104 113 100
104 113 100
104 114 100
104 114 100
104 114 100
104 114 100
104 114 100
104 114 100
104 114 100
104 114 100
104 114 100
104 114 100
104 114 100
104 114 100
104 114 100
104 114 100
104 114 100
104 114 100
104 114 100
104 114 100
104 114 100
104 114 100
104 114 100
104 114 100
104 114 100
104 114 100
104 114 100
105 114 100
105 114 100
105 114 100
105 114 100
105 114 100
105 114 100
105 114 100
105 114 100
105 114 100
105 114 100
105 114 100
105 114 100
105 114 100
105 114 100
105 114 100
105 114 100
105 114 100
105 114 100
105 114 100
105 114 100
105 114 100
105 114 100
105 114 100
105 114 100
105 114 100
105 114 100
105 114 100
105 115 100
105 115 100
105 115 100
105 115 100
105 115 100
105 115 100
105 115 100
105 115 100
105 115 100
105 115 100
105 115 100
105 115 100
105 115 100
105 115 100
105 115 100
105 115 100
105 115 100
105 115 100
105 115 100
105 115 100
105 115 100
106 115 100
106 115 100
106 115 100
106 115 100
106 115 100
106 115 100
106 115 100
106 115 100
106 115 100
106 115 100
106 115 100
106 115 100
106 115 100
106 115 100
106 115 100
106 115 100
106 115 100
106 115 100
106 115 100
106 115 100
106 115 100
106 115 100
106 116 100
106 116 100
106 116 100
106 116 100
106 116 100
106 116 100
106 116 100
106 116 100
106 116 100
106 116 100
106 116 100
106 116 100
106 116 100
106 116 100
106 116 100
106 116 100
107 116 100
107 116 100
107 116 100
107 116 100
107 116 100
107 116 100
107 116 100
107 116 100
107 116 100
107 116 100
107 116 100
107 116 100
107 116 100
107 116 100
107 116 100
107 116 100
107 117 100
107 117 100
107 117 100
107 117 100
107 117 100
107 117 100
107 117 100
107 117 100
107 117 100
107 117 100
108 117 100
108 117 100
108 117 100
108 117 100
108 117 100
108 117 100
108 117 100
108 117 100
108 117 100
108 117 100
108 118 100
108 118 100
108 118 100
108 118 100
108 118 100
108 118 100
109 118 100
109 118 100
109 118 100
109 118 100
109 118 100
109 119 100
109 119 100
109 119 100
110 119 100
110 119 100
110 121 100
110 122 100
110 123 100
110 124 100
110 125 100
110 126 100
110 127 100
110 128 100
110 129 100
110 131 100
110 132 100
110 133 100
110 134 100
110 135 100
110 136 100
110 137 100
110 138 100
110 139 100
110 141 100
110 142 100
110 143 100
110 144 100
110 145 100
110 146 100
110 147 100
110 148 100
110 149 100
110 151 100
110 151 100
110 152 100
110 152 100
110 153 100
110 153 100
110 154 100
110 154 100
110 155 100
110 155 100
110 156 100
110 157 100
110 158 100
110 159 100
110 161 100
110 162 100
110 163 100
110 164 100
110 165 100
110 165 100
110 166 100
110 166 100
110 167 100
110 167 100
110 168 100
110 169 100
111 170 100
111 170 100
112 170 100
112 170 100
113 170 100
113 170 100
114 170 100
114 170 100
114 170 100
115 170 100
115 170 100
115 170 100
116 170 100
116 170 100
116 170 100
116 170 100
117 170 100
117 170 100
117 170 100
117 170 100
118 170 100
118 170 100
118 170 100
118 170 100
119 170 100
119 170 100
119 170 100
119 170 100
120 170 100
120 170 100
121 170 100
121 170 100
122 170 100
122 170 100
123 170 100
124 170 100
125 170 100
126 170 100
127 170 100
128 170 100
129 170 100
131 170 100
132 170 100
133 170 100
134 170 100
135 170 100
136 170 100
137 170 100
138 170 100
139 170 100
141 170 100
141 169 100
141 169 100
142 169 100
142 169 100
142 168 100
142 168 100
143 168 100
143 168 100
143 168 100
143 167 100
143 167 100
143 167 100
143 167 100
144 167 100
144 167 100
144 167 100
144 167 100
144 167 100
144 166 100
144 166 100
144 166 100
144 166 100
144 166 100
145 166 100
145 166 100
145 166 100
145 166 100
145 166 100
145 165 100
145 165 100
145 165 100
145 165 100
145 165 100
146 165 100
146 165 100
146 165 100
146 165 100
146 165 100
146 164 100
146 164 100
146 164 100
146 164 100
146 164 100
147 164 100
147 164 100
147 164 100
147 164 100
147 163 100
147 163 100
147 163 100
147 163 100
148 163 100
148 163 100
148 163 100
148 162 100
148 162 100
148 162 100
149 162 100
149 162 100
149 161 100
149 161 100
150 161 100
151 160 100
151 159 100
152 159 100
152 158 100
153 158 100
154 158 100
155 158 100
156 158 100
