# score 153918
120 0 100
130 0 100
140 0 100
150 0 100
160 0 100
170 0 100
180 0 100
190 0 100
120 10 100
130 10 100
140 10 100
150 10 100
160 10 100
170 10 100
180 10 100
190 10 100
120 20 100
130 20 100
140 20 100
150 20 100
160 20 100
170 20 100
180 20 100
190 20 100
120 30 100
130 30 100
140 30 100
150 30 100
160 30 100
170 30 100
180 30 100
190 30 100
120 40 100
130 40 100
140 40 100
150 40 100
160 40 100
170 40 100
180 40 100
190 40 100
120 50 100
130 50 100
140 50 100
150 50 100
160 50 100
170 50 100
180 50 100
190 50 100
120 60 100
130 60 100
140 60 100
150 60 100
160 60 100
170 60 100
180 60 100
190 60 100
120 70 100
130 70 100
140 70 100
150 70 100
160 70 100
170 70 100
180 70 100
190 70 100
120 90 100
130 90 100
140 90 100
150 90 100
160 90 100
170 90 100
180 90 100
190 90 100
120 100 100
130 100 100
140 100 100
150 100 100
160 100 100
170 100 100
180 100 100
190 100 100
120 110 100
130 110 100
140 110 100
150 110 100
160 110 100
170 110 100
180 110 100
190 110 100
120 120 100
130 120 100
140 120 100
150 120 100
160 120 100
170 120 100
180 120 100
190 120 100
120 130 100
130 130 100
140 130 100
150 130 100
160 130 100
170 130 100
180 130 100
190 130 100
120 140 100
130 140 100
140 140 100
150 140 100
160 140 100
170 140 100
180 140 100
190 140 100
120 150 100
130 150 100
140 150 100
150 150 100
160 150 100
170 150 100
180 150 100
190 150 100
120 160 100
130 160 100
140 160 100
150 160 100
160 160 100
170 160 100
180 160 100
190 160 100
120 170 100
130 170 100
140 170 100
150 170 100
160 170 100
170 170 100
180 170 100
190 170 100
50 130 100
60 130 100
70 130 100
80 130 100
90 130 100
100 130 100
110 130 100
120 130 100
130 130 100
50 140 100
60 140 100
70 140 100
80 140 100
90 140 100
100 140 100
110 140 100
120 140 100
130 140 100
50 150 100
60 150 100
70 150 100
80 150 100
90 150 100
100 150 100
110 150 100
120 150 100
130 150 100
50 160 100
60 160 100
70 160 100
80 160 100
90 160 100
100 160 100
110 160 100
130 160 100
50 170 100
60 170 100
70 170 100
80 170 100
90 170 100
100 170 100
110 170 100
50 180 100
60 180 100
70 180 100
80 180 100
90 180 100
100 180 100
110 180 100
120 180 100
130 180 100
50 190 100
60 190 100
70 190 100
80 190 100
90 190 100
100 190 100
110 190 100
120 190 100
130 190 100
140 140 100
150 140 100
160 140 100
140 150 100
150 150 100
160 150 100
140 160 100
150 160 100
140 170 100
140 180 100
150 180 100
160 180 100
170 180 100
180 180 100
190 180 100
140 190 100
150 190 100
160 190 100
170 190 100
180 190 100
190 190 100
0 30 100
10 30 100
20 30 100
30 30 100
40 30 100
50 30 100
0 40 100
10 40 100
20 40 100
30 40 100
40 40 100
50 40 100
0 50 100
10 50 100
20 50 100
30 50 100
40 50 100
50 50 100
0 60 100
10 60 100
20 60 100
30 60 100
40 60 100
50 60 100
0 70 100
10 70 100
20 70 100
30 70 100
40 70 100
50 70 100
0 80 100
10 80 100
20 80 100
30 80 100
40 80 100
50 80 100
0 90 100
10 90 100
20 90 100
30 90 100
40 90 100
50 90 100
0 100 100
10 100 100
20 100 100
30 100 100
40 100 100
50 100 100
0 110 100
10 110 100
20 110 100
30 110 100
40 110 100
50 110 100
60 0 100
70 0 100
80 0 100
90 0 100
100 0 100
110 0 100
60 10 100
70 10 100
80 10 100
90 10 100
100 10 100
110 10 100
140 10 100
60 20 100
70 20 100
80 20 100
90 20 100
100 20 100
110 20 100
120 20 100
130 20 100
140 20 100
60 30 100
70 30 100
80 30 100
90 30 100
100 30 100
110 30 100
120 30 100
130 30 100
140 30 100
60 40 100
70 40 100
80 40 100
90 40 100
100 40 100
110 40 100
120 40 100
130 40 100
140 40 100
60 50 100
70 50 100
80 50 100
90 50 100
100 50 100
110 50 100
120 50 100
130 50 100
140 50 100
60 60 100
70 60 100
80 60 100
90 60 100
100 60 100
110 60 100
120 60 100
130 60 100
140 60 100
20 20 100
30 20 100
40 20 100
50 20 100
60 20 100
20 30 100
30 30 100
40 30 100
50 30 100
20 40 100
30 40 100
90 40 100
100 40 100
20 50 100
90 50 100
100 50 100
90 60 100
100 60 100
60 70 100
70 70 100
80 70 100
90 70 100
100 70 100
60 80 100
70 80 100
80 80 100
90 80 100
100 80 100
40 90 100
50 90 100
60 90 100
70 90 100
80 90 100
90 90 100
100 90 100
40 100 100
50 100 100
60 100 100
70 100 100
80 100 100
90 100 100
100 100 100
150 40 100
180 40 100
190 40 100
150 50 100
160 50 100
180 50 100
190 50 100
150 60 100
160 60 100
170 60 100
180 60 100
190 60 100
150 70 100
160 70 100
170 70 100
180 70 100
190 70 100
150 80 100
160 80 100
170 80 100
180 80 100
190 80 100
150 90 100
160 90 100
170 90 100
180 90 100
150 100 100
160 100 100
170 100 100
180 100 100
190 100 100
180 110 100
160 120 100
170 120 100
180 120 100
190 120 100
163 135 100
162 135 100
162 134 100
161 134 100
161 133 100
160 133 100
160 133 100
160 132 100
160 131 100
160 129 100
160 128 100
160 127 100
160 126 100
160 125 100
160 125 100
160 124 100
160 124 100
160 123 100
160 123 100
160 123 100
160 122 100
160 122 100
160 122 100
160 121 100
160 121 100
160 121 100
160 120 100
160 119 100
160 119 100
160 119 100
160 118 100
160 118 100
160 118 100
160 117 100
160 117 100
160 116 100
160 116 100
160 115 100
160 115 100
160 114 100
160 113 100
160 112 100
160 111 100
161 110 100
162 110 100
163 110 100
164 110 100
165 110 100
166 110 100
167 110 100
168 110 100
169 110 100
171 110 100
172 110 100
173 110 100
174 110 100
175 110 100
176 110 100
177 110 100
178 110 100
178 110 100
179 110 100
179 110 100
181 110 100
181 110 100
182 110 100
183 110 100
184 110 100
185 110 100
186 110 100
187 110 100
188 110 100
189 110 100
190 109 100
190 109 100
190 108 100
190 108 100
190 107 100
190 107 100
190 106 100
190 106 100
190 105 100
190 105 100
190 104 100
190 104 100
190 103 100
190 103 100
190 102 100
190 102 100
190 101 100
190 101 100
190 99 100
190 99 100
190 98 100
190 98 100
190 97 100
190 96 100
190 95 100
190 94 100
190 93 100
190 92 100
190 91 100
190 89 100
190 88 100
190 87 100
190 86 100
190 85 100
190 84 100
190 83 100
190 82 100
190 81 100
189 80 100
189 80 100
189 79 100
189 79 100
188 79 100
188 79 100
188 78 100
188 78 100
187 78 100
187 78 100
187 78 100
187 77 100
187 77 100
187 77 100
187 77 100
186 77 100
186 77 100
186 77 100
186 77 100
186 77 100
186 76 100
186 76 100
186 76 100
186 76 100
186 76 100
185 76 100
185 76 100
185 76 100
185 76 100
185 76 100
185 76 100
185 76 100
185 75 100
185 75 100
185 75 100
185 75 100
185 75 100
185 75 100
185 75 100
185 75 100
184 75 100
184 75 100
184 75 100
184 75 100
184 75 100
184 75 100
184 75 100
184 75 100
184 75 100
184 75 100
184 74 100
184 74 100
184 74 100
184 74 100
184 74 100
184 74 100
184 74 100
184 74 100
184 74 100
184 74 100
183 74 100
183 74 100
183 74 100
183 74 100
183 74 100
183 74 100
183 74 100
183 74 100
183 74 100
183 74 100
183 74 100
183 74 100
183 74 100
183 73 100
183 73 100
183 73 100
183 73 100
183 73 100
183 73 100
183 73 100
183 73 100
183 73 100
183 73 100
183 73 100
183 73 100
182 73 100
182 73 100
182 73 100
182 73 100
182 73 100
182 73 100
182 73 100
182 73 100
182 73 100
182 73 100
182 73 100
182 73 100
182 73 100
182 73 100
182 73 100
182 72 100
182 72 100
182 72 100
182 72 100
182 72 100
182 72 100
182 72 100
182 72 100
182 72 100
182 72 100
182 72 100
182 72 100
182 72 100
182 72 100
181 72 100
181 72 100
181 72 100
181 72 100
181 72 100
181 72 100
181 72 100
181 72 100
181 72 100
181 72 100
181 72 100
181 72 100
181 72 100
181 72 100
181 72 100
181 72 100
181 72 100
181 71 100
181 71 100
181 71 100
181 71 100
181 71 100
181 71 100
181 71 100
181 71 100
181 71 100
181 71 100
181 71 100
181 71 100
181 71 100
181 71 100
181 71 100
181 71 100
180 71 100
180 71 100
180 71 100
180 71 100
180 71 100
180 71 100
180 71 100
180 71 100
180 71 100
180 71 100
180 71 100
180 71 100
180 71 100
180 71 100
180 71 100
180 71 100
180 71 100
180 71 100
180 70 100
180 70 100
180 70 100
180 70 100
180 70 100
180 70 100
180 70 100
180 70 100
180 70 100
180 70 100
180 70 100
180 70 100
180 70 100
180 70 100
179 70 100
179 70 100
179 70 100
179 70 100
179 70 100
179 70 100
179 70 100
179 70 100
179 70 100
179 70 100
179 70 100
179 70 100
179 70 100
179 70 100
179 70 100
179 70 100
179 70 100
179 70 100
179 69 100
179 69 100
179 69 100
179 69 100
179 69 100
179 69 100
179 69 100
179 69 100
179 69 100
179 69 100
179 69 100
179 69 100
179 69 100
179 69 100
179 69 100
179 69 100
178 69 100
178 69 100
178 69 100
178 69 100
178 69 100
178 69 100
178 69 100
178 69 100
178 69 100
178 69 100
178 69 100
178 69 100
178 69 100
178 69 100
178 69 100
178 69 100
178 69 100
178 68 100
178 68 100
178 68 100
178 68 100
178 68 100
178 68 100
178 68 100
178 68 100
178 68 100
178 68 100
178 68 100
178 68 100
178 68 100
178 68 100
178 68 100
177 68 100
177 68 100
177 68 100
177 68 100
177 68 100
177 68 100
177 68 100
177 68 100
177 68 100
177 68 100
177 68 100
177 68 100
177 68 100
177 68 100
177 68 100
177 67 100
177 67 100
177 67 100
177 67 100
177 67 100
177 67 100
177 67 100
177 67 100
177 67 100
177 67 100
177 67 100
177 67 100
177 67 100
176 67 100
176 67 100
176 67 100
176 67 100
176 67 100
176 67 100
176 67 100
176 67 100
176 67 100
176 67 100
176 67 100
176 67 100
176 67 100
176 66 100
176 66 100
176 66 100
176 66 100
176 66 100
176 66 100
176 66 100
176 66 100
176 66 100
176 66 100
176 66 100
175 66 100
175 66 100
175 66 100
175 66 100
175 66 100
175 66 100
175 66 100
175 66 100
175 66 100
175 66 100
175 66 100
175 65 100
175 65 100
175 65 100
175 65 100
175 65 100
175 65 100
175 65 100
175 65 100
175 65 100
174 65 100
174 65 100
174 65 100
174 65 100
174 65 100
174 65 100
174 65 100
174 65 100
174 65 100
174 64 100
174 64 100
174 64 100
174 64 100
174 64 100
174 64 100
174 64 100
174 64 100
173 64 100
173 64 100
173 64 100
173 64 100
173 64 100
173 64 100
173 64 100
173 64 100
173 63 100
173 63 100
173 63 100
173 63 100
173 63 100
173 63 100
173 63 100
173 63 100
172 63 100
172 63 100
172 63 100
172 63 100
172 63 100
172 63 100
172 63 100
172 63 100
172 62 100
172 62 100
172 62 100
172 62 100
172 62 100
172 62 100
172 62 100
172 62 100
171 62 100
171 62 100
171 62 100
171 62 100
171 62 100
171 62 100
171 62 100
171 62 100
171 62 100
171 61 100
171 61 100
171 61 100
171 61 100
171 61 100
171 61 100
171 61 100
171 61 100
170 61 100
170 61 100
170 61 100
170 61 100
170 61 100
170 61 100
170 61 100
170 61 100
170 61 100
170 60 100
170 60 100
170 60 100
170 60 100
170 60 100
170 60 100
170 59 100
170 59 100
170 59 100
170 59 100
170 59 100
170 59 100
170 59 100
170 58 100
170 58 100
170 58 100
170 58 100
170 58 100
170 58 100
170 57 100
170 57 100
170 57 100
170 57 100
170 57 100
170 56 100
170 56 100
170 56 100
170 56 100
170 55 100
170 55 100
170 55 100
170 54 100
170 54 100
170 53 100
170 53 100
170 52 100
170 52 100
170 51 100
170 49 100
170 48 100
170 47 100
170 46 100
170 45 100
170 44 100
170 43 100
170 42 100
170 41 100
170 39 100
170 38 100
170 37 100
170 36 100
170 35 100
170 34 100
170 33 100
170 32 100
170 31 100
169 30 100
169 31 100
168 31 100
168 32 100
167 32 100
166 32 100
165 32 100
164 32 100
163 32 100
98 174 100
99 174 100
99 175 100
100 175 100
100 176 100
100 177 100
100 178 100
100 179 100
101 180 100
102 180 100
103 180 100
104 180 100
105 180 100
106 180 100
107 180 100
108 180 100
109 180 100
111 180 100
112 180 100
113 180 100
114 180 100
115 180 100
116 180 100
117 180 100
118 180 100
119 180 100
121 180 100
122 180 100
123 180 100
124 180 100
125 180 100
126 180 100
127 180 100
128 180 100
129 180 100
131 180 100
132 180 100
133 180 100
134 180 100
135 180 100
136 180 100
137 180 100
138 180 100
139 180 100
141 180 100
142 180 100
143 180 100
144 180 100
145 180 100
146 180 100
147 180 100
148 180 100
149 180 100
150 179 100
150 178 100
150 177 100
150 176 100
150 175 100
150 174 100
150 173 100
150 172 100
150 171 100
151 170 100
152 170 100
153 170 100
154 170 100
155 170 100
156 170 100
157 170 100
158 170 100
159 170 100
160 169 100
160 168 100
160 167 100
160 166 100
160 165 100
160 164 100
160 163 100
160 162 100
160 161 100
161 160 100
162 160 100
163 160 100
164 160 100
165 160 100
166 160 100
167 160 100
168 160 100
169 160 100
170 159 100
170 158 100
170 157 100
170 156 100
170 155 100
170 154 100
170 153 100
170 152 100
170 151 100
170 149 100
170 148 100
170 147 100
170 146 100
170 145 100
170 144 100
170 143 100
170 142 100
170 141 100
169 140 100
169 139 100
168 139 100
168 138 100
167 138 100
167 137 100
166 137 100
166 136 100
165 136 100
165 135 100
164 135 100
188 182 100
187 182 100
187 181 100
186 181 100
186 180 100
185 180 100
184 180 100
183 180 100
182 180 100
181 180 100
179 180 100
178 180 100
177 180 100
176 180 100
175 180 100
174 180 100
173 180 100
172 180 100
171 180 100
170 179 100
170 178 100
170 177 100
170 176 100
170 175 100
170 174 100
170 173 100
170 172 100
170 171 100
170 169 100
170 168 100
170 167 100
170 166 100
170 165 100
170 164 100
170 163 100
170 162 100
170 161 100
11 76 100
10 76 100
10 77 100
10 78 100
10 79 100
11 80 100
12 80 100
13 80 100
14 80 100
15 80 100
16 80 100
17 80 100
18 80 100
19 80 100
21 80 100
22 80 100
23 80 100
24 80 100
25 80 100
26 80 100
27 80 100
28 80 100
29 80 100
31 80 100
32 80 100
33 80 100
34 80 100
35 80 100
36 80 100
37 80 100
38 80 100
39 80 100
41 80 100
42 80 100
43 80 100
44 80 100
45 80 100
46 80 100
47 80 100
48 80 100
49 80 100
51 80 100
52 80 100
53 80 100
54 80 100
55 80 100
56 80 100
57 80 100
58 80 100
59 80 100
61 80 100
62 80 100
63 80 100
64 80 100
65 80 100
66 80 100
67 80 100
68 80 100
69 80 100
71 80 100
72 80 100
73 80 100
74 80 100
75 80 100
76 80 100
77 80 100
78 80 100
79 80 100
80 81 100
80 82 100
80 83 100
80 84 100
80 85 100
80 86 100
80 87 100
80 88 100
80 89 100
81 90 100
82 90 100
83 90 100
84 90 100
85 90 100
86 90 100
87 90 100
88 90 100
89 90 100
91 90 100
92 90 100
93 90 100
94 90 100
95 90 100
96 90 100
97 90 100
98 90 100
99 90 100
100 91 100
100 92 100
100 93 100
100 94 100
100 95 100
100 96 100
100 97 100
100 98 100
100 99 100
101 100 100
101 100 100
102 100 100
102 100 100
103 100 100
103 100 100
104 100 100
104 100 100
105 100 100
105 100 100
105 100 100
106 100 100
106 100 100
106 100 100
107 100 100
107 100 100
107 100 100
107 100 100
108 100 100
108 100 100
108 100 100
108 100 100
108 100 100
109 100 100
109 100 100
109 100 100
109 100 100
109 100 100
109 100 100
110 100 100
110 100 100
110 100 100
110 100 100
110 100 100
110 100 100
110 100 100
111 100 100
111 100 100
111 100 100
111 100 100
111 100 100
111 100 100
111 100 100
111 100 100
112 100 100
112 100 100
112 100 100
112 100 100
112 100 100
112 100 100
112 100 100
112 100 100
112 100 100
113 100 100
113 100 100
113 100 100
113 100 100
113 100 100
113 100 100
113 100 100
113 100 100
113 100 100
114 100 100
114 100 100
114 100 100
114 100 100
114 100 100
114 100 100
114 100 100
114 100 100
115 100 100
115 100 100
115 100 100
115 100 100
115 100 100
115 100 100
115 100 100
116 100 100
116 100 100
116 100 100
116 100 100
116 100 100
116 100 100
117 100 100
117 100 100
117 100 100
117 100 100
117 100 100
118 100 100
118 100 100
118 100 100
118 100 100
119 100 100
119 100 100
119 100 100
120 100 100
120 100 100
121 100 100
121 100 100
122 100 100
122 100 100
123 100 100
124 100 100
125 100 100
126 100 100
127 100 100
128 100 100
129 100 100
131 100 100
132 100 100
133 100 100
134 100 100
135 100 100
136 100 100
137 100 100
138 100 100
139 100 100
140 101 100
140 102 100
140 103 100
140 104 100
140 105 100
140 106 100
140 107 100
140 108 100
140 109 100
141 110 100
142 110 100
143 110 100
144 110 100
145 110 100
146 110 100
147 110 100
148 110 100
149 110 100
151 110 100
152 110 100
153 110 100
154 110 100
155 110 100
156 110 100
157 110 100
158 110 100
159 110 100
100 21 100
100 22 100
100 23 100
100 24 100
100 25 100
100 26 100
100 27 100
100 28 100
100 29 100
99 30 100
98 30 100
97 30 100
96 30 100
95 30 100
94 30 100
93 30 100
92 30 100
91 30 100
90 31 100
90 32 100
90 33 100
90 34 100
90 35 100
90 36 100
90 37 100
90 38 100
90 39 100
90 41 100
90 41 100
90 42 100
90 42 100
90 43 100
90 43 100
90 44 100
90 44 100
90 45 100
90 45 100
90 46 100
90 46 100
90 47 100
90 47 100
90 48 100
90 48 100
90 49 100
90 49 100
90 51 100
90 51 100
90 51 100
90 52 100
90 52 100
90 52 100
90 53 100
90 53 100
90 53 100
90 53 100
90 54 100
90 54 100
90 54 100
90 54 100
90 55 100
90 55 100
90 55 100
90 55 100
90 56 100
90 56 100
90 56 100
90 56 100
90 57 100
90 57 100
90 57 100
90 57 100
90 58 100
90 58 100
90 58 100
90 59 100
90 59 100
90 59 100
90 61 100
90 61 100
90 62 100
90 62 100
90 63 100
90 64 100
90 65 100
90 66 100
90 67 100
90 68 100
90 69 100
90 71 100
90 72 100
90 73 100
90 74 100
90 75 100
90 76 100
90 77 100
90 78 100
90 79 100
90 81 100
90 82 100
90 83 100
90 84 100
90 85 100
90 86 100
90 87 100
90 88 100
90 89 100
61 61 100
60 61 100
60 62 100
60 63 100
60 64 100
60 65 100
60 66 100
60 67 100
60 68 100
60 69 100
60 71 100
60 72 100
60 73 100
60 74 100
60 75 100
60 76 100
60 77 100
60 78 100
60 79 100
194 88 100
193 88 100
193 89 100
192 89 100
192 90 100
191 90 100
