# score 112528
120 60 100
130 60 100
140 60 100
150 60 100
160 60 100
170 60 100
180 60 100
190 60 100
120 70 100
130 70 100
140 70 100
150 70 100
160 70 100
170 70 100
180 70 100
190 70 100
120 80 100
130 80 100
140 80 100
150 80 100
160 80 100
170 80 100
180 80 100
190 80 100
120 90 100
130 90 100
140 90 100
150 90 100
160 90 100
170 90 100
180 90 100
190 90 100
120 100 100
130 100 100
140 100 100
150 100 100
160 100 100
170 100 100
180 100 100
190 100 100
120 110 100
130 110 100
140 110 100
150 110 100
160 110 100
170 110 100
180 110 100
190 110 100
120 120 100
130 120 100
140 120 100
150 120 100
160 120 100
170 120 100
180 120 100
190 120 100
120 130 100
130 130 100
140 130 100
150 130 100
160 130 100
170 130 100
180 130 100
190 130 100
120 140 100
130 140 100
140 140 100
150 140 100
160 140 100
170 140 100
180 140 100
190 140 100
140 140 100
160 140 100
140 150 100
150 150 100
160 150 100
170 150 100
180 150 100
190 150 100
140 160 100
150 160 100
160 160 100
170 160 100
180 160 100
190 160 100
140 170 100
150 170 100
160 170 100
170 170 100
180 170 100
190 170 100
140 180 100
150 180 100
160 180 100
170 180 100
180 180 100
190 180 100
140 190 100
150 190 100
160 190 100
170 190 100
180 190 100
190 190 100
0 0 100
10 0 100
20 0 100
30 0 100
40 0 100
50 0 100
60 0 100
70 0 100
80 0 100
0 10 100
10 10 100
20 10 100
30 10 100
40 10 100
50 10 100
60 10 100
70 10 100
80 10 100
0 20 100
10 20 100
20 20 100
30 20 100
40 20 100
50 20 100
60 20 100
70 20 100
80 20 100
0 30 100
10 30 100
20 30 100
30 30 100
40 30 100
50 30 100
60 30 100
70 30 100
80 30 100
0 40 100
10 40 100
20 40 100
30 40 100
40 40 100
50 40 100
60 40 100
70 40 100
80 40 100
0 60 100
10 60 100
20 60 100
30 60 100
40 60 100
50 60 100
60 60 100
70 60 100
80 60 100
0 70 100
10 70 100
20 70 100
30 70 100
40 70 100
50 70 100
60 70 100
70 70 100
80 70 100
0 80 100
10 80 100
20 80 100
30 80 100
40 80 100
50 80 100
60 80 100
70 80 100
80 80 100
0 90 100
10 90 100
20 90 100
30 90 100
40 90 100
50 90 100
60 90 100
70 90 100
80 90 100
0 100 100
10 100 100
20 100 100
30 100 100
40 100 100
50 100 100
60 100 100
70 100 100
80 100 100
0 110 100
10 110 100
20 110 100
30 110 100
40 110 100
50 110 100
60 110 100
70 110 100
80 110 100
0 120 100
10 120 100
20 120 100
30 120 100
40 120 100
50 120 100
60 120 100
70 120 100
80 120 100
0 130 100
10 130 100
20 130 100
30 130 100
40 130 100
50 130 100
60 130 100
70 130 100
80 130 100
0 140 100
10 140 100
20 140 100
30 140 100
40 140 100
50 140 100
60 140 100
70 140 100
80 140 100
140 0 100
150 0 100
160 0 100
170 0 100
180 0 100
190 0 100
140 10 100
150 10 100
160 10 100
170 10 100
180 10 100
190 10 100
140 20 100
150 20 100
160 20 100
170 20 100
180 20 100
190 20 100
140 30 100
150 30 100
160 30 100
170 30 100
180 30 100
190 30 100
140 40 100
150 40 100
160 40 100
170 40 100
180 40 100
190 40 100
140 50 100
150 50 100
160 50 100
170 50 100
180 50 100
190 50 100
140 60 100
180 60 100
170 70 100
180 70 100
190 70 100
170 80 100
180 80 100
20 140 100
30 140 100
40 140 100
50 140 100
60 140 100
90 140 100
100 140 100
20 150 100
30 150 100
40 150 100
50 150 100
60 150 100
70 150 100
80 150 100
90 150 100
100 150 100
20 160 100
30 160 100
40 160 100
50 160 100
60 160 100
70 160 100
80 160 100
90 160 100
100 160 100
20 170 100
30 170 100
40 170 100
50 170 100
60 170 100
70 170 100
80 170 100
90 170 100
100 170 100
20 180 100
30 180 100
40 180 100
50 180 100
60 180 100
70 180 100
80 180 100
90 180 100
100 180 100
20 190 100
30 190 100
40 190 100
50 190 100
60 190 100
70 190 100
80 190 100
90 190 100
100 190 100
90 90 100
100 90 100
110 90 100
120 90 100
130 90 100
140 90 100
90 100 100
100 100 100
110 100 100
120 100 100
130 100 100
140 100 100
150 100 100
80 110 100
90 110 100
100 110 100
110 110 100
140 110 100
150 110 100
160 110 100
80 120 100
90 120 100
100 120 100
110 120 100
120 120 100
150 120 100
160 120 100
80 130 100
90 130 100
100 130 100
110 130 100
140 130 100
150 130 100
160 130 100
90 140 100
100 140 100
110 140 100
140 140 100
160 140 100
100 150 100
110 150 100
120 150 100
130 150 100
140 150 100
160 150 100
80 160 100
90 160 100
100 160 100
110 160 100
120 160 100
130 160 100
140 160 100
160 160 100
80 170 100
90 170 100
110 170 100
120 170 100
130 170 100
140 170 100
60 110 100
70 110 100
80 110 100
90 110 100
100 110 100
40 120 100
70 120 100
80 120 100
110 120 100
40 130 100
50 130 100
70 130 100
90 130 100
100 130 100
110 130 100
50 140 100
60 140 100
90 140 100
100 140 100
110 140 100
60 150 100
100 150 100
110 150 100
120 150 100
40 160 100
50 160 100
60 160 100
100 160 100
110 160 100
120 160 100
40 170 100
50 170 100
60 170 100
80 170 100
90 170 100
110 170 100
40 180 100
50 180 100
110 180 100
120 180 100
40 190 100
100 190 100
110 190 100
120 190 100
130 90 100
140 90 100
180 90 100
130 100 100
140 100 100
150 100 100
190 100 100
140 110 100
150 110 100
160 110 100
150 120 100
160 120 100
170 120 100
150 130 100
160 130 100
170 130 100
140 140 100
130 150 100
160 150 100
170 150 100
130 160 100
140 160 100
160 160 100
170 160 100
180 160 100
190 160 100
130 170 100
140 170 100
180 170 100
190 170 100
100 20 100
110 20 100
120 20 100
130 20 100
140 20 100
150 20 100
160 20 100
170 20 100
180 20 100
100 30 100
110 30 100
120 30 100
130 30 100
140 30 100
170 30 100
180 30 100
100 40 100
110 40 100
120 40 100
130 40 100
140 40 100
150 40 100
100 50 100
110 50 100
120 50 100
130 50 100
140 50 100
150 50 100
100 60 100
110 60 100
130 60 100
140 60 100
180 60 100
100 70 100
110 70 100
120 70 100
170 70 100
180 70 100
100 80 100
110 80 100
130 80 100
170 80 100
180 80 100
100 90 100
120 90 100
130 90 100
140 90 100
180 90 100
100 100 100
110 100 100
120 100 100
130 100 100
140 100 100
150 100 100
10 20 100
20 20 100
60 20 100
70 20 100
80 20 100
10 30 100
20 30 100
30 30 100
70 30 100
80 30 100
10 40 100
20 40 100
30 40 100
40 40 100
60 40 100
70 40 100
80 40 100
0 50 100
10 50 100
20 50 100
30 50 100
40 50 100
50 50 100
60 50 100
70 50 100
80 50 100
0 60 100
20 60 100
30 60 100
60 60 100
70 60 100
0 70 100
10 70 100
20 70 100
30 70 100
70 70 100
80 70 100
10 80 100
20 80 100
30 80 100
60 80 100
70 80 100
80 80 100
10 90 100
20 90 100
30 90 100
60 90 100
70 90 100
0 100 100
10 100 100
20 100 100
70 100 100
48 103 100
49 103 100
49 102 100
50 102 100
50 101 100
50 99 100
50 98 100
50 97 100
50 96 100
50 95 100
50 94 100
50 93 100
50 92 100
50 91 100
50 89 100
50 88 100
50 87 100
50 86 100
50 85 100
50 84 100
50 83 100
50 82 100
50 81 100
50 79 100
50 78 100
50 77 100
50 76 100
50 75 100
50 74 100
50 73 100
50 72 100
50 71 100
50 69 100
50 68 100
50 67 100
50 66 100
50 65 100
50 64 100
50 63 100
50 62 100
50 61 100
50 59 100
50 58 100
50 57 100
50 56 100
50 55 100
50 54 100
50 53 100
50 52 100
50 51 100
50 49 100
50 48 100
50 47 100
50 47 100
50 46 100
50 46 100
50 45 100
50 44 100
50 43 100
50 42 100
50 41 100
50 39 100
50 38 100
50 37 100
50 36 100
50 35 100
50 34 100
50 33 100
50 32 100
50 31 100
50 29 100
50 28 100
50 27 100
50 26 100
50 25 100
50 24 100
50 23 100
50 22 100
50 21 100
50 19 100
50 18 100
50 17 100
50 16 100
50 15 100
50 14 100
50 13 100
50 12 100
50 11 100
49 10 100
49 9 100
48 9 100
48 8 100
47 8 100
47 7 100
46 7 100
46 6 100
45 6 100
45 5 100
44 5 100
185 41 100
184 41 100
184 40 100
183 40 100
182 40 100
181 40 100
179 40 100
178 40 100
177 40 100
176 40 100
175 40 100
174 40 100
173 40 100
172 40 100
171 40 100
170 41 100
170 42 100
170 43 100
170 44 100
170 45 100
170 46 100
170 47 100
170 48 100
170 49 100
169 50 100
168 50 100
167 50 100
166 50 100
165 50 100
164 50 100
163 50 100
162 50 100
161 50 100
160 51 100
160 52 100
160 53 100
160 54 100
160 55 100
160 56 100
160 57 100
160 58 100
160 59 100
160 61 100
160 62 100
160 63 100
160 64 100
160 65 100
160 66 100
160 67 100
160 68 100
160 69 100
160 71 100
160 72 100
160 73 100
160 74 100
160 75 100
160 76 100
160 77 100
160 78 100
160 79 100
160 81 100
160 82 100
160 83 100
160 84 100
160 85 100
160 86 100
160 87 100
160 88 100
160 89 100
160 91 100
160 92 100
160 93 100
160 94 100
160 95 100
160 96 100
160 97 100
160 98 100
160 99 100
161 100 100
162 100 100
163 100 100
164 100 100
63 186 100
62 186 100
62 185 100
61 185 100
61 184 100
60 184 100
60 183 100
60 182 100
60 181 100
61 180 100
62 180 100
63 180 100
64 180 100
65 180 100
66 180 100
67 180 100
68 180 100
69 180 100
70 179 100
70 178 100
70 177 100
70 176 100
70 175 100
70 174 100
70 173 100
70 172 100
70 171 100
70 169 100
70 168 100
70 167 100
70 166 100
70 165 100
70 164 100
70 163 100
70 162 100
70 161 100
70 159 100
70 158 100
70 157 100
70 156 100
70 155 100
70 154 100
70 153 100
70 152 100
70 151 100
70 149 100
70 148 100
70 147 100
70 146 100
70 145 100
70 144 100
70 143 100
70 142 100
70 141 100
70 139 100
70 138 100
70 137 100
70 136 100
70 135 100
70 134 100
70 133 100
70 132 100
70 131 100
69 130 100
68 130 100
67 130 100
66 130 100
65 130 100
64 130 100
63 130 100
62 130 100
61 130 100
60 129 100
60 128 100
60 127 100
60 126 100
60 125 100
60 124 100
60 123 100
60 122 100
60 121 100
59 120 100
58 120 100
57 120 100
56 120 100
55 120 100
54 120 100
53 120 100
52 120 100
51 120 100
50 119 100
50 118 100
50 117 100
50 116 100
50 115 100
50 114 100
50 113 100
50 112 100
50 111 100
49 110 100
49 109 100
48 109 100
48 108 100
48 107 100
48 106 100
48 105 100
48 104 100
128 136 100
129 136 100
129 137 100
130 137 100
130 138 100
130 139 100
130 141 100
130 141 100
130 142 100
130 142 100
130 143 100
130 143 100
130 144 100
130 144 100
130 145 100
130 145 100
130 146 100
130 147 100
130 148 100
130 149 100
131 150 100
131 150 100
132 150 100
132 150 100
133 150 100
133 150 100
134 150 100
134 150 100
135 150 100
135 150 100
136 150 100
136 150 100
137 150 100
137 150 100
138 150 100
138 150 100
139 150 100
139 150 100
141 150 100
141 150 100
142 150 100
143 150 100
144 150 100
145 150 100
146 150 100
147 150 100
148 150 100
149 150 100
150 151 100
150 152 100
150 153 100
150 154 100
150 155 100
150 156 100
150 157 100
150 158 100
150 159 100
150 161 100
150 162 100
150 162 100
150 163 100
150 163 100
150 164 100
150 164 100
150 165 100
150 165 100
150 166 100
150 166 100
150 167 100
150 167 100
150 168 100
150 168 100
150 169 100
150 171 100
150 172 100
150 173 100
150 174 100
150 175 100
150 176 100
150 177 100
150 178 100
150 179 100
151 180 100
152 180 100
153 180 100
154 180 100
155 180 100
156 180 100
157 180 100
158 180 100
159 180 100
161 180 100
162 180 100
163 180 100
164 180 100
165 180 100
166 180 100
167 180 100
168 180 100
169 180 100
170 181 100
170 182 100
170 183 100
170 184 100
170 185 100
170 186 100
170 187 100
170 188 100
170 189 100
171 190 100
172 190 100
173 190 100
174 190 100
175 190 100
176 190 100
177 190 100
178 190 100
179 190 100
180 189 100
180 188 100
85 158 100
85 158 100
84 158 100
84 159 100
84 159 100
83 159 100
83 159 100
83 160 100
83 160 100
83 160 100
82 160 100
82 160 100
81 160 100
81 160 100
79 160 100
78 160 100
77 160 100
76 160 100
75 160 100
74 160 100
73 160 100
72 160 100
71 160 100
175 135 100
174 135 100
174 136 100
173 136 100
173 137 100
172 137 100
172 138 100
171 138 100
171 139 100
170 139 100
169 140 100
169 140 100
168 140 100
168 140 100
168 140 100
167 140 100
167 140 100
167 140 100
166 140 100
166 140 100
166 140 100
166 140 100
165 140 100
165 140 100
165 140 100
165 140 100
164 140 100
164 140 100
164 140 100
164 140 100
163 140 100
163 140 100
163 140 100
163 140 100
162 140 100
162 140 100
162 140 100
162 140 100
161 140 100
161 140 100
161 140 100
161 140 100
159 140 100
159 140 100
158 140 100
158 140 100
157 140 100
157 140 100
156 140 100
155 140 100
154 140 100
153 140 100
152 140 100
151 140 100
150 141 100
150 142 100
150 143 100
150 144 100
150 145 100
150 146 100
150 147 100
150 148 100
150 149 100
147 68 100
148 68 100
148 69 100
149 69 100
149 70 100
151 70 100
152 70 100
153 70 100
154 70 100
155 70 100
156 70 100
157 70 100
158 70 100
159 70 100
41 69 100
42 69 100
42 70 100
43 70 100
44 70 100
45 70 100
46 70 100
47 70 100
48 70 100
49 70 100
