# score 702696
20 110 100
30 110 100
40 110 100
50 110 100
60 110 100
70 110 100
80 110 100
90 110 100
100 110 100
20 120 100
30 120 100
40 120 100
50 120 100
60 120 100
70 120 100
80 120 100
90 120 100
100 120 100
20 130 100
30 130 100
40 130 100
50 130 100
60 130 100
70 130 100
80 130 100
90 130 100
100 130 100
20 140 100
30 140 100
40 140 100
50 140 100
60 140 100
70 140 100
80 140 100
90 140 100
100 140 100
20 150 100
30 150 100
40 150 100
50 150 100
60 150 100
70 150 100
80 150 100
90 150 100
100 150 100
20 160 100
30 160 100
40 160 100
50 160 100
60 160 100
70 160 100
80 160 100
90 160 100
100 160 100
20 170 100
30 170 100
40 170 100
50 170 100
60 170 100
70 170 100
80 170 100
90 170 100
100 170 100
20 180 100
30 180 100
40 180 100
50 180 100
60 180 100
70 180 100
80 180 100
90 180 100
100 180 100
20 190 100
30 190 100
40 190 100
50 190 100
60 190 100
70 190 100
80 190 100
90 190 100
100 190 100
100 0 100
110 0 100
120 0 100
130 0 100
140 0 100
150 0 100
160 0 100
170 0 100
180 0 100
100 10 100
110 10 100
120 10 100
130 10 100
140 10 100
150 10 100
160 10 100
170 10 100
180 10 100
100 20 100
110 20 100
120 20 100
130 20 100
140 20 100
150 20 100
160 20 100
170 20 100
180 20 100
100 30 100
110 30 100
120 30 100
130 30 100
140 30 100
150 30 100
160 30 100
170 30 100
180 30 100
100 40 100
110 40 100
120 40 100
130 40 100
140 40 100
150 40 100
160 40 100
170 40 100
180 40 100
100 50 100
110 50 100
120 50 100
130 50 100
140 50 100
150 50 100
160 50 100
170 50 100
180 50 100
140 0 100
150 0 100
160 0 100
170 0 100
180 0 100
190 0 100
140 10 100
150 10 100
160 10 100
170 10 100
180 10 100
190 10 100
150 20 100
160 20 100
170 20 100
180 20 100
190 20 100
160 30 100
170 30 100
180 30 100
190 30 100
140 40 100
160 40 100
170 40 100
180 40 100
190 40 100
0 70 100
10 70 100
20 70 100
30 70 100
40 70 100
50 70 100
0 80 100
10 80 100
20 80 100
30 80 100
40 80 100
50 80 100
0 90 100
10 90 100
20 90 100
30 90 100
40 90 100
50 90 100
0 100 100
10 100 100
20 100 100
30 100 100
40 100 100
50 100 100
0 110 100
10 110 100
20 110 100
40 110 100
50 110 100
0 120 100
10 120 100
50 120 100
0 130 100
10 130 100
20 130 100
50 130 100
0 140 100
10 140 100
20 140 100
30 140 100
0 150 100
10 150 100
20 150 100
30 150 100
40 150 100
50 150 100
80 100 100
90 100 100
100 100 100
110 100 100
120 100 100
130 100 100
140 100 100
150 100 100
160 100 100
80 110 100
90 110 100
100 110 100
110 110 100
120 110 100
130 110 100
140 110 100
150 110 100
160 110 100
80 120 100
90 120 100
100 120 100
110 120 100
120 120 100
130 120 100
140 120 100
150 120 100
160 120 100
80 130 100
90 130 100
100 130 100
110 130 100
120 130 100
130 130 100
140 130 100
150 130 100
160 130 100
80 140 100
90 140 100
100 140 100
110 140 100
120 140 100
130 140 100
140 140 100
150 140 100
160 140 100
90 150 100
100 150 100
110 150 100
120 150 100
130 150 100
140 150 100
150 150 100
160 150 100
80 160 100
90 160 100
100 160 100
110 160 100
120 160 100
130 160 100
140 160 100
150 160 100
160 160 100
80 170 100
90 170 100
100 170 100
110 170 100
120 170 100
130 170 100
140 170 100
150 170 100
160 170 100
80 180 100
90 180 100
100 180 100
110 180 100
120 180 100
130 180 100
140 180 100
150 180 100
160 180 100
30 70 100
40 70 100
60 70 100
70 70 100
80 70 100
90 70 100
100 70 100
30 80 100
40 80 100
50 80 100
60 80 100
70 80 100
80 80 100
90 80 100
100 80 100
20 90 100
30 90 100
40 90 100
50 90 100
60 90 100
70 90 100
80 90 100
90 90 100
100 90 100
20 100 100
30 100 100
40 100 100
50 100 100
60 100 100
70 100 100
80 100 100
90 100 100
100 100 100
20 110 100
40 110 100
50 110 100
80 110 100
90 110 100
100 110 100
50 120 100
60 120 100
80 120 100
90 120 100
100 120 100
20 130 100
50 130 100
60 130 100
70 130 100
80 130 100
90 130 100
100 130 100
20 140 100
30 140 100
60 140 100
90 140 100
100 140 100
20 150 100
30 150 100
40 150 100
50 150 100
60 150 100
90 150 100
100 150 100
160 30 100
170 30 100
180 30 100
190 30 100
160 40 100
170 40 100
180 40 100
190 40 100
150 50 100
160 50 100
170 50 100
180 50 100
190 50 100
150 60 100
160 60 100
170 60 100
180 60 100
190 60 100
150 70 100
160 70 100
170 70 100
180 70 100
190 70 100
150 80 100
160 80 100
170 80 100
180 80 100
190 80 100
150 90 100
160 90 100
170 90 100
180 90 100
190 90 100
150 100 100
160 100 100
170 100 100
180 100 100
190 100 100
150 110 100
160 110 100
170 110 100
180 110 100
190 110 100
90 150 100
100 150 100
110 150 100
120 150 100
130 150 100
140 150 100
150 150 100
160 150 100
170 150 100
90 160 100
100 160 100
110 160 100
120 160 100
130 160 100
140 160 100
150 160 100
160 160 100
170 160 100
90 170 100
110 170 100
120 170 100
130 170 100
140 170 100
150 170 100
160 170 100
170 170 100
90 180 100
100 180 100
110 180 100
120 180 100
130 180 100
140 180 100
150 180 100
160 180 100
170 180 100
90 190 100
100 190 100
110 190 100
120 190 100
130 190 100
140 190 100
150 190 100
160 190 100
170 190 100
140 80 100
150 80 100
160 80 100
170 80 100
180 80 100
190 80 100
140 90 100
150 90 100
160 90 100
170 90 100
180 90 100
190 90 100
140 100 100
150 100 100
160 100 100
170 100 100
180 100 100
190 100 100
140 110 100
150 110 100
170 110 100
180 110 100
190 110 100
140 120 100
150 120 100
170 120 100
180 120 100
190 120 100
140 130 100
150 130 100
160 130 100
170 130 100
180 130 100
190 130 100
140 140 100
150 140 100
160 140 100
170 140 100
180 140 100
190 140 100
140 150 100
150 150 100
160 150 100
170 150 100
180 150 100
190 150 100
140 160 100
160 160 100
170 160 100
180 160 100
190 160 100
70 60 100
80 60 100
90 60 100
100 60 100
110 60 100
120 60 100
130 60 100
140 60 100
80 70 100
90 70 100
100 70 100
110 70 100
120 70 100
130 70 100
140 70 100
150 70 100
80 80 100
90 80 100
100 80 100
110 80 100
120 80 100
130 80 100
140 80 100
150 80 100
70 90 100
80 90 100
90 90 100
110 90 100
120 90 100
130 90 100
140 90 100
150 90 100
70 100 100
80 100 100
90 100 100
130 100 100
140 100 100
150 100 100
80 110 100
90 110 100
100 110 100
110 110 100
130 110 100
140 110 100
150 110 100
80 120 100
90 120 100
100 120 100
110 120 100
130 120 100
140 120 100
150 120 100
70 130 100
80 130 100
90 130 100
100 130 100
130 130 100
140 130 100
150 130 100
90 140 100
100 140 100
110 140 100
120 140 100
130 140 100
140 140 100
150 140 100
0 140 100
10 140 100
20 140 100
30 140 100
60 140 100
0 150 100
30 150 100
40 150 100
50 150 100
0 160 100
10 160 100
30 160 100
40 160 100
50 160 100
0 170 100
10 170 100
20 170 100
30 170 100
40 170 100
50 170 100
0 180 100
10 180 100
30 180 100
40 180 100
50 180 100
60 180 100
0 190 100
10 190 100
20 190 100
30 190 100
40 190 100
50 190 100
186 0 100
186 0 100
185 0 100
185 0 100
185 1 100
185 1 100
185 1 100
184 1 100
184 1 100
184 1 100
184 2 100
184 2 100
184 2 100
184 2 100
183 2 100
183 2 100
183 2 100
183 2 100
183 2 100
183 3 100
183 3 100
183 3 100
183 3 100
183 3 100
183 3 100
183 3 100
182 3 100
182 3 100
182 3 100
182 3 100
182 3 100
182 3 100
182 3 100
182 3 100
182 3 100
182 4 100
182 4 100
182 4 100
182 4 100
182 4 100
182 4 100
182 4 100
182 4 100
182 4 100
182 4 100
182 4 100
181 4 100
181 4 100
181 4 100
181 4 100
181 4 100
181 4 100
181 4 100
181 4 100
181 4 100
181 4 100
181 4 100
181 4 100
181 4 100
181 5 100
181 5 100
181 5 100
181 5 100
181 5 100
181 5 100
181 5 100
181 5 100
181 5 100
181 5 100
181 5 100
181 5 100
181 5 100
181 5 100
181 5 100
180 5 100
180 5 100
180 5 100
180 5 100
180 5 100
180 5 100
180 5 100
180 5 100
180 5 100
180 5 100
180 5 100
180 5 100
180 5 100
180 5 100
180 5 100
180 5 100
180 5 100
180 6 100
180 6 100
180 6 100
180 6 100
180 6 100
180 6 100
180 6 100
180 6 100
180 6 100
180 6 100
180 6 100
180 6 100
180 6 100
180 6 100
180 6 100
180 6 100
180 6 100
180 6 100
180 6 100
179 6 100
179 6 100
179 6 100
179 6 100
179 6 100
179 6 100
179 6 100
179 6 100
179 6 100
179 6 100
179 6 100
179 6 100
179 6 100
179 6 100
179 6 100
179 6 100
179 6 100
179 6 100
179 6 100
179 6 100
179 6 100
179 7 100
179 7 100
179 7 100
179 7 100
179 7 100
179 7 100
179 7 100
179 7 100
179 7 100
179 7 100
179 7 100
179 7 100
179 7 100
179 7 100
179 7 100
179 7 100
179 7 100
179 7 100
179 7 100
179 7 100
179 7 100
179 7 100
178 7 100
178 7 100
178 7 100
178 7 100
178 7 100
178 7 100
178 7 100
178 7 100
178 7 100
178 7 100
178 7 100
178 7 100
178 7 100
178 7 100
178 7 100
178 7 100
178 7 100
178 7 100
178 7 100
178 7 100
178 7 100
178 7 100
178 7 100
178 8 100
178 8 100
178 8 100
178 8 100
178 8 100
178 8 100
178 8 100
178 8 100
178 8 100
178 8 100
178 8 100
178 8 100
178 8 100
178 8 100
178 8 100
178 8 100
178 8 100
178 8 100
178 8 100
178 8 100
178 8 100
178 8 100
178 8 100
177 8 100
177 8 100
177 8 100
177 8 100
177 8 100
177 8 100
177 8 100
177 8 100
177 8 100
177 8 100
177 8 100
177 8 100
177 8 100
177 8 100
177 8 100
177 8 100
177 8 100
177 8 100
177 8 100
177 8 100
177 8 100
177 8 100
177 8 100
177 9 100
177 9 100
177 9 100
177 9 100
177 9 100
177 9 100
177 9 100
177 9 100
177 9 100
177 9 100
177 9 100
177 9 100
177 9 100
177 9 100
177 9 100
177 9 100
177 9 100
177 9 100
177 9 100
177 9 100
177 9 100
177 9 100
177 9 100
176 9 100
176 9 100
176 9 100
176 9 100
176 9 100
176 9 100
176 9 100
176 9 100
176 9 100
176 9 100
176 9 100
176 9 100
176 9 100
176 9 100
176 9 100
176 9 100
176 9 100
176 9 100
176 9 100
176 9 100
176 9 100
176 9 100
176 10 100
176 10 100
176 10 100
176 10 100
176 10 100
176 10 100
176 10 100
176 10 100
176 10 100
176 10 100
176 10 100
176 10 100
176 10 100
176 10 100
176 10 100
176 10 100
176 10 100
176 10 100
176 10 100
176 10 100
176 10 100
176 10 100
175 10 100
175 10 100
175 10 100
175 10 100
175 10 100
175 10 100
175 10 100
175 10 100
175 10 100
175 10 100
175 10 100
175 10 100
175 10 100
175 10 100
175 10 100
175 10 100
175 10 100
175 10 100
175 10 100
174 10 100
174 10 100
174 10 100
174 10 100
174 10 100
174 10 100
174 10 100
174 10 100
174 10 100
174 10 100
174 10 100
174 10 100
174 10 100
174 10 100
174 10 100
174 10 100
174 10 100
173 10 100
173 10 100
173 10 100
173 10 100
173 10 100
173 10 100
173 10 100
173 10 100
173 10 100
173 10 100
173 10 100
173 10 100
173 10 100
173 10 100
172 10 100
172 10 100
172 10 100
172 10 100
172 10 100
172 10 100
172 10 100
172 10 100
172 10 100
172 10 100
172 10 100
171 10 100
171 10 100
171 10 100
171 10 100
171 10 100
171 10 100
171 10 100
171 10 100
170 10 100
170 10 100
170 10 100
170 10 100
169 10 100
169 10 100
169 10 100
169 10 100
169 10 100
168 10 100
168 10 100
168 10 100
168 10 100
167 10 100
167 10 100
167 10 100
166 10 100
166 10 100
165 10 100
165 10 100
164 10 100
164 10 100
163 10 100
163 10 100
162 10 100
162 10 100
161 10 100
161 10 100
159 10 100
159 10 100
159 11 100
159 11 100
159 11 100
158 11 100
158 11 100
158 11 100
158 12 100
158 12 100
158 12 100
158 12 100
157 12 100
157 12 100
157 12 100
157 12 100
157 13 100
157 13 100
157 13 100
157 13 100
157 13 100
156 13 100
156 13 100
156 13 100
156 13 100
156 13 100
156 14 100
156 14 100
156 14 100
156 14 100
156 14 100
156 14 100
155 14 100
155 14 100
155 14 100
155 14 100
155 14 100
155 14 100
155 15 100
155 15 100
155 15 100
155 15 100
155 15 100
155 15 100
155 15 100
154 15 100
154 15 100
154 15 100
154 15 100
154 15 100
154 15 100
154 15 100
154 16 100
154 16 100
154 16 100
154 16 100
154 16 100
154 16 100
154 16 100
154 16 100
153 16 100
153 16 100
153 16 100
153 16 100
153 16 100
153 16 100
153 16 100
153 17 100
153 17 100
153 17 100
153 17 100
153 17 100
153 17 100
153 17 100
153 17 100
152 17 100
152 17 100
152 17 100
152 17 100
152 17 100
152 17 100
152 17 100
152 18 100
152 18 100
152 18 100
152 18 100
152 18 100
152 18 100
152 18 100
151 18 100
151 18 100
151 18 100
151 18 100
151 18 100
151 18 100
150 18 100
150 18 100
150 18 100
150 18 100
149 18 100
149 18 100
149 18 100
148 18 100
148 18 100
147 18 100
147 18 100
146 18 100
145 18 100
144 18 100
143 18 100
142 18 100
18 116 100
18 116 100
19 116 100
19 116 100
19 117 100
20 117 100
20 118 100
20 119 100
21 120 100
22 120 100
23 120 100
24 120 100
25 120 100
26 120 100
27 120 100
28 120 100
29 120 100
31 120 100
32 120 100
33 120 100
34 120 100
35 120 100
36 120 100
37 120 100
38 120 100
39 120 100
41 120 100
42 120 100
43 120 100
44 120 100
44 120 100
45 120 100
45 120 100
46 120 100
46 120 100
46 120 100
47 120 100
47 120 100
47 120 100
48 120 100
48 120 100
48 120 100
49 120 100
49 120 100
49 120 100
51 120 100
51 120 100
51 120 100
52 120 100
52 120 100
52 120 100
53 120 100
53 120 100
53 120 100
54 120 100
54 120 100
54 120 100
55 120 100
55 120 100
55 120 100
56 120 100
56 120 100
57 120 100
57 120 100
58 120 100
58 120 100
59 120 100
59 120 100
61 120 100
61 120 100
62 120 100
62 120 100
63 120 100
64 120 100
65 120 100
66 120 100
67 120 100
68 120 100
69 120 100
70 121 100
70 121 100
70 122 100
70 122 100
70 123 100
70 123 100
70 124 100
70 124 100
70 124 100
70 125 100
70 125 100
70 125 100
70 126 100
70 126 100
70 126 100
70 126 100
70 127 100
70 127 100
70 127 100
70 127 100
70 128 100
70 128 100
70 128 100
70 128 100
70 129 100
70 129 100
70 129 100
70 129 100
70 131 100
70 131 100
70 131 100
70 132 100
70 132 100
70 132 100
70 133 100
70 133 100
70 134 100
70 134 100
70 135 100
70 135 100
70 136 100
70 136 100
70 137 100
70 138 100
70 139 100
70 141 100
70 142 100
70 143 100
70 144 100
70 145 100
70 146 100
70 147 100
70 148 100
70 149 100
69 150 100
69 151 100
69 152 100
69 153 100
69 154 100
69 155 100
69 156 100
69 157 100
123 142 100
123 142 100
122 142 100
122 142 100
122 141 100
122 141 100
121 141 100
121 141 100
121 140 100
121 140 100
120 139 100
120 138 100
120 137 100
120 136 100
120 135 100
120 134 100
120 133 100
120 132 100
120 131 100
120 129 100
120 128 100
120 127 100
120 126 100
120 125 100
120 124 100
120 123 100
120 122 100
120 121 100
120 119 100
120 118 100
120 117 100
120 116 100
120 115 100
120 114 100
120 113 100
120 112 100
120 111 100
120 109 100
120 108 100
120 107 100
120 106 100
120 105 100
120 104 100
120 103 100
120 102 100
120 101 100
121 100 100
122 100 100
123 100 100
124 100 100
125 100 100
126 100 100
127 100 100
128 100 100
129 100 100
129 100 100
130 99 100
130 99 100
130 98 100
130 98 100
130 98 100
130 97 100
130 97 100
130 97 100
130 96 100
130 96 100
130 96 100
130 95 100
130 95 100
130 95 100
130 95 100
130 94 100
130 94 100
130 94 100
130 94 100
130 93 100
130 93 100
130 93 100
130 93 100
130 93 100
130 92 100
130 92 100
130 92 100
130 92 100
130 92 100
130 91 100
130 91 100
130 91 100
130 91 100
130 91 100
130 91 100
130 90 100
130 90 100
130 90 100
130 90 100
130 90 100
130 89 100
130 89 100
130 89 100
130 89 100
130 89 100
130 89 100
130 88 100
130 88 100
130 88 100
130 88 100
130 88 100
130 88 100
130 87 100
130 87 100
130 87 100
130 87 100
130 87 100
130 87 100
130 86 100
130 86 100
130 86 100
130 86 100
130 86 100
130 86 100
130 85 100
130 85 100
130 85 100
130 85 100
130 85 100
130 84 100
130 84 100
130 84 100
130 84 100
130 83 100
130 83 100
130 83 100
130 83 100
130 82 100
130 82 100
130 82 100
130 81 100
130 81 100
130 81 100
130 80 100
130 79 100
130 79 100
130 78 100
130 77 100
130 76 100
130 75 100
130 74 100
130 73 100
130 72 100
130 71 100
131 70 100
131 69 100
132 69 100
132 68 100
133 68 100
133 67 100
134 67 100
134 66 100
135 66 100
135 65 100
136 65 100
136 65 100
136 64 100
136 64 100
137 64 100
137 64 100
137 63 100
137 63 100
137 63 100
138 63 100
138 63 100
138 63 100
138 62 100
138 62 100
138 62 100
138 62 100
139 62 100
139 62 100
139 62 100
139 62 100
139 62 100
139 61 100
139 61 100
139 61 100
139 61 100
139 61 100
139 61 100
140 61 100
140 61 100
140 61 100
140 61 100
140 61 100
140 61 100
140 60 100
140 60 100
140 60 100
140 60 100
140 60 100
140 60 100
140 60 100
141 60 100
141 60 100
141 60 100
141 60 100
141 60 100
141 60 100
141 60 100
142 60 100
142 60 100
142 60 100
142 60 100
142 60 100
142 60 100
143 60 100
143 60 100
143 60 100
143 60 100
143 60 100
144 60 100
144 60 100
144 60 100
144 60 100
145 60 100
145 60 100
145 60 100
146 60 100
146 60 100
147 60 100
147 60 100
148 60 100
149 60 100
150 59 100
150 58 100
150 57 100
150 56 100
150 56 100
150 55 100
150 55 100
150 54 100
150 54 100
150 53 100
150 53 100
150 53 100
150 52 100
150 52 100
150 52 100
150 52 100
150 51 100
150 51 100
150 51 100
150 51 100
150 50 100
150 50 100
150 50 100
150 49 100
150 49 100
150 49 100
150 49 100
150 49 100
150 48 100
150 48 100
150 48 100
150 48 100
150 48 100
150 47 100
150 47 100
150 47 100
150 47 100
150 47 100
150 46 100
150 46 100
150 46 100
150 46 100
150 45 100
150 45 100
150 45 100
150 45 100
150 44 100
150 44 100
150 44 100
150 43 100
150 43 100
150 43 100
150 42 100
150 42 100
150 41 100
150 41 100
150 39 100
150 38 100
150 37 100
150 36 100
150 35 100
150 34 100
150 33 100
150 32 100
150 31 100
149 30 100
148 30 100
147 30 100
146 30 100
145 30 100
144 30 100
143 30 100
142 30 100
141 30 100
140 29 100
140 28 100
140 27 100
140 26 100
140 25 100
140 24 100
140 23 100
140 22 100
140 21 100
141 20 100
141 19 100
142 19 100
64 112 100
63 112 100
63 111 100
62 111 100
62 110 100
61 110 100
60 111 100
60 112 100
60 113 100
60 114 100
60 115 100
60 116 100
60 117 100
60 118 100
60 119 100
191 71 100
191 71 100
190 71 100
190 71 100
190 72 100
190 72 100
190 73 100
190 73 100
190 73 100
190 74 100
190 74 100
190 74 100
190 74 100
190 75 100
190 75 100
190 75 100
190 75 100
190 76 100
190 76 100
190 76 100
190 76 100
190 76 100
190 77 100
190 77 100
190 77 100
190 77 100
190 77 100
190 78 100
190 78 100
190 78 100
190 78 100
190 78 100
190 78 100
190 79 100
190 79 100
190 79 100
190 79 100
190 79 100
190 80 100
190 80 100
190 80 100
190 81 100
190 81 100
190 81 100
190 81 100
190 82 100
190 82 100
190 82 100
190 83 100
190 83 100
190 83 100
190 84 100
190 84 100
190 85 100
190 85 100
190 86 100
190 86 100
190 87 100
190 87 100
190 88 100
190 89 100
190 91 100
190 91 100
190 92 100
190 92 100
190 93 100
190 93 100
190 94 100
190 94 100
190 94 100
190 95 100
190 95 100
190 95 100
190 96 100
190 96 100
190 96 100
190 96 100
190 97 100
190 97 100
190 97 100
190 97 100
190 97 100
190 98 100
190 98 100
190 98 100
190 98 100
190 98 100
190 99 100
190 99 100
190 99 100
190 99 100
190 99 100
190 99 100
190 100 100
190 100 100
190 100 100
190 100 100
190 101 100
190 101 100
190 101 100
190 101 100
190 101 100
190 101 100
190 102 100
190 102 100
190 102 100
190 102 100
190 102 100
190 102 100
190 103 100
190 103 100
190 103 100
190 103 100
190 103 100
190 104 100
190 104 100
190 104 100
190 104 100
190 104 100
190 105 100
190 105 100
190 105 100
190 105 100
190 106 100
190 106 100
190 106 100
190 106 100
190 107 100
190 107 100
190 107 100
190 108 100
190 108 100
190 108 100
190 109 100
190 109 100
190 111 100
190 111 100
190 112 100
190 113 100
190 114 100
190 115 100
190 116 100
190 117 100
190 118 100
190 119 100
189 120 100
189 121 100
188 121 100
187 121 100
186 121 100
185 121 100
184 121 100
184 120 100
183 120 100
182 120 100
181 120 100
179 120 100
178 120 100
177 120 100
176 120 100
175 120 100
174 120 100
173 120 100
172 120 100
171 120 100
169 120 100
168 120 100
167 120 100
166 120 100
165 120 100
164 120 100
163 120 100
162 120 100
161 120 100
159 120 100
158 120 100
157 120 100
156 120 100
155 120 100
154 120 100
153 120 100
152 120 100
151 120 100
151 120 100
149 120 100
149 120 100
149 120 100
149 120 100
148 120 100
148 120 100
148 120 100
148 120 100
148 120 100
147 120 100
147 120 100
147 120 100
147 120 100
147 120 100
147 120 100
147 120 100
146 120 100
146 120 100
146 120 100
146 120 100
146 120 100
146 120 100
146 120 100
146 120 100
146 120 100
145 120 100
145 120 100
145 120 100
145 120 100
145 120 100
145 120 100
145 120 100
145 120 100
145 120 100
145 120 100
145 120 100
145 120 100
144 120 100
144 120 100
144 120 100
144 120 100
144 120 100
144 120 100
144 120 100
144 120 100
144 120 100
144 120 100
144 120 100
144 120 100
144 120 100
144 120 100
144 120 100
143 120 100
143 120 100
143 120 100
143 120 100
143 120 100
143 120 100
143 120 100
143 120 100
143 120 100
143 120 100
143 120 100
143 120 100
143 120 100
143 120 100
143 120 100
143 120 100
143 120 100
142 120 100
142 120 100
142 120 100
142 120 100
142 120 100
142 120 100
142 120 100
142 120 100
142 120 100
142 120 100
142 120 100
142 120 100
142 120 100
142 120 100
142 120 100
142 120 100
142 120 100
142 120 100
142 120 100
141 120 100
141 120 100
141 120 100
141 120 100
141 120 100
141 120 100
141 120 100
141 120 100
141 120 100
141 120 100
141 120 100
141 120 100
141 120 100
141 120 100
141 120 100
141 120 100
141 120 100
141 120 100
141 120 100
141 120 100
141 120 100
140 120 100
140 120 100
140 120 100
140 120 100
140 120 100
140 120 100
140 120 100
140 120 100
140 120 100
140 120 100
140 120 100
140 120 100
140 120 100
140 120 100
140 120 100
140 120 100
140 120 100
140 120 100
139 120 100
139 120 100
139 120 100
139 120 100
139 120 100
139 120 100
139 120 100
139 120 100
139 120 100
139 120 100
139 120 100
139 120 100
139 120 100
139 120 100
139 120 100
139 120 100
139 120 100
139 120 100
139 120 100
139 120 100
139 120 100
138 120 100
138 120 100
138 120 100
138 120 100
138 120 100
138 120 100
138 120 100
138 120 100
138 120 100
138 120 100
138 120 100
138 120 100
138 120 100
138 120 100
138 120 100
138 120 100
138 120 100
138 120 100
138 120 100
138 120 100
137 120 100
137 120 100
137 120 100
137 120 100
137 120 100
137 120 100
137 120 100
137 120 100
137 120 100
137 120 100
137 120 100
137 120 100
137 120 100
137 120 100
137 120 100
137 120 100
137 120 100
137 120 100
137 120 100
136 120 100
136 120 100
136 120 100
136 120 100
136 120 100
136 120 100
136 120 100
136 120 100
136 120 100
136 120 100
136 120 100
136 120 100
136 120 100
136 120 100
136 120 100
136 120 100
136 120 100
135 120 100
135 120 100
135 120 100
135 120 100
135 120 100
135 120 100
135 120 100
135 120 100
135 120 100
135 120 100
135 120 100
135 120 100
135 120 100
135 120 100
135 120 100
135 120 100
134 120 100
134 120 100
134 120 100
134 120 100
134 120 100
134 120 100
134 120 100
134 120 100
134 120 100
134 120 100
134 120 100
134 120 100
134 120 100
134 120 100
133 120 100
133 120 100
133 120 100
133 120 100
133 120 100
133 120 100
133 120 100
133 120 100
133 120 100
133 120 100
133 120 100
133 120 100
132 120 100
132 120 100
132 120 100
132 120 100
132 120 100
132 120 100
132 120 100
132 120 100
132 120 100
132 120 100
131 120 100
131 120 100
131 120 100
131 120 100
131 120 100
131 120 100
131 120 100
131 120 100
130 120 100
130 120 100
130 120 100
130 120 100
129 120 100
129 120 100
129 120 100
129 120 100
129 120 100
128 120 100
128 120 100
128 120 100
128 120 100
127 120 100
127 120 100
127 120 100
126 120 100
126 120 100
125 120 100
124 120 100
123 120 100
122 120 100
121 120 100
136 196 100
137 196 100
137 195 100
138 195 100
138 194 100
138 194 100
139 194 100
139 194 100
139 193 100
139 193 100
140 193 100
140 193 100
140 192 100
140 192 100
140 192 100
141 192 100
141 192 100
141 191 100
141 191 100
141 191 100
142 191 100
142 191 100
142 191 100
142 190 100
142 190 100
142 190 100
143 190 100
143 190 100
143 190 100
144 190 100
144 190 100
144 190 100
145 190 100
145 190 100
146 190 100
146 190 100
147 190 100
147 190 100
148 190 100
148 190 100
149 190 100
150 189 100
150 189 100
150 188 100
150 188 100
150 187 100
150 187 100
150 186 100
150 186 100
150 186 100
150 185 100
150 185 100
150 185 100
150 184 100
150 184 100
150 184 100
150 184 100
150 183 100
150 183 100
150 183 100
150 183 100
150 183 100
150 183 100
150 182 100
150 182 100
150 182 100
150 182 100
150 182 100
150 182 100
150 182 100
150 182 100
150 181 100
150 181 100
150 181 100
150 181 100
150 181 100
150 181 100
150 181 100
150 181 100
150 181 100
150 181 100
150 181 100
150 181 100
150 180 100
150 180 100
150 180 100
150 180 100
150 180 100
150 180 100
150 180 100
150 180 100
150 180 100
150 180 100
150 180 100
150 180 100
150 180 100
150 179 100
150 179 100
150 179 100
150 179 100
150 179 100
150 179 100
150 179 100
150 179 100
150 179 100
150 179 100
150 179 100
150 179 100
150 179 100
150 179 100
150 179 100
150 179 100
150 179 100
150 179 100
150 179 100
150 178 100
150 178 100
150 178 100
150 178 100
150 178 100
150 178 100
150 178 100
150 178 100
150 178 100
150 178 100
150 178 100
150 178 100
150 178 100
150 178 100
150 178 100
150 178 100
150 178 100
150 178 100
150 178 100
150 178 100
150 178 100
150 178 100
150 178 100
150 177 100
150 177 100
150 177 100
150 177 100
150 177 100
150 177 100
150 177 100
150 177 100
150 177 100
150 177 100
150 177 100
150 177 100
150 177 100
150 177 100
150 177 100
150 177 100
150 177 100
150 177 100
150 177 100
150 177 100
150 177 100
150 177 100
150 177 100
150 177 100
150 177 100
150 177 100
150 177 100
150 176 100
150 176 100
150 176 100
150 176 100
150 176 100
150 176 100
150 176 100
150 176 100
150 176 100
150 176 100
150 176 100
150 176 100
150 176 100
150 176 100
150 176 100
150 176 100
150 176 100
150 176 100
150 176 100
150 176 100
150 176 100
150 176 100
150 176 100
150 176 100
150 176 100
150 176 100
150 176 100
150 176 100
150 176 100
150 175 100
150 175 100
150 175 100
150 175 100
150 175 100
150 175 100
150 175 100
150 175 100
150 175 100
150 175 100
150 175 100
150 175 100
150 175 100
150 175 100
150 175 100
150 175 100
150 175 100
150 175 100
150 175 100
150 175 100
150 175 100
150 175 100
150 175 100
150 175 100
150 175 100
150 175 100
150 175 100
150 175 100
150 175 100
150 175 100
150 175 100
150 174 100
150 174 100
150 174 100
150 174 100
150 174 100
150 174 100
150 174 100
150 174 100
150 174 100
150 174 100
150 174 100
150 174 100
150 174 100
150 174 100
150 174 100
150 174 100
150 174 100
150 174 100
150 174 100
150 174 100
150 174 100
150 174 100
150 174 100
150 174 100
150 174 100
150 174 100
150 174 100
150 174 100
150 174 100
150 174 100
150 174 100
150 174 100
150 173 100
150 173 100
150 173 100
150 173 100
150 173 100
150 173 100
150 173 100
150 173 100
150 173 100
150 173 100
150 173 100
150 173 100
150 173 100
150 173 100
150 173 100
150 173 100
150 173 100
150 173 100
150 173 100
150 173 100
150 173 100
150 173 100
150 173 100
150 173 100
150 173 100
150 173 100
150 173 100
150 173 100
150 173 100
150 173 100
150 173 100
150 173 100
150 172 100
150 172 100
150 172 100
150 172 100
150 172 100
150 172 100
150 172 100
150 172 100
150 172 100
150 172 100
150 172 100
150 172 100
150 172 100
150 172 100
150 172 100
150 172 100
150 172 100
150 172 100
150 172 100
150 172 100
150 172 100
150 172 100
150 172 100
150 172 100
150 172 100
150 172 100
150 172 100
150 172 100
150 172 100
150 172 100
150 172 100
150 171 100
150 171 100
150 171 100
150 171 100
150 171 100
150 171 100
150 171 100
150 171 100
150 171 100
150 171 100
150 171 100
150 171 100
150 171 100
150 171 100
150 171 100
150 171 100
150 171 100
150 171 100
150 171 100
150 171 100
150 171 100
150 171 100
150 171 100
150 171 100
150 171 100
150 171 100
150 171 100
150 171 100
150 171 100
150 170 100
150 170 100
150 170 100
150 170 100
150 170 100
150 170 100
150 170 100
150 170 100
150 170 100
150 170 100
150 170 100
150 170 100
150 170 100
150 170 100
150 170 100
150 170 100
150 170 100
150 170 100
150 170 100
150 170 100
150 170 100
150 170 100
150 170 100
150 170 100
150 169 100
150 169 100
150 169 100
150 169 100
150 169 100
150 169 100
150 169 100
150 169 100
150 169 100
150 169 100
150 169 100
150 169 100
150 169 100
150 169 100
150 169 100
150 169 100
150 169 100
150 169 100
150 169 100
150 169 100
150 169 100
150 169 100
150 169 100
150 168 100
150 168 100
150 168 100
150 168 100
150 168 100
150 168 100
150 168 100
150 168 100
150 168 100
150 168 100
150 168 100
150 168 100
150 168 100
150 168 100
150 168 100
150 168 100
150 168 100
150 168 100
150 168 100
150 167 100
150 167 100
150 167 100
150 167 100
150 167 100
150 167 100
150 167 100
150 167 100
150 167 100
150 167 100
150 167 100
150 167 100
150 167 100
150 167 100
150 166 100
150 166 100
150 166 100
150 166 100
150 166 100
150 166 100
150 166 100
150 166 100
150 166 100
150 166 100
150 166 100
150 165 100
150 165 100
150 165 100
150 165 100
150 165 100
150 165 100
150 165 100
150 165 100
150 164 100
150 164 100
150 164 100
150 164 100
150 164 100
150 163 100
150 163 100
150 163 100
150 163 100
150 162 100
150 162 100
150 162 100
150 161 100
150 161 100
149 160 100
149 160 100
149 159 100
149 159 100
148 159 100
148 159 100
148 158 100
148 158 100
147 158 100
147 158 100
147 157 100
147 157 100
146 157 100
146 157 100
146 157 100
146 156 100
146 156 100
145 156 100
145 156 100
145 156 100
145 155 100
145 155 100
145 155 100
144 155 100
144 155 100
144 155 100
144 155 100
144 154 100
144 154 100
144 154 100
144 154 100
143 154 100
143 154 100
143 154 100
143 154 100
143 153 100
143 153 100
143 153 100
143 153 100
143 153 100
142 153 100
142 153 100
142 153 100
142 153 100
142 153 100
142 152 100
142 152 100
142 152 100
142 152 100
142 152 100
142 152 100
141 152 100
141 152 100
141 152 100
141 152 100
141 152 100
141 152 100
141 151 100
141 151 100
141 151 100
141 151 100
141 151 100
141 151 100
141 151 100
140 151 100
140 151 100
140 151 100
140 151 100
140 151 100
140 151 100
140 151 100
140 150 100
140 150 100
140 150 100
140 150 100
140 150 100
140 150 100
139 150 100
139 150 100
139 150 100
139 150 100
139 150 100
139 150 100
139 150 100
139 150 100
138 150 100
138 150 100
138 150 100
138 150 100
138 150 100
138 150 100
138 150 100
137 150 100
137 150 100
137 150 100
137 150 100
137 150 100
137 150 100
136 150 100
136 150 100
136 150 100
136 150 100
136 150 100
135 150 100
135 150 100
135 150 100
135 150 100
134 150 100
134 150 100
134 150 100
133 150 100
133 150 100
133 150 100
132 150 100
132 150 100
131 150 100
131 150 100
129 150 100
129 149 100
129 149 100
128 149 100
128 148 100
128 148 100
127 148 100
127 148 100
127 147 100
127 147 100
126 147 100
126 147 100
126 146 100
126 146 100
125 146 100
125 146 100
125 145 100
125 145 100
124 145 100
124 145 100
124 144 100
124 144 100
124 144 100
123 144 100
123 144 100
123 143 100
123 143 100
117 108 100
118 108 100
118 109 100
119 109 100
119 110 100
25 185 100
25 185 100
25 185 100
24 185 100
24 185 100
24 184 100
24 184 100
23 184 100
23 184 100
23 183 100
23 183 100
22 183 100
22 182 100
21 182 100
21 181 100
20 181 100
20 179 100
20 178 100
20 177 100
20 176 100
20 175 100
20 174 100
20 173 100
20 172 100
20 171 100
20 171 100
20 169 100
20 169 100
20 168 100
20 168 100
20 167 100
20 167 100
20 166 100
20 166 100
20 165 100
20 165 100
20 164 100
20 164 100
20 163 100
20 163 100
20 162 100
20 162 100
20 161 100
20 159 100
20 158 100
20 157 100
20 156 100
20 155 100
20 154 100
20 153 100
20 152 100
20 152 100
20 151 100
20 151 100
20 149 100
20 149 100
20 149 100
20 149 100
20 148 100
20 148 100
20 148 100
20 148 100
20 148 100
20 148 100
20 147 100
20 147 100
20 147 100
20 147 100
20 147 100
20 147 100
20 147 100
20 147 100
20 147 100
20 146 100
20 146 100
20 146 100
20 146 100
20 146 100
20 146 100
20 146 100
20 146 100
20 146 100
20 146 100
20 146 100
20 146 100
20 145 100
20 145 100
20 145 100
20 145 100
20 145 100
20 145 100
20 145 100
20 145 100
20 145 100
20 145 100
20 145 100
20 145 100
20 145 100
20 145 100
20 145 100
20 145 100
20 144 100
20 144 100
20 144 100
20 144 100
20 144 100
20 144 100
20 144 100
20 144 100
20 144 100
20 144 100
20 144 100
20 144 100
20 144 100
20 144 100
20 144 100
20 144 100
20 144 100
20 144 100
20 144 100
20 143 100
20 143 100
20 143 100
20 143 100
20 143 100
20 143 100
20 143 100
20 143 100
20 143 100
20 143 100
20 143 100
20 143 100
20 143 100
20 143 100
20 143 100
20 143 100
20 143 100
20 143 100
20 143 100
20 143 100
20 143 100
20 143 100
20 142 100
20 142 100
20 142 100
20 142 100
20 142 100
20 142 100
20 142 100
20 142 100
20 142 100
20 142 100
20 142 100
20 142 100
20 142 100
20 142 100
20 142 100
20 142 100
20 142 100
20 142 100
20 142 100
20 142 100
20 142 100
20 142 100
20 142 100
20 142 100
20 142 100
20 141 100
20 141 100
20 141 100
20 141 100
20 141 100
20 141 100
20 141 100
20 141 100
20 141 100
20 141 100
20 141 100
20 141 100
20 141 100
20 141 100
20 141 100
20 141 100
20 141 100
20 141 100
20 141 100
20 141 100
20 141 100
20 141 100
20 141 100
20 141 100
20 141 100
20 141 100
20 141 100
20 140 100
20 140 100
20 140 100
20 140 100
20 140 100
20 140 100
20 140 100
20 140 100
20 140 100
20 140 100
20 140 100
20 140 100
20 140 100
20 140 100
20 140 100
20 140 100
20 140 100
20 140 100
20 140 100
20 140 100
20 140 100
20 140 100
20 140 100
20 140 100
20 139 100
20 139 100
20 139 100
20 139 100
20 139 100
20 139 100
20 139 100
20 139 100
20 139 100
20 139 100
20 139 100
20 139 100
20 139 100
20 139 100
20 139 100
20 139 100
20 139 100
20 139 100
20 139 100
20 139 100
20 139 100
20 139 100
20 139 100
20 139 100
20 139 100
20 139 100
20 139 100
20 139 100
20 138 100
20 138 100
20 138 100
20 138 100
20 138 100
20 138 100
20 138 100
20 138 100
20 138 100
20 138 100
20 138 100
20 138 100
20 138 100
20 138 100
20 138 100
20 138 100
20 138 100
20 138 100
20 138 100
20 138 100
20 138 100
20 138 100
20 138 100
20 138 100
20 138 100
20 138 100
20 138 100
20 137 100
20 137 100
20 137 100
20 137 100
20 137 100
20 137 100
20 137 100
20 137 100
20 137 100
20 137 100
20 137 100
20 137 100
20 137 100
20 137 100
20 137 100
20 137 100
20 137 100
20 137 100
20 137 100
20 137 100
20 137 100
20 137 100
20 137 100
20 137 100
20 137 100
20 137 100
20 136 100
20 136 100
20 136 100
20 136 100
20 136 100
20 136 100
20 136 100
20 136 100
20 136 100
20 136 100
20 136 100
20 136 100
20 136 100
20 136 100
20 136 100
20 136 100
20 136 100
20 136 100
20 136 100
20 136 100
20 136 100
20 136 100
20 136 100
20 136 100
20 135 100
20 135 100
20 135 100
20 135 100
20 135 100
20 135 100
20 135 100
20 135 100
20 135 100
20 135 100
20 135 100
20 135 100
20 135 100
20 135 100
20 135 100
20 135 100
20 135 100
20 135 100
20 135 100
20 135 100
20 135 100
20 134 100
20 134 100
20 134 100
20 134 100
20 134 100
20 134 100
20 134 100
20 134 100
20 134 100
20 134 100
20 134 100
20 134 100
20 134 100
20 134 100
20 134 100
20 134 100
20 134 100
20 134 100
20 134 100
20 133 100
20 133 100
20 133 100
20 133 100
20 133 100
20 133 100
20 133 100
20 133 100
20 133 100
20 133 100
20 133 100
20 133 100
20 133 100
20 133 100
20 133 100
20 133 100
20 133 100
20 132 100
20 132 100
20 132 100
20 132 100
20 132 100
20 132 100
20 132 100
20 132 100
20 132 100
20 132 100
20 132 100
20 132 100
20 132 100
20 132 100
20 131 100
20 131 100
20 131 100
20 131 100
20 131 100
20 131 100
20 131 100
20 131 100
20 131 100
20 131 100
20 131 100
20 131 100
20 130 100
20 130 100
20 130 100
20 130 100
20 130 100
20 130 100
20 130 100
20 129 100
20 129 100
20 129 100
20 129 100
20 129 100
20 129 100
20 129 100
20 129 100
20 128 100
20 128 100
20 128 100
20 128 100
20 128 100
20 128 100
20 127 100
20 127 100
20 127 100
20 127 100
20 127 100
20 126 100
20 126 100
20 126 100
20 125 100
20 125 100
20 125 100
20 124 100
20 124 100
20 123 100
20 123 100
20 122 100
20 121 100
