# score 363888
110 70 100
120 70 100
130 70 100
140 70 100
150 70 100
160 70 100
170 70 100
180 70 100
190 70 100
110 80 100
120 80 100
130 80 100
140 80 100
150 80 100
160 80 100
170 80 100
180 80 100
190 80 100
110 90 100
120 90 100
130 90 100
140 90 100
150 90 100
160 90 100
170 90 100
180 90 100
190 90 100
110 100 100
120 100 100
130 100 100
140 100 100
150 100 100
160 100 100
170 100 100
180 100 100
190 100 100
110 110 100
120 110 100
130 110 100
140 110 100
150 110 100
160 110 100
170 110 100
180 110 100
190 110 100
110 120 100
120 120 100
130 120 100
140 120 100
150 120 100
160 120 100
170 120 100
180 120 100
190 120 100
110 130 100
120 130 100
130 130 100
140 130 100
150 130 100
160 130 100
170 130 100
180 130 100
190 130 100
110 140 100
120 140 100
130 140 100
140 140 100
150 140 100
160 140 100
170 140 100
180 140 100
190 140 100
110 150 100
120 150 100
130 150 100
140 150 100
150 150 100
160 150 100
170 150 100
180 150 100
190 150 100
70 90 100
80 90 100
90 90 100
100 90 100
70 100 100
80 100 100
90 100 100
100 100 100
70 110 100
80 110 100
90 110 100
100 110 100
70 120 100
80 120 100
90 120 100
100 120 100
70 130 100
80 130 100
90 130 100
100 130 100
70 140 100
80 140 100
90 140 100
100 140 100
130 140 100
140 140 100
150 140 100
70 150 100
80 150 100
90 150 100
100 150 100
130 150 100
140 150 100
150 150 100
70 160 100
80 160 100
90 160 100
100 160 100
110 160 100
120 160 100
130 160 100
140 160 100
150 160 100
70 170 100
80 170 100
90 170 100
100 170 100
110 170 100
120 170 100
130 170 100
140 170 100
150 170 100
150 40 100
160 40 100
170 40 100
180 40 100
190 40 100
150 50 100
160 50 100
170 50 100
180 50 100
190 50 100
150 60 100
160 60 100
170 60 100
180 60 100
190 60 100
150 70 100
160 70 100
170 70 100
180 70 100
190 70 100
160 80 100
170 80 100
180 80 100
190 80 100
170 90 100
180 90 100
190 90 100
170 100 100
180 100 100
190 100 100
170 110 100
180 110 100
190 110 100
160 120 100
170 120 100
180 120 100
190 120 100
90 0 100
100 0 100
110 0 100
120 0 100
130 0 100
140 0 100
150 0 100
160 0 100
170 0 100
90 10 100
100 10 100
110 10 100
120 10 100
130 10 100
140 10 100
150 10 100
160 10 100
170 10 100
90 20 100
100 20 100
110 20 100
120 20 100
130 20 100
140 20 100
150 20 100
160 20 100
170 20 100
90 30 100
100 30 100
110 30 100
120 30 100
130 30 100
140 30 100
150 30 100
160 30 100
170 30 100
90 40 100
100 40 100
110 40 100
120 40 100
130 40 100
140 40 100
150 40 100
160 40 100
170 40 100
0 0 100
10 0 100
20 0 100
30 0 100
40 0 100
50 0 100
0 10 100
10 10 100
20 10 100
30 10 100
40 10 100
50 10 100
0 20 100
10 20 100
20 20 100
30 20 100
40 20 100
50 20 100
0 30 100
10 30 100
20 30 100
30 30 100
40 30 100
50 30 100
0 40 100
10 40 100
20 40 100
30 40 100
40 40 100
50 40 100
0 50 100
10 50 100
20 50 100
30 50 100
40 50 100
50 50 100
0 60 100
10 60 100
20 60 100
30 60 100
40 60 100
50 60 100
0 70 100
10 70 100
20 70 100
30 70 100
40 70 100
50 70 100
50 50 100
60 50 100
70 50 100
80 50 100
90 50 100
100 50 100
110 50 100
120 50 100
130 50 100
60 60 100
70 60 100
80 60 100
90 60 100
100 60 100
110 60 100
120 60 100
130 60 100
60 70 100
70 70 100
80 70 100
90 70 100
100 70 100
110 70 100
120 70 100
50 80 100
60 80 100
70 80 100
80 80 100
90 80 100
100 80 100
50 90 100
60 90 100
70 90 100
80 90 100
50 100 100
60 100 100
70 100 100
80 100 100
50 110 100
60 110 100
70 110 100
80 110 100
50 120 100
60 120 100
70 120 100
80 120 100
90 120 100
50 130 100
60 130 100
70 130 100
80 130 100
90 40 100
100 40 100
110 40 100
120 40 100
130 40 100
140 40 100
150 40 100
160 40 100
170 40 100
90 50 100
100 50 100
110 50 100
120 50 100
130 50 100
140 50 100
150 50 100
160 50 100
170 50 100
90 60 100
100 60 100
110 60 100
120 60 100
140 60 100
150 60 100
160 60 100
170 60 100
90 70 100
100 70 100
140 70 100
160 70 100
170 70 100
90 80 100
100 80 100
170 80 100
170 90 100
170 100 100
170 110 100
160 120 100
170 120 100
40 40 100
50 40 100
50 50 100
0 70 100
0 80 100
10 80 100
20 80 100
30 80 100
40 80 100
0 90 100
10 90 100
20 90 100
30 90 100
40 90 100
50 90 100
0 100 100
10 100 100
20 100 100
30 100 100
40 100 100
50 100 100
0 110 100
10 110 100
20 110 100
30 110 100
40 110 100
50 110 100
0 120 100
10 120 100
20 120 100
30 120 100
40 120 100
50 120 100
0 80 100
0 90 100
10 90 100
40 90 100
20 100 100
40 100 100
50 100 100
20 110 100
30 110 100
40 110 100
50 110 100
20 120 100
30 120 100
40 120 100
50 120 100
0 130 100
10 130 100
20 130 100
30 130 100
40 130 100
50 130 100
0 140 100
10 140 100
20 140 100
30 140 100
40 140 100
50 140 100
0 150 100
10 150 100
20 150 100
30 150 100
40 150 100
50 150 100
0 160 100
10 160 100
20 160 100
30 160 100
40 160 100
50 160 100
116 131 100
117 131 100
117 130 100
118 130 100
119 130 100
121 130 100
122 130 100
123 130 100
124 130 100
125 130 100
126 130 100
127 130 100
128 130 100
129 130 100
131 130 100
132 130 100
133 130 100
134 130 100
135 130 100
136 130 100
137 130 100
138 130 100
139 130 100
141 130 100
142 130 100
143 130 100
144 130 100
145 130 100
146 130 100
147 130 100
148 130 100
149 130 100
150 129 100
150 128 100
150 127 100
150 126 100
150 125 100
150 124 100
150 123 100
150 122 100
150 121 100
151 120 100
151 119 100
152 119 100
152 118 100
153 118 100
153 117 100
153 116 100
153 115 100
153 114 100
153 113 100
196 87 100
196 87 100
196 87 100
196 87 100
196 87 100
196 87 100
196 87 100
196 87 100
196 87 100
196 87 100
196 87 100
195 87 100
195 87 100
195 87 100
195 87 100
195 87 100
195 87 100
195 87 100
195 87 100
195 87 100
195 87 100
195 88 100
195 88 100
195 88 100
195 88 100
195 88 100
195 88 100
195 88 100
195 88 100
195 88 100
195 88 100
195 88 100
194 88 100
194 88 100
194 88 100
194 88 100
194 88 100
194 88 100
194 88 100
194 88 100
194 88 100
194 88 100
194 88 100
194 89 100
194 89 100
194 89 100
194 89 100
194 89 100
194 89 100
194 89 100
194 89 100
194 89 100
194 89 100
194 89 100
194 89 100
193 89 100
193 89 100
193 89 100
193 89 100
193 89 100
193 89 100
193 89 100
193 89 100
193 89 100
193 89 100
193 89 100
193 89 100
193 89 100
193 90 100
193 90 100
193 90 100
193 90 100
193 90 100
193 90 100
193 90 100
193 90 100
193 90 100
193 90 100
193 90 100
193 90 100
193 90 100
192 90 100
192 90 100
192 90 100
192 90 100
192 90 100
192 90 100
192 90 100
192 90 100
192 90 100
192 90 100
192 90 100
192 90 100
192 90 100
192 90 100
191 90 100
191 90 100
191 90 100
191 90 100
191 90 100
191 90 100
191 90 100
191 90 100
191 90 100
191 90 100
191 90 100
191 90 100
191 90 100
191 90 100
190 90 100
190 90 100
190 90 100
190 90 100
190 90 100
190 90 100
190 90 100
190 90 100
190 90 100
190 90 100
190 90 100
190 90 100
190 90 100
189 90 100
189 90 100
189 90 100
189 90 100
189 90 100
189 90 100
189 90 100
189 90 100
189 90 100
189 90 100
189 90 100
189 90 100
189 90 100
189 90 100
189 90 100
189 90 100
188 90 100
188 90 100
188 90 100
188 90 100
188 90 100
188 90 100
188 90 100
188 90 100
188 90 100
188 90 100
188 90 100
188 90 100
188 90 100
188 90 100
188 90 100
188 90 100
188 90 100
187 90 100
187 90 100
187 90 100
187 90 100
187 90 100
187 90 100
187 90 100
187 90 100
187 90 100
187 90 100
187 90 100
187 90 100
187 90 100
187 90 100
187 90 100
187 90 100
187 90 100
186 90 100
186 90 100
186 90 100
186 90 100
186 90 100
186 90 100
186 90 100
186 90 100
186 90 100
186 90 100
186 90 100
186 90 100
186 90 100
186 90 100
186 90 100
186 90 100
186 90 100
185 90 100
185 90 100
185 90 100
185 90 100
185 90 100
185 90 100
185 90 100
185 90 100
185 90 100
185 90 100
185 90 100
185 90 100
185 90 100
185 90 100
185 90 100
184 90 100
184 90 100
184 90 100
184 90 100
184 90 100
184 90 100
184 90 100
184 90 100
184 90 100
184 90 100
184 90 100
184 90 100
184 90 100
183 90 100
183 90 100
183 90 100
183 90 100
183 90 100
183 90 100
183 90 100
183 90 100
183 90 100
183 90 100
183 90 100
182 90 100
182 90 100
182 90 100
182 90 100
182 90 100
182 90 100
182 90 100
182 90 100
182 90 100
181 90 100
181 90 100
181 90 100
181 90 100
181 90 100
181 90 100
181 90 100
181 90 100
180 90 100
180 90 100
180 90 100
180 90 100
179 90 100
179 90 100
179 90 100
179 90 100
179 90 100
178 90 100
178 90 100
178 90 100
178 90 100
177 90 100
177 90 100
177 90 100
176 90 100
176 90 100
176 90 100
175 90 100
175 90 100
174 90 100
174 90 100
173 90 100
173 90 100
172 90 100
172 90 100
171 90 100
171 90 100
171 90 100
170 91 100
170 91 100
170 92 100
170 92 100
170 93 100
170 93 100
170 94 100
170 94 100
170 95 100
170 95 100
170 96 100
170 96 100
170 97 100
170 97 100
170 98 100
170 98 100
170 99 100
170 99 100
169 100 100
169 100 100
168 100 100
168 100 100
167 100 100
167 100 100
166 100 100
165 100 100
164 100 100
163 100 100
162 100 100
161 100 100
160 101 100
160 102 100
160 103 100
160 104 100
160 105 100
160 106 100
160 107 100
160 108 100
160 109 100
159 110 100
159 111 100
158 111 100
158 112 100
157 112 100
157 113 100
156 113 100
155 113 100
154 113 100
139 4 100
140 4 100
140 5 100
140 6 100
140 7 100
140 8 100
140 9 100
140 11 100
140 12 100
140 13 100
140 14 100
140 14 100
140 15 100
140 15 100
140 16 100
140 16 100
140 17 100
140 17 100
140 17 100
140 18 100
140 18 100
140 18 100
140 18 100
140 19 100
140 19 100
140 19 100
140 19 100
140 19 100
140 20 100
140 20 100
140 20 100
140 20 100
140 20 100
140 21 100
140 21 100
140 21 100
140 21 100
140 21 100
140 21 100
140 21 100
140 22 100
140 22 100
140 22 100
140 22 100
140 22 100
140 22 100
140 22 100
140 22 100
140 23 100
140 23 100
140 23 100
140 23 100
140 23 100
140 23 100
140 23 100
140 23 100
140 23 100
140 24 100
140 24 100
140 24 100
140 24 100
140 24 100
140 24 100
140 24 100
140 24 100
140 25 100
140 25 100
140 25 100
140 25 100
140 25 100
140 25 100
140 25 100
140 25 100
140 26 100
140 26 100
140 26 100
140 26 100
140 26 100
140 26 100
140 26 100
140 26 100
140 27 100
140 27 100
140 27 100
140 27 100
140 27 100
140 27 100
140 27 100
140 28 100
140 28 100
140 28 100
140 28 100
140 28 100
140 28 100
140 29 100
140 29 100
140 29 100
140 29 100
140 29 100
140 29 100
140 30 100
140 30 100
140 30 100
140 30 100
140 30 100
140 31 100
140 31 100
140 31 100
140 31 100
140 31 100
140 31 100
140 32 100
140 32 100
140 32 100
140 32 100
140 32 100
140 32 100
140 33 100
140 33 100
140 33 100
140 33 100
140 33 100
140 33 100
140 34 100
140 34 100
140 34 100
140 34 100
140 34 100
140 34 100
140 34 100
140 35 100
140 35 100
140 35 100
140 35 100
140 35 100
140 35 100
140 35 100
140 36 100
140 36 100
140 36 100
140 36 100
140 36 100
140 36 100
140 36 100
140 36 100
140 37 100
140 37 100
140 37 100
140 37 100
140 37 100
140 37 100
140 37 100
140 37 100
140 38 100
140 38 100
140 38 100
140 38 100
140 38 100
140 38 100
140 38 100
140 38 100
140 38 100
140 39 100
140 39 100
140 39 100
140 39 100
140 39 100
140 39 100
140 39 100
140 39 100
140 39 100
140 39 100
140 40 100
140 40 100
140 40 100
140 40 100
140 40 100
140 40 100
140 40 100
140 40 100
140 40 100
140 41 100
140 41 100
140 41 100
140 41 100
140 41 100
140 41 100
140 41 100
140 41 100
140 41 100
140 41 100
140 41 100
140 42 100
140 42 100
140 42 100
140 42 100
140 42 100
140 42 100
140 42 100
140 42 100
140 42 100
140 42 100
140 42 100
140 42 100
140 43 100
140 43 100
140 43 100
140 43 100
140 43 100
140 43 100
140 43 100
140 43 100
140 43 100
140 43 100
140 43 100
140 44 100
140 44 100
140 44 100
140 44 100
140 44 100
140 44 100
140 44 100
140 44 100
140 44 100
140 44 100
140 45 100
140 45 100
140 45 100
140 45 100
140 45 100
140 45 100
140 45 100
140 45 100
140 45 100
140 46 100
140 46 100
140 46 100
140 46 100
140 46 100
140 46 100
140 46 100
140 46 100
140 47 100
140 47 100
140 47 100
140 47 100
140 47 100
140 47 100
140 47 100
140 48 100
140 48 100
140 48 100
140 48 100
140 48 100
140 48 100
140 49 100
140 49 100
140 49 100
140 49 100
140 49 100
140 50 100
140 50 100
140 50 100
140 50 100
140 51 100
140 51 100
140 51 100
140 51 100
140 52 100
140 52 100
140 52 100
140 52 100
140 53 100
140 53 100
140 53 100
140 53 100
140 54 100
140 54 100
140 54 100
140 54 100
140 55 100
140 55 100
140 55 100
140 55 100
140 55 100
140 56 100
140 56 100
140 56 100
140 56 100
140 56 100
140 57 100
140 57 100
140 57 100
140 57 100
140 57 100
140 58 100
140 58 100
140 58 100
140 58 100
140 58 100
140 59 100
140 59 100
140 59 100
140 59 100
140 59 100
140 60 100
140 60 100
140 60 100
140 60 100
140 61 100
140 61 100
140 61 100
140 61 100
140 61 100
140 62 100
140 62 100
140 62 100
140 62 100
140 63 100
140 63 100
140 63 100
140 64 100
140 64 100
140 64 100
140 65 100
140 65 100
140 65 100
140 66 100
140 66 100
140 67 100
140 67 100
140 68 100
140 68 100
140 69 100
140 69 100
141 70 100
141 70 100
142 70 100
142 70 100
142 70 100
143 70 100
143 70 100
143 70 100
144 70 100
144 70 100
145 70 100
145 70 100
146 70 100
146 70 100
147 70 100
147 70 100
148 70 100
148 70 100
149 70 100
149 70 100
150 71 100
150 71 100
150 72 100
150 72 100
150 73 100
150 73 100
150 74 100
150 74 100
150 75 100
150 75 100
150 76 100
150 76 100
150 77 100
150 77 100
150 78 100
150 78 100
150 79 100
151 80 100
152 80 100
153 80 100
154 80 100
155 80 100
156 80 100
157 80 100
158 80 100
158 80 100
159 80 100
159 80 100
160 81 100
160 81 100
160 82 100
160 82 100
160 83 100
160 83 100
160 84 100
160 84 100
160 85 100
160 85 100
160 86 100
160 87 100
160 88 100
160 89 100
160 91 100
160 92 100
160 93 100
160 94 100
160 95 100
160 96 100
160 97 100
160 98 100
160 99 100
16 33 100
17 33 100
17 32 100
18 32 100
18 31 100
19 31 100
19 30 100
20 31 100
20 32 100
20 33 100
20 34 100
20 35 100
20 36 100
20 37 100
20 38 100
20 39 100
21 40 100
22 40 100
23 40 100
24 40 100
25 40 100
26 40 100
27 40 100
28 40 100
29 40 100
30 41 100
30 42 100
30 43 100
30 44 100
30 45 100
30 46 100
30 47 100
30 48 100
30 49 100
30 51 100
30 52 100
30 53 100
30 54 100
30 55 100
30 56 100
30 57 100
30 58 100
30 59 100
30 61 100
30 62 100
30 63 100
30 64 100
30 65 100
30 66 100
30 67 100
30 68 100
30 69 100
31 70 100
32 70 100
33 70 100
34 70 100
35 70 100
36 70 100
37 70 100
38 70 100
39 70 100
41 70 100
42 70 100
43 70 100
44 70 100
45 70 100
46 70 100
47 70 100
48 70 100
49 70 100
50 71 100
50 72 100
50 73 100
50 74 100
50 75 100
50 76 100
50 77 100
50 78 100
50 79 100
51 80 100
51 80 100
52 80 100
52 80 100
53 80 100
53 80 100
54 80 100
54 80 100
55 80 100
55 80 100
56 80 100
57 80 100
58 80 100
59 80 100
61 80 100
61 81 100
62 81 100
62 82 100
63 82 100
63 83 100
64 83 100
64 83 100
64 84 100
64 84 100
65 84 100
65 84 100
65 85 100
65 85 100
66 85 100
66 85 100
66 86 100
66 86 100
67 86 100
67 86 100
67 86 100
67 87 100
67 87 100
67 87 100
68 87 100
68 87 100
68 87 100
68 88 100
68 88 100
68 88 100
69 88 100
69 88 100
69 88 100
69 89 100
69 89 100
70 89 100
70 89 100
71 90 100
71 90 100
72 90 100
72 90 100
72 90 100
73 90 100
73 90 100
73 90 100
74 90 100
74 90 100
74 90 100
75 90 100
75 90 100
75 90 100
75 90 100
76 90 100
76 90 100
76 90 100
76 90 100
77 90 100
77 90 100
77 90 100
77 90 100
77 90 100
78 90 100
78 90 100
78 90 100
78 90 100
78 90 100
79 90 100
79 90 100
79 90 100
79 90 100
80 90 100
80 90 100
81 90 100
81 90 100
81 90 100
82 90 100
82 90 100
82 90 100
83 90 100
83 90 100
84 90 100
84 90 100
85 90 100
85 90 100
86 90 100
87 90 100
88 90 100
89 90 100
90 91 100
90 91 100
90 92 100
90 92 100
90 93 100
90 93 100
90 94 100
90 94 100
90 95 100
90 95 100
90 96 100
90 96 100
90 97 100
90 97 100
90 98 100
90 98 100
90 99 100
91 100 100
91 99 100
92 99 100
93 99 100
94 99 100
95 99 100
96 99 100
97 99 100
98 99 100
99 99 100
99 100 100
100 101 100
100 102 100
100 103 100
100 104 100
100 105 100
100 106 100
100 107 100
100 108 100
100 109 100
101 110 100
102 110 100
103 110 100
104 110 100
105 110 100
106 110 100
107 110 100
108 110 100
109 110 100
110 111 100
110 112 100
110 113 100
110 114 100
110 115 100
110 116 100
110 117 100
110 118 100
110 119 100
110 121 100
110 122 100
110 123 100
110 124 100
110 125 100
110 126 100
110 127 100
110 128 100
110 129 100
111 130 100
111 131 100
112 131 100
113 131 100
114 131 100
115 131 100
133 87 100
134 87 100
134 88 100
135 88 100
135 89 100
136 89 100
136 90 100
137 90 100
138 90 100
139 90 100
141 90 100
142 90 100
143 90 100
144 90 100
145 90 100
146 90 100
147 90 100
148 90 100
149 90 100
151 90 100
152 90 100
153 90 100
154 90 100
155 90 100
156 90 100
157 90 100
158 90 100
159 90 100
16 81 100
17 81 100
17 80 100
18 80 100
19 80 100
20 79 100
20 78 100
20 77 100
20 76 100
20 75 100
20 74 100
20 73 100
20 72 100
20 71 100
21 70 100
22 70 100
23 70 100
24 70 100
25 70 100
26 70 100
27 70 100
28 70 100
29 70 100
18 129 100
18 129 100
18 129 100
18 129 100
19 129 100
19 129 100
19 129 100
19 129 100
19 128 100
19 128 100
19 128 100
20 128 100
20 128 100
20 128 100
20 127 100
20 127 100
20 127 100
20 126 100
20 126 100
20 126 100
20 125 100
20 125 100
20 125 100
20 124 100
20 124 100
20 123 100
20 123 100
20 122 100
20 122 100
20 121 100
20 121 100
20 119 100
20 119 100
20 118 100
20 118 100
20 117 100
20 117 100
20 116 100
20 116 100
20 115 100
20 115 100
20 114 100
20 114 100
20 113 100
20 113 100
20 112 100
20 112 100
20 111 100
20 111 100
20 109 100
20 109 100
20 109 100
20 108 100
20 108 100
20 108 100
20 107 100
20 107 100
20 107 100
20 106 100
20 106 100
20 106 100
20 105 100
20 105 100
20 104 100
20 104 100
20 103 100
20 103 100
20 102 100
20 102 100
20 101 100
20 101 100
20 99 100
20 98 100
20 97 100
20 96 100
20 95 100
20 94 100
20 93 100
20 92 100
20 91 100
20 89 100
20 88 100
20 87 100
20 86 100
20 85 100
20 84 100
20 83 100
20 82 100
20 81 100
