# score 159624
0 0 100
10 0 100
20 0 100
30 0 100
40 0 100
50 0 100
60 0 100
0 10 100
10 10 100
20 10 100
30 10 100
40 10 100
50 10 100
60 10 100
0 20 100
10 20 100
20 20 100
30 20 100
40 20 100
50 20 100
60 20 100
0 30 100
10 30 100
20 30 100
30 30 100
40 30 100
50 30 100
60 30 100
0 40 100
10 40 100
20 40 100
30 40 100
40 40 100
50 40 100
60 40 100
0 50 100
10 50 100
20 50 100
30 50 100
40 50 100
50 50 100
60 50 100
0 60 100
10 60 100
20 60 100
30 60 100
40 60 100
50 60 100
60 60 100
60 150 100
70 150 100
80 150 100
90 150 100
100 150 100
110 150 100
120 150 100
130 150 100
140 150 100
60 160 100
70 160 100
80 160 100
90 160 100
100 160 100
110 160 100
120 160 100
130 160 100
140 160 100
60 170 100
70 170 100
80 170 100
90 170 100
100 170 100
110 170 100
120 170 100
130 170 100
140 170 100
60 180 100
70 180 100
80 180 100
90 180 100
100 180 100
110 180 100
120 180 100
130 180 100
140 180 100
60 190 100
70 190 100
80 190 100
90 190 100
100 190 100
110 190 100
120 190 100
130 190 100
140 190 100
90 30 100
100 30 100
110 30 100
120 30 100
130 30 100
140 30 100
150 30 100
160 30 100
170 30 100
90 40 100
100 40 100
110 40 100
120 40 100
130 40 100
140 40 100
150 40 100
160 40 100
170 40 100
90 50 100
100 50 100
110 50 100
120 50 100
130 50 100
140 50 100
150 50 100
160 50 100
170 50 100
90 60 100
100 60 100
110 60 100
120 60 100
130 60 100
140 60 100
150 60 100
160 60 100
170 60 100
90 70 100
100 70 100
110 70 100
120 70 100
130 70 100
140 70 100
150 70 100
160 70 100
170 70 100
90 80 100
100 80 100
110 80 100
120 80 100
130 80 100
140 80 100
150 80 100
160 80 100
170 80 100
90 90 100
100 90 100
110 90 100
120 90 100
130 90 100
140 90 100
150 90 100
160 90 100
170 90 100
90 100 100
100 100 100
110 100 100
120 100 100
130 100 100
140 100 100
150 100 100
160 100 100
170 100 100
90 110 100
100 110 100
110 110 100
120 110 100
130 110 100
140 110 100
150 110 100
160 110 100
170 110 100
130 0 100
140 0 100
150 0 100
160 0 100
170 0 100
180 0 100
190 0 100
130 10 100
140 10 100
150 10 100
160 10 100
170 10 100
180 10 100
190 10 100
130 20 100
140 20 100
150 20 100
160 20 100
170 20 100
180 20 100
190 20 100
130 30 100
160 30 100
180 30 100
190 30 100
130 40 100
180 40 100
190 40 100
130 50 100
140 50 100
180 50 100
190 50 100
130 60 100
140 60 100
150 60 100
160 60 100
170 60 100
180 60 100
190 60 100
130 70 100
150 70 100
160 70 100
170 70 100
180 70 100
190 70 100
30 40 100
40 40 100
50 40 100
60 40 100
70 40 100
80 40 100
110 40 100
30 50 100
40 50 100
50 50 100
70 50 100
80 50 100
100 50 100
110 50 100
30 60 100
40 60 100
70 60 100
80 60 100
90 60 100
100 60 100
110 60 100
30 70 100
40 70 100
50 70 100
60 70 100
70 70 100
80 70 100
90 70 100
100 70 100
110 70 100
30 80 100
40 80 100
50 80 100
60 80 100
70 80 100
80 80 100
90 80 100
100 80 100
110 80 100
30 90 100
40 90 100
50 90 100
60 90 100
70 90 100
80 90 100
90 90 100
100 90 100
110 90 100
30 100 100
40 100 100
50 100 100
60 100 100
70 100 100
80 100 100
90 100 100
100 100 100
30 110 100
40 110 100
50 110 100
60 110 100
70 110 100
80 110 100
90 110 100
100 110 100
110 110 100
30 120 100
40 120 100
50 120 100
60 120 100
70 120 100
80 120 100
90 120 100
100 120 100
110 120 100
0 140 100
10 140 100
20 140 100
30 140 100
40 140 100
50 140 100
60 140 100
70 140 100
0 150 100
10 150 100
20 150 100
30 150 100
40 150 100
50 150 100
60 150 100
0 160 100
10 160 100
20 160 100
30 160 100
40 160 100
50 160 100
60 160 100
70 160 100
0 170 100
10 170 100
20 170 100
30 170 100
40 170 100
50 170 100
60 170 100
70 170 100
0 180 100
10 180 100
20 180 100
30 180 100
40 180 100
50 180 100
60 180 100
70 180 100
0 190 100
10 190 100
20 190 100
30 190 100
40 190 100
50 190 100
60 190 100
70 190 100
0 90 100
10 90 100
20 90 100
30 90 100
40 90 100
50 90 100
0 100 100
10 100 100
20 100 100
30 100 100
40 100 100
50 100 100
0 110 100
10 110 100
20 110 100
30 110 100
40 110 100
50 110 100
0 120 100
10 120 100
20 120 100
30 120 100
0 130 100
10 130 100
20 130 100
30 130 100
40 130 100
50 130 100
0 140 100
10 140 100
0 150 100
40 150 100
50 150 100
0 160 100
40 160 100
50 160 100
40 170 100
50 170 100
140 130 100
150 130 100
160 130 100
170 130 100
180 130 100
190 130 100
140 140 100
150 140 100
160 140 100
170 140 100
180 140 100
190 140 100
140 150 100
150 150 100
160 150 100
170 150 100
180 150 100
190 150 100
140 160 100
150 160 100
160 160 100
170 160 100
180 160 100
190 160 100
140 170 100
150 170 100
160 170 100
170 170 100
180 170 100
190 170 100
140 180 100
150 180 100
160 180 100
170 180 100
180 180 100
190 180 100
140 190 100
150 190 100
160 190 100
170 190 100
180 190 100
190 190 100
133 73 100
134 73 100
134 72 100
135 72 100
135 71 100
136 71 100
136 70 100
137 70 100
138 70 100
139 70 100
140 69 100
140 68 100
140 67 100
140 67 100
140 66 100
140 66 100
140 65 100
140 65 100
140 65 100
140 64 100
140 64 100
140 64 100
140 63 100
140 63 100
140 63 100
140 63 100
140 62 100
140 62 100
140 62 100
140 62 100
140 62 100
140 61 100
140 61 100
140 61 100
140 61 100
140 61 100
140 60 100
140 60 100
140 60 100
140 60 100
140 59 100
140 59 100
140 59 100
140 59 100
140 59 100
140 59 100
140 58 100
140 58 100
140 58 100
140 58 100
140 58 100
140 57 100
140 57 100
140 57 100
140 57 100
140 57 100
140 56 100
140 56 100
140 56 100
140 56 100
140 55 100
140 55 100
140 55 100
140 55 100
140 54 100
140 54 100
140 54 100
140 53 100
140 53 100
140 53 100
140 52 100
140 52 100
140 51 100
140 51 100
140 49 100
140 49 100
140 48 100
140 48 100
140 47 100
140 46 100
140 45 100
140 44 100
140 43 100
140 42 100
140 41 100
140 39 100
140 38 100
140 37 100
140 36 100
140 35 100
140 34 100
140 33 100
140 32 100
140 31 100
139 30 100
138 30 100
137 30 100
136 30 100
135 30 100
134 30 100
134 30 100
133 30 100
133 30 100
132 30 100
132 30 100
131 30 100
131 30 100
129 30 100
129 30 100
128 30 100
128 30 100
128 30 100
127 30 100
127 30 100
127 30 100
126 30 100
126 30 100
126 30 100
125 30 100
125 30 100
125 30 100
125 30 100
124 30 100
124 30 100
124 30 100
124 30 100
123 30 100
123 30 100
123 30 100
123 30 100
122 30 100
122 30 100
122 30 100
122 30 100
122 30 100
121 30 100
121 30 100
121 30 100
121 30 100
121 30 100
120 30 100
120 30 100
120 30 100
120 30 100
119 30 100
119 30 100
119 30 100
119 30 100
119 30 100
118 30 100
118 30 100
118 30 100
118 30 100
118 30 100
117 30 100
117 30 100
117 30 100
117 30 100
116 30 100
116 30 100
116 30 100
116 30 100
115 30 100
115 30 100
115 30 100
114 30 100
114 30 100
114 30 100
113 30 100
113 30 100
112 30 100
112 30 100
111 30 100
111 30 100
109 30 100
108 30 100
107 30 100
106 30 100
105 30 100
104 30 100
103 30 100
102 30 100
101 30 100
100 31 100
100 32 100
100 33 100
100 34 100
100 35 100
100 36 100
100 37 100
100 38 100
100 39 100
99 40 100
98 40 100
97 40 100
96 40 100
95 40 100
94 40 100
93 40 100
92 40 100
91 40 100
89 40 100
88 40 100
87 40 100
86 40 100
85 40 100
84 40 100
83 40 100
82 40 100
81 40 100
80 41 100
80 42 100
80 43 100
80 44 100
80 45 100
80 46 100
80 47 100
80 48 100
80 49 100
79 50 100
78 50 100
77 50 100
76 50 100
75 50 100
74 50 100
73 50 100
72 50 100
71 50 100
69 50 100
68 50 100
67 50 100
66 50 100
65 50 100
64 50 100
63 50 100
62 50 100
61 50 100
59 50 100
58 50 100
57 50 100
56 50 100
55 50 100
54 50 100
53 50 100
52 50 100
51 50 100
51 50 100
49 50 100
49 50 100
49 49 100
49 49 100
49 49 100
48 49 100
48 49 100
48 49 100
48 48 100
48 48 100
48 48 100
48 48 100
47 48 100
47 48 100
47 48 100
47 48 100
47 47 100
47 47 100
47 47 100
47 47 100
47 47 100
46 47 100
46 47 100
46 47 100
46 47 100
46 47 100
46 47 100
46 46 100
46 46 100
46 46 100
46 46 100
46 46 100
46 46 100
45 46 100
45 46 100
45 46 100
45 46 100
45 46 100
45 46 100
45 46 100
45 45 100
45 45 100
45 45 100
45 45 100
45 45 100
45 45 100
45 45 100
44 45 100
44 45 100
44 45 100
44 45 100
44 45 100
44 45 100
44 45 100
44 44 100
44 44 100
44 44 100
44 44 100
44 44 100
44 44 100
44 44 100
44 44 100
43 44 100
43 44 100
43 44 100
43 44 100
43 44 100
43 44 100
43 44 100
43 44 100
43 43 100
43 43 100
43 43 100
43 43 100
43 43 100
43 43 100
43 43 100
43 43 100
42 43 100
42 43 100
42 43 100
42 43 100
42 43 100
42 43 100
42 43 100
42 43 100
42 42 100
42 42 100
42 42 100
42 42 100
42 42 100
42 42 100
42 42 100
42 42 100
41 42 100
41 42 100
41 42 100
41 42 100
41 42 100
41 42 100
41 42 100
41 42 100
41 41 100
41 41 100
41 41 100
41 41 100
41 41 100
41 41 100
41 41 100
41 41 100
40 41 100
40 41 100
40 41 100
40 41 100
40 41 100
40 41 100
40 41 100
40 41 100
40 40 100
40 40 100
40 40 100
40 40 100
40 40 100
40 40 100
39 40 100
39 40 100
39 40 100
39 40 100
39 40 100
39 40 100
39 40 100
39 40 100
38 40 100
38 40 100
38 40 100
38 40 100
38 40 100
38 40 100
38 40 100
37 40 100
37 40 100
37 40 100
37 40 100
37 40 100
37 40 100
37 40 100
36 40 100
36 40 100
36 40 100
36 40 100
36 40 100
36 40 100
35 40 100
35 40 100
35 40 100
35 40 100
35 40 100
34 40 100
34 40 100
34 40 100
34 40 100
33 40 100
33 40 100
33 40 100
32 40 100
32 40 100
32 40 100
31 40 100
31 40 100
30 39 100
30 38 100
30 37 100
30 36 100
30 35 100
30 34 100
30 33 100
30 32 100
30 31 100
30 29 100
30 28 100
30 27 100
30 26 100
30 25 100
30 24 100
30 23 100
30 22 100
30 21 100
29 20 100
29 21 100
28 21 100
27 21 100
26 21 100
25 21 100
24 21 100
176 32 100
175 32 100
175 31 100
174 31 100
174 30 100
173 30 100
172 30 100
171 30 100
170 31 100
170 32 100
170 33 100
170 34 100
170 35 100
170 36 100
170 37 100
170 38 100
170 39 100
169 40 100
168 40 100
167 40 100
166 40 100
165 40 100
164 40 100
163 40 100
162 40 100
161 40 100
159 40 100
158 40 100
157 40 100
156 40 100
155 40 100
154 40 100
153 40 100
152 40 100
151 40 100
149 40 100
148 40 100
147 40 100
146 40 100
145 40 100
144 40 100
143 40 100
142 40 100
141 40 100
71 88 100
70 88 100
70 87 100
70 86 100
70 85 100
70 84 100
70 83 100
70 82 100
70 81 100
70 79 100
70 78 100
70 77 100
70 76 100
70 75 100
70 74 100
70 73 100
70 72 100
70 71 100
70 69 100
70 68 100
70 67 100
70 66 100
70 65 100
70 64 100
70 63 100
70 62 100
70 61 100
70 59 100
70 58 100
70 57 100
70 56 100
70 55 100
70 54 100
70 53 100
70 52 100
70 51 100
32 181 100
31 181 100
31 180 100
30 179 100
30 178 100
30 177 100
30 176 100
30 175 100
30 174 100
30 173 100
30 172 100
30 171 100
30 169 100
30 168 100
30 167 100
30 166 100
30 165 100
30 164 100
30 163 100
30 162 100
30 161 100
30 159 100
30 158 100
30 157 100
30 156 100
30 155 100
30 154 100
30 153 100
30 152 100
30 151 100
30 149 100
30 148 100
30 147 100
30 146 100
30 145 100
30 144 100
30 143 100
30 142 100
30 141 100
30 139 100
30 138 100
30 137 100
30 136 100
30 135 100
30 134 100
30 133 100
30 132 100
30 131 100
30 129 100
30 128 100
30 127 100
30 126 100
30 125 100
30 124 100
30 123 100
30 122 100
30 121 100
31 120 100
31 120 100
32 120 100
32 120 100
33 120 100
33 120 100
34 120 100
34 120 100
35 120 100
35 120 100
36 120 100
36 120 100
37 120 100
37 120 100
38 120 100
38 120 100
39 120 100
39 120 100
41 120 100
42 120 100
43 120 100
44 120 100
45 120 100
46 120 100
47 120 100
48 120 100
49 120 100
50 119 100
50 118 100
50 117 100
50 116 100
50 115 100
50 114 100
50 113 100
50 112 100
50 111 100
51 110 100
52 110 100
53 110 100
54 110 100
55 110 100
56 110 100
57 110 100
58 110 100
59 110 100
61 110 100
62 110 100
63 110 100
64 110 100
65 110 100
66 110 100
67 110 100
68 110 100
69 110 100
70 109 100
70 108 100
70 107 100
70 106 100
70 105 100
70 104 100
70 103 100
70 102 100
70 101 100
70 99 100
70 98 100
70 97 100
70 96 100
70 95 100
70 94 100
70 93 100
70 92 100
70 91 100
71 90 100
71 89 100
16 133 100
17 133 100
17 132 100
18 132 100
18 131 100
19 131 100
19 130 100
21 130 100
22 130 100
23 130 100
24 130 100
25 130 100
26 130 100
27 130 100
28 130 100
29 130 100
184 178 100
183 178 100
183 179 100
182 179 100
182 180 100
181 180 100
179 180 100
178 180 100
177 180 100
176 180 100
175 180 100
174 180 100
173 180 100
172 180 100
171 180 100
169 180 100
168 180 100
167 180 100
166 180 100
165 180 100
164 180 100
163 180 100
162 180 100
161 180 100
160 181 100
160 182 100
160 183 100
160 184 100
160 185 100
160 186 100
160 187 100
160 188 100
160 189 100
159 190 100
158 190 100
157 190 100
156 190 100
155 190 100
154 190 100
153 190 100
152 190 100
152 190 100
151 190 100
151 190 100
150 190 100
149 190 100
149 190 100
149 190 100
148 190 100
148 190 100
148 190 100
147 190 100
147 190 100
147 190 100
147 190 100
146 190 100
146 190 100
146 190 100
146 190 100
146 190 100
145 190 100
145 190 100
145 190 100
145 190 100
145 190 100
145 190 100
145 190 100
144 190 100
144 190 100
144 190 100
144 190 100
144 190 100
144 190 100
144 190 100
144 190 100
144 190 100
143 190 100
143 190 100
143 190 100
143 190 100
143 190 100
143 190 100
143 190 100
143 190 100
143 190 100
143 190 100
143 190 100
142 190 100
142 190 100
142 190 100
142 190 100
142 190 100
142 190 100
142 190 100
142 190 100
142 190 100
142 190 100
142 190 100
142 190 100
142 190 100
141 190 100
141 190 100
141 190 100
141 190 100
141 190 100
141 190 100
141 190 100
141 190 100
141 190 100
141 190 100
141 190 100
141 190 100
141 190 100
141 190 100
141 190 100
140 190 100
140 190 100
140 190 100
140 190 100
140 190 100
140 190 100
140 190 100
140 190 100
140 190 100
140 190 100
140 190 100
140 190 100
140 190 100
140 190 100
140 190 100
139 190 100
139 190 100
139 190 100
139 190 100
139 190 100
139 190 100
139 190 100
139 190 100
139 190 100
139 190 100
139 190 100
139 190 100
139 190 100
139 190 100
139 190 100
139 190 100
139 190 100
139 190 100
138 190 100
138 190 100
138 190 100
138 190 100
138 190 100
138 190 100
138 190 100
138 190 100
138 190 100
138 190 100
138 190 100
138 190 100
138 190 100
138 190 100
138 190 100
138 190 100
138 190 100
138 190 100
138 190 100
137 190 100
137 190 100
137 190 100
137 190 100
137 190 100
137 190 100
137 190 100
137 190 100
137 190 100
137 190 100
137 190 100
137 190 100
137 190 100
137 190 100
137 190 100
137 190 100
137 190 100
137 190 100
137 190 100
137 190 100
136 190 100
136 190 100
136 190 100
136 190 100
136 190 100
136 190 100
136 190 100
136 190 100
136 190 100
136 190 100
136 190 100
136 190 100
136 190 100
136 190 100
136 190 100
136 190 100
136 190 100
136 190 100
136 190 100
136 190 100
136 190 100
135 190 100
135 190 100
135 190 100
135 190 100
135 190 100
135 190 100
135 190 100
135 190 100
135 190 100
135 190 100
135 190 100
135 190 100
135 190 100
135 190 100
135 190 100
135 190 100
135 190 100
135 190 100
135 190 100
135 190 100
135 190 100
134 190 100
134 190 100
134 190 100
134 190 100
134 190 100
134 190 100
134 190 100
134 190 100
134 190 100
134 190 100
134 190 100
134 190 100
134 190 100
134 190 100
134 190 100
134 190 100
134 190 100
134 190 100
134 190 100
134 190 100
133 190 100
133 190 100
133 190 100
133 190 100
133 190 100
133 190 100
133 190 100
133 190 100
133 190 100
133 190 100
133 190 100
133 190 100
133 190 100
133 190 100
133 190 100
133 190 100
133 190 100
133 190 100
133 190 100
132 190 100
132 190 100
132 190 100
132 190 100
132 190 100
132 190 100
132 190 100
132 190 100
132 190 100
132 190 100
132 190 100
132 190 100
132 190 100
132 190 100
132 190 100
132 190 100
132 190 100
131 190 100
131 190 100
131 190 100
131 190 100
131 190 100
131 190 100
131 190 100
131 190 100
131 190 100
131 190 100
131 190 100
131 190 100
131 190 100
131 190 100
131 190 100
130 190 100
130 190 100
130 190 100
130 190 100
130 190 100
130 190 100
130 190 100
130 190 100
130 190 100
130 190 100
130 190 100
130 190 100
129 190 100
129 190 100
129 190 100
129 190 100
129 190 100
129 190 100
129 190 100
129 190 100
129 190 100
129 190 100
129 190 100
128 190 100
128 190 100
128 190 100
128 190 100
128 190 100
128 190 100
128 190 100
128 190 100
128 190 100
127 190 100
127 190 100
127 190 100
127 190 100
127 190 100
127 190 100
127 190 100
126 190 100
126 190 100
126 190 100
126 190 100
126 190 100
126 190 100
125 190 100
125 190 100
125 190 100
125 190 100
125 190 100
124 190 100
124 190 100
124 190 100
124 190 100
123 190 100
123 190 100
123 190 100
123 190 100
122 190 100
122 190 100
122 190 100
121 190 100
121 190 100
120 190 100
119 190 100
119 190 100
118 190 100
117 190 100
116 190 100
115 190 100
114 190 100
113 190 100
112 190 100
111 190 100
109 190 100
109 191 100
108 191 100
108 192 100
107 192 100
107 193 100
106 193 100
106 194 100
105 194 100
105 195 100
104 195 100
104 196 100
103 196 100
103 197 100
102 197 100
