# score 183540
150 0 100
160 0 100
170 0 100
180 0 100
190 0 100
150 10 100
160 10 100
170 10 100
180 10 100
190 10 100
150 20 100
160 20 100
170 20 100
180 20 100
190 20 100
150 30 100
160 30 100
170 30 100
180 30 100
190 30 100
150 40 100
160 40 100
170 40 100
180 40 100
190 40 100
20 10 100
30 10 100
40 10 100
50 10 100
60 10 100
70 10 100
80 10 100
90 10 100
100 10 100
20 20 100
30 20 100
40 20 100
50 20 100
60 20 100
70 20 100
80 20 100
90 20 100
100 20 100
20 30 100
30 30 100
40 30 100
50 30 100
60 30 100
70 30 100
80 30 100
90 30 100
100 30 100
20 40 100
30 40 100
40 40 100
50 40 100
60 40 100
70 40 100
80 40 100
90 40 100
100 40 100
20 50 100
30 50 100
40 50 100
50 50 100
60 50 100
70 50 100
80 50 100
90 50 100
100 50 100
20 60 100
30 60 100
40 60 100
50 60 100
60 60 100
70 60 100
80 60 100
90 60 100
100 60 100
20 70 100
30 70 100
40 70 100
50 70 100
60 70 100
70 70 100
80 70 100
90 70 100
100 70 100
20 80 100
30 80 100
40 80 100
50 80 100
60 80 100
70 80 100
80 80 100
90 80 100
100 80 100
20 90 100
30 90 100
40 90 100
50 90 100
60 90 100
70 90 100
80 90 100
90 90 100
100 90 100
0 70 100
10 70 100
20 70 100
30 70 100
40 70 100
50 70 100
0 80 100
10 80 100
20 80 100
30 80 100
50 80 100
0 90 100
10 90 100
20 90 100
0 100 100
10 100 100
20 100 100
30 100 100
40 100 100
50 100 100
0 110 100
10 110 100
20 110 100
30 110 100
40 110 100
50 110 100
0 120 100
10 120 100
20 120 100
30 120 100
40 120 100
50 120 100
0 130 100
10 130 100
20 130 100
30 130 100
40 130 100
50 130 100
0 140 100
10 140 100
20 140 100
30 140 100
40 140 100
50 140 100
0 150 100
10 150 100
20 150 100
30 150 100
40 150 100
50 150 100
150 70 100
160 70 100
170 70 100
180 70 100
190 70 100
150 80 100
160 80 100
170 80 100
180 80 100
190 80 100
150 90 100
160 90 100
170 90 100
180 90 100
190 90 100
150 100 100
160 100 100
170 100 100
180 100 100
190 100 100
150 110 100
160 110 100
170 110 100
180 110 100
190 110 100
150 120 100
160 120 100
170 120 100
180 120 100
190 120 100
150 130 100
160 130 100
170 130 100
180 130 100
190 130 100
150 140 100
160 140 100
170 140 100
180 140 100
190 140 100
150 150 100
160 150 100
170 150 100
180 150 100
190 150 100
198 115 100
197 115 100
197 116 100
196 116 100
196 117 100
195 117 100
195 118 100
194 118 100
194 119 100
193 119 100
193 120 100
192 120 100
191 120 100
190 119 100
190 118 100
190 117 100
190 116 100
190 115 100
190 114 100
190 113 100
190 112 100
190 112 100
190 111 100
190 111 100
190 111 100
190 110 100
190 110 100
190 110 100
190 109 100
190 109 100
190 109 100
190 109 100
190 109 100
190 108 100
190 108 100
190 108 100
190 108 100
190 108 100
190 108 100
190 108 100
190 107 100
190 107 100
190 107 100
190 107 100
190 107 100
190 107 100
190 107 100
190 107 100
190 107 100
190 107 100
190 106 100
190 106 100
190 106 100
190 106 100
190 106 100
190 106 100
190 106 100
190 106 100
190 106 100
190 106 100
190 106 100
190 106 100
190 105 100
190 105 100
190 105 100
190 105 100
190 105 100
190 105 100
190 105 100
190 105 100
190 105 100
190 105 100
190 105 100
190 105 100
190 105 100
190 105 100
190 104 100
190 104 100
190 104 100
190 104 100
190 104 100
190 104 100
190 104 100
190 104 100
190 104 100
190 104 100
190 104 100
190 104 100
190 104 100
190 104 100
190 103 100
190 103 100
190 103 100
190 103 100
190 103 100
190 103 100
190 103 100
190 103 100
190 103 100
190 103 100
190 103 100
190 103 100
190 103 100
190 103 100
190 102 100
190 102 100
190 102 100
190 102 100
190 102 100
190 102 100
190 102 100
190 102 100
190 102 100
190 102 100
190 102 100
190 102 100
190 102 100
190 101 100
190 101 100
190 101 100
190 101 100
190 101 100
190 101 100
190 101 100
190 101 100
190 101 100
190 101 100
190 101 100
190 100 100
190 100 100
190 100 100
190 100 100
190 100 100
190 100 100
190 100 100
190 99 100
190 99 100
190 99 100
190 99 100
190 99 100
190 99 100
190 98 100
190 98 100
190 98 100
190 98 100
190 97 100
190 97 100
190 97 100
190 96 100
190 96 100
190 95 100
190 94 100
190 93 100
190 92 100
190 91 100
190 89 100
190 88 100
190 87 100
190 86 100
190 85 100
190 84 100
190 83 100
190 82 100
190 81 100
189 80 100
189 79 100
188 79 100
188 78 100
187 78 100
187 77 100
186 77 100
186 76 100
185 76 100
185 75 100
185 75 100
184 75 100
184 75 100
184 74 100
184 74 100
183 74 100
183 74 100
183 73 100
183 73 100
182 73 100
182 73 100
182 72 100
182 72 100
181 72 100
181 72 100
181 71 100
181 71 100
180 71 100
180 71 100
180 69 100
180 68 100
180 67 100
180 66 100
180 65 100
180 64 100
180 63 100
180 62 100
180 61 100
180 61 100
180 60 100
180 60 100
180 59 100
180 59 100
180 58 100
180 58 100
180 58 100
180 57 100
180 57 100
180 57 100
180 57 100
180 56 100
180 56 100
180 56 100
180 56 100
180 55 100
180 55 100
180 55 100
180 55 100
180 54 100
180 54 100
180 54 100
180 54 100
180 53 100
180 53 100
180 53 100
180 52 100
180 52 100
180 52 100
180 51 100
180 51 100
180 50 100
180 50 100
180 49 100
180 49 100
180 48 100
180 47 100
180 46 100
180 45 100
180 44 100
180 43 100
180 42 100
180 41 100
180 39 100
180 38 100
180 37 100
180 36 100
180 36 100
180 35 100
180 35 100
180 34 100
180 34 100
180 34 100
180 33 100
180 33 100
180 33 100
180 32 100
180 32 100
180 32 100
180 32 100
180 31 100
180 31 100
180 31 100
180 31 100
180 31 100
180 30 100
180 30 100
180 30 100
180 30 100
180 30 100
180 30 100
180 29 100
180 29 100
180 29 100
180 29 100
180 29 100
180 29 100
180 29 100
180 29 100
180 28 100
180 28 100
180 28 100
180 28 100
180 28 100
180 28 100
180 28 100
180 28 100
180 28 100
180 28 100
180 28 100
180 27 100
180 27 100
180 27 100
180 27 100
180 27 100
180 27 100
180 27 100
180 27 100
180 27 100
180 27 100
180 27 100
180 27 100
180 27 100
180 27 100
180 26 100
180 26 100
180 26 100
180 26 100
180 26 100
180 26 100
180 26 100
180 26 100
180 26 100
180 26 100
180 26 100
180 26 100
180 26 100
180 26 100
180 26 100
180 26 100
180 26 100
180 26 100
180 25 100
180 25 100
180 25 100
180 25 100
180 25 100
180 25 100
180 25 100
180 25 100
180 25 100
180 25 100
180 25 100
180 25 100
180 25 100
180 25 100
180 25 100
180 25 100
180 25 100
180 25 100
180 25 100
180 25 100
180 25 100
180 24 100
180 24 100
180 24 100
180 24 100
180 24 100
180 24 100
180 24 100
180 24 100
180 24 100
180 24 100
180 24 100
180 24 100
180 24 100
180 24 100
180 24 100
180 24 100
180 24 100
180 24 100
180 24 100
180 24 100
180 24 100
180 24 100
180 24 100
180 24 100
180 24 100
180 23 100
180 23 100
180 23 100
180 23 100
180 23 100
180 23 100
180 23 100
180 23 100
180 23 100
180 23 100
180 23 100
180 23 100
180 23 100
180 23 100
180 23 100
180 23 100
180 23 100
180 23 100
180 23 100
180 23 100
180 23 100
180 23 100
180 23 100
180 23 100
180 23 100
180 23 100
180 23 100
180 22 100
180 22 100
180 22 100
180 22 100
180 22 100
180 22 100
180 22 100
180 22 100
180 22 100
180 22 100
180 22 100
180 22 100
180 22 100
180 22 100
180 22 100
180 22 100
180 22 100
180 22 100
180 22 100
180 22 100
180 22 100
180 22 100
180 22 100
180 22 100
180 22 100
180 22 100
180 22 100
180 22 100
180 21 100
180 21 100
180 21 100
180 21 100
180 21 100
180 21 100
180 21 100
180 21 100
180 21 100
180 21 100
180 21 100
180 21 100
180 21 100
180 21 100
180 21 100
180 21 100
180 21 100
180 21 100
180 21 100
180 21 100
180 21 100
180 21 100
180 21 100
180 21 100
180 21 100
180 21 100
180 21 100
180 21 100
180 20 100
180 20 100
180 20 100
180 20 100
180 20 100
180 20 100
180 20 100
180 20 100
180 20 100
180 20 100
180 20 100
180 20 100
180 20 100
180 20 100
180 20 100
180 20 100
180 20 100
180 20 100
180 20 100
180 20 100
180 20 100
180 20 100
180 20 100
180 20 100
180 20 100
180 20 100
180 19 100
180 19 100
180 19 100
180 19 100
180 19 100
180 19 100
180 19 100
180 19 100
180 19 100
180 19 100
180 19 100
180 19 100
180 19 100
180 19 100
180 19 100
180 19 100
180 19 100
180 19 100
180 19 100
180 19 100
180 19 100
180 19 100
180 19 100
180 19 100
180 19 100
180 18 100
180 18 100
180 18 100
180 18 100
180 18 100
180 18 100
180 18 100
180 18 100
180 18 100
180 18 100
180 18 100
180 18 100
180 18 100
180 18 100
180 18 100
180 18 100
180 18 100
180 18 100
180 18 100
180 18 100
180 18 100
180 17 100
180 17 100
180 17 100
180 17 100
180 17 100
180 17 100
180 17 100
180 17 100
180 17 100
180 17 100
180 17 100
180 17 100
180 17 100
180 17 100
180 17 100
180 17 100
180 17 100
180 16 100
180 16 100
180 16 100
180 16 100
180 16 100
180 16 100
180 16 100
180 16 100
180 16 100
180 16 100
180 16 100
180 16 100
180 16 100
180 15 100
180 15 100
180 15 100
180 15 100
180 15 100
180 15 100
180 15 100
180 15 100
180 15 100
180 14 100
180 14 100
180 14 100
180 14 100
180 14 100
180 14 100
180 13 100
180 13 100
180 13 100
180 13 100
180 12 100
180 12 100
180 12 100
180 11 100
180 11 100
180 10 100
180 9 100
180 9 100
180 8 100
180 7 100
180 6 100
180 5 100
180 4 100
180 3 100
180 2 100
180 1 100
181 0 100
182 0 100
183 0 100
184 0 100
185 0 100
186 0 100
187 0 100
188 0 100
189 0 100
191 0 100
191 1 100
192 1 100
192 2 100
