# score 174004
130 0 100
140 0 100
150 0 100
160 0 100
170 0 100
180 0 100
190 0 100
130 10 100
140 10 100
150 10 100
160 10 100
170 10 100
180 10 100
190 10 100
130 20 100
140 20 100
150 20 100
160 20 100
170 20 100
180 20 100
190 20 100
130 30 100
140 30 100
150 30 100
160 30 100
170 30 100
180 30 100
190 30 100
130 40 100
140 40 100
150 40 100
160 40 100
170 40 100
180 40 100
190 40 100
140 150 100
150 150 100
160 150 100
170 150 100
180 150 100
190 150 100
140 160 100
150 160 100
160 160 100
170 160 100
180 160 100
190 160 100
140 170 100
150 170 100
160 170 100
170 170 100
180 170 100
190 170 100
140 180 100
150 180 100
160 180 100
170 180 100
180 180 100
190 180 100
140 190 100
150 190 100
160 190 100
170 190 100
180 190 100
190 190 100
0 0 100
10 0 100
20 0 100
30 0 100
40 0 100
50 0 100
60 0 100
70 0 100
80 0 100
0 10 100
10 10 100
20 10 100
30 10 100
40 10 100
50 10 100
60 10 100
70 10 100
80 10 100
0 20 100
10 20 100
20 20 100
30 20 100
40 20 100
50 20 100
60 20 100
70 20 100
80 20 100
0 30 100
10 30 100
20 30 100
30 30 100
40 30 100
50 30 100
60 30 100
70 30 100
80 30 100
0 40 100
10 40 100
20 40 100
30 40 100
40 40 100
50 40 100
60 40 100
70 40 100
80 40 100
70 0 100
80 0 100
90 0 100
100 0 100
110 0 100
120 0 100
90 10 100
100 10 100
110 10 100
120 10 100
40 20 100
70 20 100
90 20 100
100 20 100
110 20 100
120 20 100
40 30 100
50 30 100
60 30 100
70 30 100
80 30 100
90 30 100
100 30 100
110 30 100
120 30 100
50 40 100
60 40 100
70 40 100
90 40 100
100 40 100
110 40 100
120 40 100
40 50 100
50 50 100
60 50 100
70 50 100
80 50 100
90 50 100
100 50 100
110 50 100
120 50 100
40 60 100
50 60 100
60 60 100
70 60 100
80 60 100
90 60 100
100 60 100
110 60 100
120 60 100
40 70 100
50 70 100
60 70 100
70 70 100
80 70 100
90 70 100
100 70 100
110 70 100
120 70 100
40 80 100
50 80 100
60 80 100
70 80 100
80 80 100
90 80 100
100 80 100
110 80 100
120 80 100
120 20 100
150 20 100
160 20 100
170 20 100
110 30 100
120 30 100
130 30 100
160 30 100
170 30 100
180 30 100
190 30 100
110 40 100
120 40 100
130 40 100
140 40 100
160 40 100
170 40 100
180 40 100
190 40 100
110 50 100
120 50 100
130 50 100
140 50 100
150 50 100
160 50 100
170 50 100
180 50 100
190 50 100
120 60 100
130 60 100
140 60 100
150 60 100
160 60 100
170 60 100
180 60 100
190 60 100
130 70 100
140 70 100
150 70 100
160 70 100
170 70 100
180 70 100
190 70 100
130 80 100
140 80 100
150 80 100
160 80 100
170 80 100
180 80 100
190 80 100
110 90 100
120 90 100
130 90 100
140 90 100
150 90 100
160 90 100
170 90 100
180 90 100
190 90 100
110 100 100
120 100 100
130 100 100
140 100 100
150 100 100
160 100 100
170 100 100
180 100 100
190 100 100
40 90 100
50 90 100
60 90 100
70 90 100
80 90 100
90 90 100
100 90 100
110 90 100
40 100 100
50 100 100
60 100 100
70 100 100
80 100 100
90 100 100
100 100 100
110 100 100
120 100 100
40 110 100
50 110 100
60 110 100
70 110 100
80 110 100
90 110 100
100 110 100
110 110 100
120 110 100
40 120 100
50 120 100
60 120 100
70 120 100
80 120 100
90 120 100
100 120 100
110 120 100
120 120 100
40 130 100
50 130 100
60 130 100
70 130 100
80 130 100
90 130 100
100 130 100
110 130 100
120 130 100
40 140 100
50 140 100
60 140 100
70 140 100
80 140 100
90 140 100
100 140 100
110 140 100
120 140 100
40 150 100
50 150 100
60 150 100
70 150 100
80 150 100
90 150 100
100 150 100
110 150 100
120 150 100
40 160 100
50 160 100
60 160 100
70 160 100
80 160 100
90 160 100
100 160 100
110 160 100
120 160 100
40 170 100
50 170 100
60 170 100
70 170 100
80 170 100
90 170 100
100 170 100
110 170 100
120 170 100
110 150 100
120 150 100
130 150 100
140 150 100
80 160 100
90 160 100
120 160 100
130 160 100
140 160 100
60 170 100
70 170 100
80 170 100
90 170 100
120 170 100
130 170 100
140 170 100
60 180 100
70 180 100
80 180 100
90 180 100
100 180 100
110 180 100
120 180 100
130 180 100
140 180 100
60 190 100
70 190 100
80 190 100
90 190 100
100 190 100
110 190 100
120 190 100
130 190 100
10 0 100
0 10 100
10 10 100
20 10 100
30 10 100
10 20 100
20 20 100
30 20 100
40 20 100
30 30 100
40 30 100
0 50 100
10 50 100
20 50 100
30 50 100
0 60 100
10 60 100
20 60 100
30 60 100
50 60 100
0 70 100
10 70 100
20 70 100
30 70 100
50 70 100
120 20 100
70 30 100
80 30 100
110 30 100
120 30 100
130 30 100
60 40 100
70 40 100
110 40 100
120 40 100
130 40 100
140 40 100
60 50 100
70 50 100
110 50 100
120 50 100
130 50 100
140 50 100
60 60 100
70 60 100
80 60 100
130 60 100
140 60 100
60 70 100
70 70 100
80 70 100
90 70 100
60 80 100
70 80 100
80 80 100
90 80 100
100 80 100
60 90 100
80 90 100
90 90 100
100 90 100
110 90 100
60 100 100
90 100 100
100 100 100
110 100 100
120 100 100
150 90 100
160 90 100
170 90 100
150 100 100
160 100 100
170 100 100
140 110 100
150 110 100
160 110 100
170 110 100
180 110 100
190 110 100
140 120 100
150 120 100
160 120 100
170 120 100
180 120 100
190 120 100
140 130 100
150 130 100
160 130 100
170 130 100
180 130 100
190 130 100
140 140 100
150 140 100
160 140 100
170 140 100
180 140 100
190 140 100
140 150 100
150 150 100
160 150 100
170 150 100
140 160 100
170 160 100
180 160 100
160 170 100
170 170 100
180 170 100
190 170 100
82 41 100
81 41 100
81 40 100
80 39 100
80 38 100
80 37 100
80 36 100
80 36 100
80 35 100
80 35 100
80 34 100
80 34 100
80 34 100
80 33 100
80 33 100
80 33 100
80 32 100
80 32 100
80 32 100
80 31 100
80 31 100
80 31 100
80 29 100
80 29 100
80 29 100
80 28 100
80 28 100
80 27 100
80 27 100
80 26 100
80 26 100
80 25 100
80 25 100
80 24 100
80 24 100
80 23 100
80 23 100
80 22 100
80 21 100
79 20 100
78 20 100
77 20 100
77 20 100
76 20 100
76 20 100
76 20 100
75 20 100
75 20 100
75 20 100
74 20 100
74 20 100
74 20 100
73 20 100
73 20 100
73 20 100
72 20 100
72 20 100
72 20 100
71 20 100
71 20 100
69 20 100
69 20 100
68 20 100
68 20 100
67 20 100
67 20 100
66 20 100
66 20 100
65 20 100
65 20 100
64 20 100
64 20 100
63 20 100
63 20 100
62 20 100
62 20 100
61 20 100
60 19 100
60 18 100
60 17 100
60 16 100
60 15 100
60 14 100
60 13 100
60 12 100
60 11 100
59 10 100
58 10 100
57 10 100
56 10 100
55 10 100
54 10 100
53 10 100
52 10 100
51 10 100
49 10 100
48 10 100
47 10 100
46 10 100
45 10 100
44 10 100
43 10 100
42 10 100
41 10 100
40 9 100
40 8 100
40 7 100
40 6 100
40 5 100
40 4 100
40 3 100
40 2 100
159 66 100
160 66 100
160 67 100
160 68 100
160 69 100
159 70 100
158 70 100
157 70 100
156 70 100
155 70 100
154 70 100
153 70 100
152 70 100
151 70 100
149 70 100
148 70 100
147 70 100
146 70 100
145 70 100
144 70 100
143 70 100
142 70 100
141 70 100
139 70 100
138 70 100
137 70 100
136 70 100
135 70 100
134 70 100
133 70 100
132 70 100
131 70 100
129 70 100
128 70 100
127 70 100
126 70 100
125 70 100
124 70 100
123 70 100
122 70 100
121 70 100
119 70 100
118 70 100
117 70 100
116 70 100
115 70 100
114 70 100
113 70 100
112 70 100
111 70 100
109 70 100
108 70 100
107 70 100
106 70 100
105 70 100
104 70 100
103 70 100
102 70 100
101 70 100
101 69 100
102 69 100
102 68 100
103 68 100
103 67 100
103 66 100
102 66 100
102 65 100
101 65 100
101 64 100
100 64 100
100 63 100
100 62 100
100 61 100
99 60 100
98 60 100
97 60 100
96 60 100
95 60 100
94 60 100
93 60 100
92 60 100
91 60 100
90 59 100
90 58 100
90 57 100
90 56 100
90 55 100
90 54 100
90 53 100
90 52 100
90 51 100
90 49 100
90 48 100
90 47 100
90 46 100
90 45 100
90 44 100
90 43 100
90 42 100
90 41 100
89 40 100
89 41 100
88 41 100
87 41 100
86 41 100
85 41 100
84 41 100
83 41 100
87 135 100
88 135 100
88 134 100
89 134 100
89 133 100
90 133 100
90 132 100
90 131 100
91 130 100
92 130 100
93 130 100
94 130 100
95 130 100
96 130 100
97 130 100
98 130 100
99 130 100
101 130 100
102 130 100
103 130 100
104 130 100
105 130 100
106 130 100
107 130 100
108 130 100
109 130 100
111 130 100
112 130 100
113 130 100
114 130 100
115 130 100
116 130 100
117 130 100
118 130 100
119 130 100
120 129 100
120 128 100
120 127 100
120 126 100
120 125 100
120 124 100
120 123 100
120 122 100
120 121 100
121 120 100
122 120 100
123 120 100
124 120 100
125 120 100
126 120 100
127 120 100
128 120 100
129 120 100
130 120 100
131 120 100
132 120 100
133 120 100
134 120 100
135 120 100
136 120 100
137 120 100
138 120 100
139 120 100
140 119 100
140 118 100
140 117 100
140 116 100
140 115 100
140 114 100
140 113 100
140 112 100
140 111 100
140 109 100
140 108 100
140 107 100
140 106 100
140 105 100
140 104 100
140 103 100
140 102 100
140 101 100
140 99 100
140 98 100
140 97 100
140 96 100
140 95 100
140 94 100
140 93 100
140 92 100
140 91 100
140 89 100
140 88 100
140 87 100
140 86 100
140 85 100
140 84 100
140 83 100
140 82 100
140 81 100
140 79 100
140 78 100
140 77 100
140 76 100
140 75 100
140 74 100
140 73 100
140 72 100
140 71 100
104 199 100
103 199 100
103 198 100
102 198 100
102 197 100
101 197 100
101 196 100
100 196 100
100 195 100
100 194 100
100 193 100
100 192 100
100 191 100
100 189 100
100 189 100
100 188 100
100 188 100
100 187 100
100 187 100
100 186 100
100 186 100
100 186 100
100 185 100
100 185 100
100 185 100
100 184 100
100 184 100
100 184 100
100 183 100
100 183 100
100 182 100
100 182 100
100 181 100
100 181 100
100 180 100
100 180 100
100 179 100
100 179 100
100 179 100
100 178 100
100 178 100
100 178 100
100 178 100
100 177 100
100 177 100
100 177 100
100 177 100
100 176 100
100 176 100
100 176 100
100 176 100
100 176 100
100 175 100
100 175 100
100 175 100
100 175 100
100 175 100
100 174 100
100 174 100
100 174 100
100 174 100
100 173 100
100 173 100
100 173 100
100 173 100
100 172 100
100 172 100
100 172 100
100 171 100
100 171 100
100 169 100
100 168 100
100 167 100
100 166 100
100 165 100
100 164 100
100 163 100
100 162 100
100 161 100
100 159 100
100 158 100
100 157 100
100 156 100
100 155 100
100 154 100
100 153 100
100 152 100
100 151 100
100 149 100
100 148 100
100 147 100
100 146 100
100 145 100
100 144 100
100 143 100
100 142 100
100 141 100
100 139 100
100 138 100
100 137 100
100 136 100
100 135 100
100 134 100
100 133 100
100 132 100
100 131 100
19 35 100
20 35 100
20 36 100
20 37 100
20 38 100
20 39 100
21 40 100
22 40 100
23 40 100
24 40 100
25 40 100
26 40 100
27 40 100
28 40 100
29 40 100
31 40 100
32 40 100
33 40 100
34 40 100
35 40 100
36 40 100
37 40 100
38 40 100
39 40 100
41 40 100
42 40 100
43 40 100
44 40 100
45 40 100
46 40 100
47 40 100
48 40 100
49 40 100
49 40 100
50 39 100
50 39 100
50 38 100
50 38 100
50 37 100
50 37 100
50 36 100
50 36 100
50 35 100
50 35 100
50 35 100
50 34 100
50 34 100
50 34 100
50 33 100
50 33 100
50 33 100
50 32 100
50 32 100
50 32 100
50 31 100
50 31 100
50 29 100
50 29 100
50 28 100
50 27 100
50 26 100
50 25 100
50 24 100
50 23 100
50 22 100
50 21 100
50 19 100
50 18 100
50 17 100
50 16 100
50 15 100
50 14 100
50 13 100
50 12 100
50 11 100
189 130 100
190 129 100
190 128 100
190 127 100
190 126 100
190 125 100
190 124 100
190 123 100
190 122 100
190 121 100
190 119 100
190 118 100
190 117 100
190 116 100
190 115 100
190 114 100
190 113 100
190 112 100
190 111 100
190 109 100
190 108 100
190 107 100
190 106 100
190 105 100
190 104 100
190 103 100
190 102 100
190 101 100
190 99 100
190 98 100
190 97 100
190 96 100
190 95 100
190 94 100
190 93 100
190 92 100
190 91 100
190 89 100
190 88 100
190 87 100
190 86 100
190 85 100
190 84 100
190 83 100
190 82 100
190 81 100
189 80 100
189 79 100
188 79 100
188 78 100
188 78 100
187 78 100
187 78 100
187 77 100
186 77 100
186 76 100
185 76 100
185 75 100
184 75 100
184 74 100
183 74 100
183 73 100
182 73 100
182 72 100
181 72 100
181 71 100
180 71 100
179 70 100
178 70 100
177 70 100
176 70 100
175 70 100
174 70 100
173 70 100
172 70 100
171 70 100
169 70 100
168 70 100
167 70 100
166 70 100
165 70 100
164 70 100
163 70 100
162 70 100
161 70 100
