# score 299508
0 90 100
10 90 100
20 90 100
30 90 100
40 90 100
50 90 100
0 100 100
10 100 100
20 100 100
30 100 100
40 100 100
50 100 100
0 110 100
10 110 100
20 110 100
30 110 100
40 110 100
50 110 100
0 120 100
10 120 100
20 120 100
30 120 100
40 120 100
50 120 100
0 130 100
10 130 100
20 130 100
30 130 100
40 130 100
50 130 100
0 140 100
10 140 100
20 140 100
30 140 100
40 140 100
50 140 100
0 150 100
10 150 100
20 150 100
30 150 100
40 150 100
50 150 100
0 160 100
10 160 100
20 160 100
30 160 100
40 160 100
50 160 100
0 170 100
10 170 100
20 170 100
30 170 100
40 170 100
50 170 100
150 60 100
160 60 100
170 60 100
180 60 100
190 60 100
150 70 100
160 70 100
170 70 100
180 70 100
190 70 100
150 80 100
160 80 100
170 80 100
180 80 100
190 80 100
150 90 100
160 90 100
170 90 100
180 90 100
190 90 100
150 100 100
160 100 100
170 100 100
180 100 100
190 100 100
150 110 100
160 110 100
170 110 100
180 110 100
190 110 100
150 120 100
160 120 100
170 120 100
180 120 100
190 120 100
150 130 100
160 130 100
170 130 100
180 130 100
190 130 100
150 140 100
160 140 100
170 140 100
180 140 100
190 140 100
150 0 100
160 0 100
170 0 100
180 0 100
190 0 100
150 10 100
160 10 100
170 10 100
180 10 100
190 10 100
150 20 100
160 20 100
170 20 100
180 20 100
190 20 100
150 30 100
160 30 100
170 30 100
180 30 100
190 30 100
150 40 100
160 40 100
170 40 100
180 40 100
190 40 100
150 50 100
160 50 100
170 50 100
180 50 100
190 50 100
160 60 100
170 60 100
180 60 100
190 60 100
150 70 100
160 70 100
170 70 100
180 70 100
190 70 100
150 80 100
50 90 100
60 90 100
70 90 100
80 90 100
90 90 100
100 90 100
110 90 100
120 90 100
50 100 100
60 100 100
70 100 100
80 100 100
90 100 100
100 100 100
110 100 100
120 100 100
40 110 100
50 110 100
60 110 100
70 110 100
80 110 100
90 110 100
100 110 100
110 110 100
120 110 100
40 120 100
50 120 100
60 120 100
70 120 100
80 120 100
90 120 100
100 120 100
110 120 100
120 120 100
60 130 100
70 130 100
80 130 100
90 130 100
100 130 100
110 130 100
120 130 100
40 140 100
50 140 100
60 140 100
70 140 100
80 140 100
90 140 100
100 140 100
110 140 100
120 140 100
40 150 100
50 150 100
60 150 100
70 150 100
80 150 100
90 150 100
100 150 100
110 150 100
120 150 100
40 160 100
50 160 100
60 160 100
70 160 100
80 160 100
90 160 100
100 160 100
110 160 100
120 160 100
40 170 100
50 170 100
60 170 100
70 170 100
80 170 100
90 170 100
100 170 100
110 170 100
120 170 100
20 110 100
30 110 100
40 110 100
50 110 100
60 110 100
20 120 100
30 120 100
50 120 100
60 120 100
20 130 100
60 130 100
70 130 100
0 140 100
10 140 100
20 140 100
30 140 100
50 140 100
60 140 100
70 140 100
0 150 100
10 150 100
20 150 100
30 150 100
40 150 100
50 150 100
60 150 100
0 160 100
10 160 100
20 160 100
30 160 100
40 160 100
50 160 100
60 160 100
70 160 100
0 170 100
20 170 100
30 170 100
40 170 100
50 170 100
60 170 100
70 170 100
0 180 100
10 180 100
20 180 100
30 180 100
40 180 100
50 180 100
60 180 100
70 180 100
80 180 100
0 190 100
10 190 100
20 190 100
30 190 100
40 190 100
50 190 100
60 190 100
70 190 100
80 190 100
10 150 100
20 150 100
30 150 100
40 150 100
50 150 100
60 150 100
20 160 100
30 160 100
40 160 100
50 160 100
60 160 100
70 160 100
20 170 100
30 170 100
40 170 100
50 170 100
60 170 100
70 170 100
20 180 100
30 180 100
50 180 100
60 180 100
90 180 100
20 190 100
30 190 100
90 190 100
0 20 100
10 20 100
20 20 100
30 20 100
40 20 100
50 20 100
60 20 100
70 20 100
80 20 100
0 30 100
10 30 100
20 30 100
30 30 100
40 30 100
50 30 100
60 30 100
70 30 100
80 30 100
0 40 100
10 40 100
20 40 100
30 40 100
40 40 100
50 40 100
60 40 100
70 40 100
80 40 100
0 50 100
10 50 100
20 50 100
30 50 100
40 50 100
50 50 100
60 50 100
70 50 100
80 50 100
0 60 100
10 60 100
20 60 100
30 60 100
40 60 100
50 60 100
60 60 100
70 60 100
80 60 100
0 70 100
10 70 100
20 70 100
30 70 100
40 70 100
50 70 100
60 70 100
70 70 100
80 70 100
0 80 100
10 80 100
20 80 100
30 80 100
40 80 100
50 80 100
60 80 100
70 80 100
80 80 100
0 90 100
10 90 100
20 90 100
30 90 100
50 90 100
60 90 100
70 90 100
80 90 100
0 100 100
10 100 100
20 100 100
30 100 100
60 100 100
70 100 100
80 100 100
30 0 100
40 0 100
50 0 100
60 0 100
70 0 100
80 0 100
90 0 100
100 0 100
110 0 100
30 10 100
40 10 100
50 10 100
60 10 100
70 10 100
80 10 100
90 10 100
100 10 100
110 10 100
30 20 100
40 20 100
90 20 100
100 20 100
110 20 100
30 30 100
40 30 100
50 30 100
60 30 100
90 30 100
100 30 100
110 30 100
30 40 100
50 40 100
60 40 100
70 40 100
90 40 100
100 40 100
110 40 100
60 50 100
70 50 100
90 50 100
100 50 100
110 50 100
60 60 100
90 60 100
100 60 100
110 60 100
30 70 100
40 70 100
50 70 100
60 70 100
70 70 100
90 70 100
100 70 100
110 70 100
191 100 100
189 100 100
188 100 100
187 100 100
186 100 100
185 100 100
184 100 100
183 100 100
182 100 100
181 100 100
180 99 100
180 98 100
180 97 100
180 96 100
180 95 100
180 94 100
180 93 100
180 92 100
180 91 100
179 90 100
178 90 100
177 90 100
176 90 100
175 90 100
174 90 100
173 90 100
172 90 100
171 90 100
169 90 100
168 90 100
167 90 100
166 90 100
165 90 100
164 90 100
163 90 100
162 90 100
161 90 100
160 90 100
159 90 100
159 90 100
159 90 100
158 90 100
158 90 100
158 90 100
158 90 100
157 90 100
157 90 100
157 90 100
157 90 100
157 90 100
156 90 100
156 90 100
156 90 100
156 90 100
156 90 100
156 90 100
156 90 100
155 90 100
155 90 100
155 90 100
155 90 100
155 90 100
155 90 100
155 90 100
155 90 100
155 90 100
155 90 100
154 90 100
154 90 100
154 90 100
154 90 100
154 90 100
154 90 100
154 90 100
154 90 100
154 90 100
154 90 100
154 90 100
154 90 100
153 90 100
153 90 100
153 90 100
153 90 100
153 90 100
153 90 100
153 90 100
153 90 100
153 90 100
153 90 100
153 90 100
153 90 100
153 90 100
153 90 100
153 90 100
152 90 100
152 90 100
152 90 100
152 90 100
152 90 100
152 90 100
152 90 100
152 90 100
152 90 100
152 90 100
152 90 100
152 90 100
152 90 100
152 90 100
152 90 100
152 90 100
152 90 100
152 90 100
151 90 100
151 90 100
151 90 100
151 90 100
151 90 100
151 90 100
151 90 100
151 90 100
151 90 100
151 90 100
151 90 100
151 90 100
151 90 100
151 90 100
151 90 100
151 90 100
151 90 100
151 90 100
151 90 100
151 90 100
150 90 100
150 90 100
150 90 100
150 90 100
150 90 100
150 90 100
150 90 100
150 90 100
150 90 100
150 90 100
150 90 100
150 90 100
150 90 100
150 90 100
150 90 100
150 90 100
150 90 100
150 90 100
150 90 100
150 90 100
150 90 100
149 90 100
149 90 100
149 90 100
149 90 100
149 90 100
149 90 100
149 90 100
149 90 100
149 90 100
149 90 100
149 90 100
149 90 100
149 90 100
149 90 100
149 90 100
149 90 100
149 90 100
149 90 100
149 90 100
149 90 100
149 90 100
149 90 100
149 90 100
149 90 100
149 90 100
148 90 100
148 90 100
148 90 100
148 90 100
148 90 100
148 90 100
148 90 100
148 90 100
148 90 100
148 90 100
148 90 100
148 90 100
148 90 100
148 90 100
148 90 100
148 90 100
148 90 100
148 90 100
148 90 100
148 90 100
148 90 100
148 90 100
148 90 100
148 90 100
148 90 100
148 90 100
148 90 100
147 90 100
147 90 100
147 90 100
147 90 100
147 90 100
147 90 100
147 90 100
147 90 100
147 90 100
147 90 100
147 90 100
147 90 100
147 90 100
147 90 100
147 90 100
147 90 100
147 90 100
147 90 100
147 90 100
147 90 100
147 90 100
147 90 100
147 90 100
147 90 100
147 90 100
147 90 100
147 90 100
147 90 100
146 90 100
146 90 100
146 90 100
146 90 100
146 90 100
146 90 100
146 90 100
146 90 100
146 90 100
146 90 100
146 90 100
146 90 100
146 90 100
146 90 100
146 90 100
146 90 100
146 90 100
146 90 100
146 90 100
146 90 100
146 90 100
146 90 100
146 90 100
146 90 100
146 90 100
146 90 100
146 90 100
146 90 100
146 90 100
146 90 100
145 90 100
145 90 100
145 90 100
145 90 100
145 90 100
145 90 100
145 90 100
145 90 100
145 90 100
145 90 100
145 90 100
145 90 100
145 90 100
145 90 100
145 90 100
145 90 100
145 90 100
145 90 100
145 90 100
145 90 100
145 90 100
145 90 100
145 90 100
145 90 100
145 90 100
145 90 100
145 90 100
145 90 100
145 90 100
145 90 100
145 90 100
144 90 100
144 90 100
144 90 100
144 90 100
144 90 100
144 90 100
144 90 100
144 90 100
144 90 100
144 90 100
144 90 100
144 90 100
144 90 100
144 90 100
144 90 100
144 90 100
144 90 100
144 90 100
144 90 100
144 90 100
144 90 100
144 90 100
144 90 100
144 90 100
144 90 100
144 90 100
144 90 100
144 90 100
144 90 100
144 90 100
144 90 100
144 90 100
143 90 100
143 90 100
143 90 100
143 90 100
143 90 100
143 90 100
143 90 100
143 90 100
143 90 100
143 90 100
143 90 100
143 90 100
143 90 100
143 90 100
143 90 100
143 90 100
143 90 100
143 90 100
143 90 100
143 90 100
143 90 100
143 90 100
143 90 100
143 90 100
143 90 100
143 90 100
143 90 100
143 90 100
143 90 100
143 90 100
143 90 100
143 90 100
142 90 100
142 90 100
142 90 100
142 90 100
142 90 100
142 90 100
142 90 100
142 90 100
142 90 100
142 90 100
142 90 100
142 90 100
142 90 100
142 90 100
142 90 100
142 90 100
142 90 100
142 90 100
142 90 100
142 90 100
142 90 100
142 90 100
142 90 100
142 90 100
142 90 100
142 90 100
142 90 100
142 90 100
142 90 100
142 90 100
142 90 100
142 90 100
142 90 100
141 90 100
141 90 100
141 90 100
141 90 100
141 90 100
141 90 100
141 90 100
141 90 100
141 90 100
141 90 100
141 90 100
141 90 100
141 90 100
141 90 100
141 90 100
141 90 100
141 90 100
141 90 100
141 90 100
141 90 100
141 90 100
141 90 100
141 90 100
141 90 100
141 90 100
141 90 100
141 90 100
141 90 100
141 90 100
141 90 100
141 90 100
141 90 100
141 90 100
140 90 100
140 90 100
140 90 100
140 90 100
140 90 100
140 90 100
140 90 100
140 90 100
140 90 100
140 90 100
140 90 100
140 90 100
140 90 100
140 90 100
140 90 100
140 90 100
140 90 100
140 90 100
140 90 100
140 90 100
140 90 100
140 90 100
140 90 100
140 90 100
140 90 100
140 90 100
140 90 100
140 90 100
140 90 100
140 90 100
140 90 100
140 90 100
140 90 100
139 90 100
139 90 100
139 90 100
139 90 100
139 90 100
139 90 100
139 90 100
139 90 100
139 90 100
139 90 100
139 90 100
139 90 100
139 90 100
139 90 100
139 90 100
139 90 100
139 90 100
139 90 100
139 90 100
139 90 100
139 90 100
139 90 100
139 90 100
139 90 100
139 90 100
139 90 100
139 90 100
139 90 100
139 90 100
139 90 100
139 90 100
139 90 100
138 90 100
138 90 100
138 90 100
138 90 100
138 90 100
138 90 100
138 90 100
138 90 100
138 90 100
138 90 100
138 90 100
138 90 100
138 90 100
138 90 100
138 90 100
138 90 100
138 90 100
138 90 100
138 90 100
138 90 100
138 90 100
138 90 100
138 90 100
138 90 100
138 90 100
138 90 100
138 90 100
138 90 100
138 90 100
138 90 100
138 90 100
138 90 100
137 90 100
137 90 100
137 90 100
137 90 100
137 90 100
137 90 100
137 90 100
137 90 100
137 90 100
137 90 100
137 90 100
137 90 100
137 90 100
137 90 100
137 90 100
137 90 100
137 90 100
137 90 100
137 90 100
137 90 100
137 90 100
137 90 100
137 90 100
137 90 100
137 90 100
137 90 100
137 90 100
137 90 100
137 90 100
137 90 100
137 90 100
137 90 100
136 90 100
136 90 100
136 90 100
136 90 100
136 90 100
136 90 100
136 90 100
136 90 100
136 90 100
136 90 100
136 90 100
136 90 100
136 90 100
136 90 100
136 90 100
136 90 100
136 90 100
136 90 100
136 90 100
136 90 100
136 90 100
136 90 100
136 90 100
136 90 100
136 90 100
136 90 100
136 90 100
136 90 100
136 90 100
136 90 100
136 90 100
135 90 100
135 90 100
135 90 100
135 90 100
135 90 100
135 90 100
135 90 100
135 90 100
135 90 100
135 90 100
135 90 100
135 90 100
135 90 100
135 90 100
135 90 100
135 90 100
135 90 100
135 90 100
135 90 100
135 90 100
135 90 100
135 90 100
135 90 100
135 90 100
135 90 100
135 90 100
135 90 100
135 90 100
135 90 100
135 90 100
134 90 100
134 90 100
134 90 100
134 90 100
134 90 100
134 90 100
134 90 100
134 90 100
134 90 100
134 90 100
134 90 100
134 90 100
134 90 100
134 90 100
134 90 100
134 90 100
134 90 100
134 90 100
134 90 100
134 90 100
134 90 100
134 90 100
134 90 100
134 90 100
134 90 100
134 90 100
134 90 100
134 90 100
134 90 100
133 90 100
133 90 100
133 90 100
133 90 100
133 90 100
133 90 100
133 90 100
133 90 100
133 90 100
133 90 100
133 90 100
133 90 100
133 90 100
133 90 100
133 90 100
133 90 100
133 90 100
133 90 100
133 90 100
133 90 100
133 90 100
133 90 100
133 90 100
133 90 100
133 90 100
133 90 100
133 90 100
132 90 100
132 90 100
132 90 100
132 90 100
132 90 100
132 90 100
132 90 100
132 90 100
132 90 100
132 90 100
132 90 100
132 90 100
132 90 100
132 90 100
132 90 100
132 90 100
132 90 100
132 90 100
132 90 100
132 90 100
132 90 100
132 90 100
132 90 100
132 90 100
131 90 100
131 90 100
131 90 100
131 90 100
131 90 100
131 90 100
131 90 100
131 90 100
131 90 100
131 90 100
131 90 100
131 90 100
131 90 100
131 90 100
131 90 100
131 90 100
131 90 100
131 90 100
131 90 100
131 90 100
131 90 100
131 90 100
130 90 100
130 90 100
130 90 100
130 90 100
130 90 100
130 90 100
130 90 100
130 90 100
130 90 100
130 90 100
130 90 100
130 90 100
130 90 100
130 90 100
130 90 100
130 90 100
130 90 100
130 90 100
130 90 100
129 90 100
129 90 100
129 90 100
129 90 100
129 90 100
129 90 100
129 90 100
129 90 100
129 90 100
129 90 100
129 90 100
129 90 100
129 90 100
129 90 100
129 90 100
129 90 100
128 90 100
128 90 100
128 90 100
128 90 100
128 90 100
128 90 100
128 90 100
128 90 100
128 90 100
128 90 100
128 90 100
128 90 100
128 90 100
127 90 100
127 90 100
127 90 100
127 90 100
127 90 100
127 90 100
127 90 100
127 90 100
127 90 100
127 90 100
127 90 100
126 90 100
126 90 100
126 90 100
126 90 100
126 90 100
126 90 100
126 90 100
126 90 100
125 90 100
125 90 100
125 90 100
125 90 100
125 90 100
125 90 100
125 90 100
124 90 100
124 90 100
124 90 100
124 90 100
124 90 100
123 90 100
123 90 100
123 90 100
123 90 100
122 90 100
122 90 100
122 90 100
121 90 100
121 90 100
119 90 100
118 90 100
117 90 100
116 90 100
115 90 100
114 90 100
113 90 100
112 90 100
111 90 100
109 90 100
108 90 100
107 90 100
106 90 100
105 90 100
104 90 100
103 90 100
102 90 100
101 90 100
99 90 100
98 90 100
97 90 100
96 90 100
95 90 100
94 90 100
93 90 100
92 90 100
91 90 100
90 89 100
90 88 100
90 87 100
90 86 100
90 85 100
90 84 100
90 83 100
90 82 100
90 81 100
90 80 100
90 79 100
90 78 100
90 77 100
90 76 100
90 75 100
90 74 100
90 73 100
90 72 100
90 71 100
90 69 100
90 68 100
90 67 100
90 66 100
90 65 100
90 64 100
90 63 100
90 62 100
90 61 100
89 60 100
88 60 100
87 60 100
86 60 100
85 60 100
84 60 100
83 60 100
82 60 100
81 60 100
79 60 100
78 60 100
77 60 100
76 60 100
75 60 100
74 60 100
73 60 100
72 60 100
71 60 100
69 60 100
68 60 100
67 60 100
67 60 100
66 60 100
66 60 100
65 60 100
65 60 100
64 60 100
64 60 100
63 60 100
63 60 100
62 60 100
62 60 100
61 60 100
61 60 100
59 60 100
59 60 100
58 60 100
58 60 100
57 60 100
57 60 100
56 60 100
56 60 100
55 60 100
54 60 100
53 60 100
52 60 100
51 60 100
50 61 100
50 62 100
50 63 100
50 64 100
50 65 100
50 66 100
50 67 100
50 68 100
50 68 100
50 69 100
50 69 100
49 70 100
49 70 100
48 70 100
48 70 100
47 70 100
47 70 100
46 70 100
45 70 100
44 70 100
43 70 100
42 70 100
41 70 100
41 70 100
40 71 100
40 71 100
40 72 100
40 72 100
40 73 100
40 73 100
40 73 100
40 74 100
40 74 100
40 74 100
40 75 100
40 75 100
40 75 100
40 76 100
40 76 100
40 76 100
40 77 100
40 77 100
40 77 100
40 78 100
40 78 100
40 78 100
40 79 100
40 79 100
40 79 100
40 80 100
40 80 100
40 81 100
40 81 100
40 81 100
40 82 100
40 82 100
40 82 100
40 83 100
40 83 100
40 83 100
40 84 100
40 84 100
40 84 100
40 85 100
40 85 100
40 85 100
40 86 100
40 86 100
40 86 100
40 87 100
40 87 100
40 88 100
40 88 100
40 89 100
40 89 100
40 91 100
40 92 100
40 93 100
40 94 100
40 95 100
40 96 100
40 97 100
40 98 100
40 99 100
40 101 100
40 102 100
40 103 100
40 104 100
40 104 100
40 105 100
40 105 100
40 106 100
40 106 100
40 106 100
40 107 100
40 107 100
40 107 100
40 108 100
40 108 100
40 108 100
40 108 100
40 109 100
40 109 100
40 109 100
40 109 100
40 109 100
40 110 100
40 110 100
40 110 100
40 111 100
40 111 100
40 111 100
40 111 100
40 111 100
40 111 100
40 111 100
40 112 100
40 112 100
40 112 100
40 112 100
40 112 100
40 112 100
40 112 100
40 113 100
40 113 100
40 113 100
40 113 100
40 113 100
40 113 100
40 113 100
40 114 100
40 114 100
40 114 100
40 114 100
40 114 100
40 114 100
40 115 100
40 115 100
40 115 100
40 115 100
40 115 100
40 116 100
40 116 100
40 116 100
40 116 100
40 116 100
40 117 100
40 117 100
40 117 100
40 117 100
40 118 100
40 118 100
40 118 100
40 119 100
40 119 100
40 119 100
40 121 100
40 121 100
40 122 100
40 123 100
40 124 100
40 125 100
40 126 100
40 127 100
40 128 100
40 129 100
39 130 100
38 130 100
37 130 100
36 130 100
35 130 100
34 130 100
33 130 100
32 130 100
31 130 100
29 130 100
29 130 100
28 130 100
28 130 100
27 130 100
27 130 100
26 130 100
26 130 100
26 130 100
25 130 100
25 130 100
25 130 100
24 130 100
24 130 100
24 130 100
23 130 100
23 130 100
22 130 100
22 130 100
21 130 100
21 130 100
19 130 100
19 131 100
19 131 100
18 131 100
18 132 100
18 132 100
17 132 100
16 132 100
15 132 100
14 132 100
13 132 100
196 42 100
195 42 100
195 41 100
194 41 100
194 40 100
193 40 100
192 40 100
191 40 100
189 40 100
188 40 100
187 40 100
186 40 100
185 40 100
184 40 100
183 40 100
182 40 100
181 40 100
180 41 100
180 42 100
180 43 100
180 44 100
180 45 100
180 46 100
180 47 100
180 48 100
180 49 100
179 50 100
179 50 100
178 50 100
178 50 100
177 50 100
177 50 100
176 50 100
176 50 100
175 50 100
175 50 100
174 50 100
174 50 100
173 50 100
173 50 100
172 50 100
172 50 100
171 50 100
171 50 100
170 50 100
169 50 100
169 50 100
168 50 100
168 50 100
167 50 100
167 50 100
166 50 100
166 50 100
165 50 100
164 50 100
163 50 100
162 50 100
161 50 100
160 51 100
160 52 100
160 53 100
160 54 100
160 55 100
160 55 100
160 56 100
160 56 100
160 57 100
160 57 100
160 57 100
160 58 100
160 58 100
160 58 100
160 59 100
160 59 100
160 59 100
160 59 100
160 60 100
160 60 100
160 60 100
160 61 100
160 61 100
160 61 100
160 61 100
160 61 100
160 62 100
160 62 100
160 62 100
160 62 100
160 62 100
160 63 100
160 63 100
160 63 100
160 63 100
160 63 100
160 64 100
160 64 100
160 64 100
160 64 100
160 64 100
160 65 100
160 65 100
160 65 100
160 65 100
160 65 100
160 66 100
160 66 100
160 66 100
160 66 100
160 66 100
160 67 100
160 67 100
160 67 100
160 67 100
160 68 100
160 68 100
160 68 100
160 69 100
160 69 100
160 69 100
160 71 100
160 71 100
160 72 100
160 72 100
160 73 100
160 74 100
160 75 100
160 76 100
160 77 100
160 78 100
160 79 100
161 80 100
162 80 100
163 80 100
164 80 100
165 80 100
166 80 100
167 80 100
168 80 100
169 80 100
170 81 100
170 82 100
170 83 100
170 84 100
170 85 100
170 86 100
170 87 100
170 88 100
170 89 100
86 135 100
85 135 100
85 136 100
84 136 100
84 137 100
83 137 100
83 138 100
82 138 100
82 139 100
81 139 100
81 140 100
80 141 100
80 142 100
80 143 100
80 144 100
80 145 100
80 146 100
80 147 100
80 148 100
80 149 100
80 151 100
80 152 100
80 153 100
80 154 100
80 155 100
80 156 100
80 157 100
80 158 100
80 159 100
80 161 100
80 162 100
80 163 100
80 164 100
80 165 100
80 166 100
80 167 100
80 168 100
80 169 100
80 171 100
80 172 100
80 173 100
80 174 100
80 175 100
80 176 100
80 177 100
80 178 100
80 179 100
79 180 100
78 180 100
77 180 100
76 180 100
75 180 100
74 180 100
73 180 100
72 180 100
71 180 100
70 181 100
70 182 100
70 183 100
70 184 100
70 185 100
70 186 100
70 187 100
70 188 100
70 189 100
69 190 100
68 190 100
67 190 100
66 190 100
65 190 100
64 190 100
63 190 100
62 190 100
61 190 100
59 190 100
58 190 100
57 190 100
56 190 100
55 190 100
54 190 100
53 190 100
52 190 100
51 190 100
50 189 100
50 188 100
50 187 100
50 186 100
50 185 100
50 184 100
50 183 100
50 182 100
50 182 100
50 181 100
50 181 100
49 180 100
49 180 100
48 180 100
47 180 100
46 180 100
45 180 100
44 180 100
43 180 100
42 180 100
41 180 100
39 180 100
38 180 100
37 180 100
36 180 100
35 180 100
34 180 100
33 180 100
33 180 100
32 180 100
32 180 100
31 180 100
31 180 100
30 180 100
29 180 100
29 180 100
29 180 100
28 180 100
28 180 100
28 180 100
27 180 100
27 180 100
27 180 100
27 180 100
26 180 100
26 180 100
26 180 100
26 180 100
25 180 100
25 180 100
25 180 100
25 180 100
24 180 100
24 180 100
24 180 100
23 180 100
23 180 100
23 180 100
22 180 100
22 180 100
22 180 100
21 180 100
21 180 100
19 180 100
19 180 100
18 180 100
18 180 100
17 180 100
16 180 100
15 180 100
14 180 100
13 180 100
12 180 100
11 180 100
10 179 100
10 178 100
10 177 100
10 176 100
10 175 100
10 174 100
10 173 100
10 172 100
10 171 100
10 169 100
10 168 100
10 167 100
10 166 100
10 165 100
10 164 100
10 163 100
10 162 100
10 161 100
10 161 100
10 159 100
10 159 100
10 158 100
10 158 100
10 158 100
10 157 100
10 157 100
10 157 100
10 156 100
10 156 100
10 156 100
10 156 100
10 155 100
10 155 100
10 155 100
10 155 100
10 155 100
10 154 100
10 154 100
10 154 100
10 154 100
10 154 100
10 154 100
10 153 100
10 153 100
10 153 100
10 153 100
10 153 100
10 153 100
10 153 100
10 152 100
10 152 100
10 152 100
10 152 100
10 152 100
10 152 100
10 152 100
10 152 100
10 151 100
10 151 100
10 151 100
10 151 100
10 151 100
10 151 100
10 151 100
10 151 100
10 151 100
10 150 100
10 150 100
10 150 100
10 150 100
10 150 100
10 150 100
10 150 100
10 149 100
10 149 100
10 149 100
10 149 100
10 149 100
10 149 100
10 149 100
10 149 100
10 149 100
10 149 100
10 148 100
10 148 100
10 148 100
10 148 100
10 148 100
10 148 100
10 148 100
10 148 100
10 148 100
10 147 100
10 147 100
10 147 100
10 147 100
10 147 100
10 147 100
10 147 100
10 147 100
10 147 100
10 146 100
10 146 100
10 146 100
10 146 100
10 146 100
10 146 100
10 146 100
10 146 100
10 145 100
10 145 100
10 145 100
10 145 100
10 145 100
10 145 100
10 145 100
10 145 100
10 144 100
10 144 100
10 144 100
10 144 100
10 144 100
10 144 100
10 143 100
10 143 100
10 143 100
10 143 100
10 143 100
10 142 100
10 142 100
10 142 100
10 142 100
10 141 100
10 141 100
10 141 100
10 139 100
10 139 100
10 138 100
10 137 100
10 136 100
10 135 100
10 134 100
10 133 100
10 132 100
10 131 100
11 130 100
11 131 100
12 131 100
12 132 100
44 153 100
44 153 100
44 153 100
44 153 100
44 153 100
44 153 100
44 153 100
44 153 100
44 153 100
44 153 100
44 153 100
44 153 100
44 153 100
44 153 100
44 153 100
44 153 100
44 153 100
44 153 100
44 153 100
43 153 100
43 153 100
43 153 100
43 153 100
43 153 100
43 153 100
43 153 100
43 153 100
43 153 100
43 153 100
43 153 100
43 153 100
43 153 100
43 153 100
43 153 100
43 153 100
43 153 100
43 153 100
43 153 100
43 152 100
43 152 100
43 152 100
43 152 100
43 152 100
43 152 100
43 152 100
43 152 100
43 152 100
43 152 100
43 152 100
43 152 100
43 152 100
43 152 100
43 152 100
43 152 100
43 152 100
43 152 100
42 152 100
42 152 100
42 152 100
42 152 100
42 152 100
42 152 100
42 152 100
42 152 100
42 152 100
42 152 100
42 152 100
42 152 100
42 152 100
42 152 100
42 152 100
42 152 100
42 152 100
42 152 100
42 152 100
42 151 100
42 151 100
42 151 100
42 151 100
42 151 100
42 151 100
42 151 100
42 151 100
42 151 100
42 151 100
42 151 100
42 151 100
42 151 100
42 151 100
42 151 100
42 151 100
42 151 100
42 151 100
41 151 100
41 151 100
41 151 100
41 151 100
41 151 100
41 151 100
41 151 100
41 151 100
41 151 100
41 151 100
41 151 100
41 151 100
41 151 100
41 151 100
41 151 100
41 151 100
41 151 100
41 151 100
41 150 100
41 150 100
41 150 100
41 150 100
41 150 100
41 150 100
41 150 100
41 150 100
41 150 100
41 150 100
41 150 100
41 150 100
41 150 100
41 150 100
41 150 100
41 150 100
41 150 100
40 150 100
40 150 100
40 150 100
40 150 100
40 150 100
40 150 100
40 150 100
40 150 100
40 150 100
40 150 100
40 150 100
40 150 100
40 150 100
40 149 100
40 149 100
40 149 100
40 149 100
40 149 100
40 149 100
40 149 100
40 149 100
40 149 100
40 149 100
40 149 100
40 149 100
40 149 100
40 149 100
40 149 100
40 148 100
40 148 100
40 148 100
40 148 100
40 148 100
40 148 100
40 148 100
40 148 100
40 148 100
40 148 100
40 148 100
40 148 100
40 148 100
40 147 100
40 147 100
40 147 100
40 147 100
40 147 100
40 147 100
40 147 100
40 147 100
40 147 100
40 147 100
40 147 100
40 146 100
40 146 100
40 146 100
40 146 100
40 146 100
40 146 100
40 146 100
40 146 100
40 146 100
40 145 100
40 145 100
40 145 100
40 145 100
40 145 100
40 145 100
40 145 100
40 144 100
40 144 100
40 144 100
40 144 100
40 144 100
40 143 100
40 143 100
40 143 100
40 143 100
40 142 100
40 142 100
40 142 100
40 141 100
40 141 100
40 139 100
40 138 100
40 137 100
40 136 100
40 135 100
40 134 100
40 133 100
40 132 100
40 131 100
54 197 100
53 197 100
53 196 100
52 196 100
52 195 100
51 195 100
51 194 100
50 194 100
50 193 100
50 192 100
50 191 100
48 62 100
49 62 100
49 61 100
72 31 100
73 31 100
73 30 100
74 30 100
75 30 100
76 30 100
77 30 100
78 30 100
79 30 100
80 31 100
80 32 100
80 33 100
80 34 100
80 35 100
80 36 100
80 37 100
80 38 100
80 39 100
80 41 100
80 42 100
80 43 100
80 44 100
80 45 100
80 46 100
80 47 100
80 48 100
80 49 100
80 51 100
80 52 100
80 53 100
80 54 100
80 55 100
80 56 100
80 57 100
80 58 100
80 59 100
