# score 103584
130 0 100
140 0 100
150 0 100
160 0 100
170 0 100
180 0 100
190 0 100
130 10 100
140 10 100
150 10 100
160 10 100
170 10 100
180 10 100
190 10 100
130 20 100
140 20 100
150 20 100
160 20 100
170 20 100
180 20 100
190 20 100
130 30 100
140 30 100
150 30 100
160 30 100
170 30 100
180 30 100
190 30 100
130 40 100
140 40 100
150 40 100
160 40 100
170 40 100
180 40 100
190 40 100
130 50 100
140 50 100
150 50 100
160 50 100
170 50 100
180 50 100
190 50 100
30 0 100
40 0 100
50 0 100
60 0 100
70 0 100
80 0 100
90 0 100
100 0 100
110 0 100
30 10 100
40 10 100
50 10 100
60 10 100
70 10 100
80 10 100
90 10 100
100 10 100
110 10 100
30 20 100
40 20 100
50 20 100
60 20 100
70 20 100
80 20 100
90 20 100
100 20 100
110 20 100
30 30 100
40 30 100
50 30 100
60 30 100
70 30 100
80 30 100
90 30 100
100 30 100
110 30 100
30 40 100
40 40 100
50 40 100
60 40 100
70 40 100
80 40 100
90 40 100
100 40 100
110 40 100
30 50 100
40 50 100
50 50 100
60 50 100
70 50 100
80 50 100
90 50 100
100 50 100
110 50 100
30 60 100
40 60 100
50 60 100
60 60 100
70 60 100
80 60 100
90 60 100
100 60 100
110 60 100
30 70 100
40 70 100
50 70 100
60 70 100
70 70 100
80 70 100
90 70 100
100 70 100
110 70 100
30 80 100
40 80 100
50 80 100
60 80 100
70 80 100
80 80 100
90 80 100
100 80 100
110 80 100
140 140 100
150 140 100
160 140 100
170 140 100
180 140 100
190 140 100
140 150 100
150 150 100
160 150 100
170 150 100
180 150 100
190 150 100
140 160 100
150 160 100
160 160 100
170 160 100
180 160 100
190 160 100
140 170 100
150 170 100
160 170 100
170 170 100
180 170 100
190 170 100
140 180 100
150 180 100
160 180 100
170 180 100
180 180 100
190 180 100
140 190 100
150 190 100
160 190 100
170 190 100
180 190 100
190 190 100
182 180 100
181 180 100
180 179 100
180 178 100
180 177 100
180 176 100
180 175 100
180 174 100
180 173 100
180 172 100
180 171 100
180 169 100
180 168 100
180 167 100
180 166 100
180 165 100
180 164 100
180 163 100
180 162 100
180 161 100
179 160 100
178 160 100
177 160 100
176 160 100
175 160 100
174 160 100
173 160 100
172 160 100
171 160 100
169 160 100
169 159 100
168 159 100
168 159 100
168 158 100
168 158 100
167 158 100
167 158 100
167 157 100
167 157 100
166 157 100
166 157 100
166 156 100
166 156 100
165 156 100
165 156 100
165 156 100
165 155 100
165 155 100
165 155 100
164 155 100
164 155 100
164 155 100
164 155 100
164 154 100
164 154 100
164 154 100
164 154 100
163 154 100
163 154 100
163 154 100
163 154 100
163 154 100
163 153 100
163 153 100
163 153 100
163 153 100
163 153 100
162 153 100
162 153 100
162 153 100
162 153 100
162 153 100
162 153 100
162 152 100
162 152 100
162 152 100
162 152 100
162 152 100
162 152 100
162 152 100
161 152 100
161 152 100
161 152 100
161 152 100
161 152 100
161 152 100
161 152 100
161 151 100
161 151 100
161 151 100
161 151 100
161 151 100
161 151 100
161 151 100
160 151 100
160 151 100
160 151 100
160 151 100
160 151 100
160 151 100
160 151 100
160 150 100
160 150 100
160 150 100
160 150 100
160 150 100
160 150 100
159 150 100
159 150 100
159 150 100
159 150 100
159 150 100
159 150 100
159 150 100
159 149 100
159 149 100
159 149 100
159 149 100
159 149 100
159 149 100
159 149 100
158 149 100
158 149 100
158 149 100
158 149 100
158 149 100
158 149 100
158 149 100
158 148 100
158 148 100
158 148 100
158 148 100
158 148 100
158 148 100
157 148 100
157 148 100
157 148 100
157 148 100
157 148 100
157 147 100
157 147 100
157 147 100
157 147 100
157 147 100
156 147 100
156 147 100
156 147 100
156 147 100
156 146 100
156 146 100
156 146 100
156 146 100
155 146 100
155 146 100
155 146 100
155 145 100
155 145 100
155 145 100
154 145 100
154 145 100
154 145 100
154 144 100
154 144 100
153 144 100
153 144 100
153 144 100
153 143 100
153 143 100
152 143 100
152 143 100
152 143 100
152 142 100
152 142 100
152 142 100
151 142 100
151 142 100
151 142 100
151 141 100
151 141 100
151 141 100
150 141 100
150 141 100
150 141 100
150 141 100
150 140 100
150 140 100
150 140 100
150 139 100
150 139 100
150 139 100
150 139 100
150 138 100
150 138 100
150 138 100
150 138 100
150 137 100
150 137 100
150 137 100
150 136 100
150 136 100
150 136 100
150 135 100
150 135 100
150 135 100
150 134 100
150 134 100
150 133 100
150 133 100
150 132 100
150 132 100
150 131 100
150 130 100
150 129 100
150 128 100
150 127 100
150 126 100
150 125 100
150 124 100
150 123 100
150 122 100
150 121 100
150 120 100
150 119 100
150 118 100
150 117 100
150 116 100
150 115 100
150 114 100
150 113 100
150 112 100
150 111 100
150 110 100
150 109 100
150 108 100
150 107 100
150 106 100
150 105 100
150 104 100
150 103 100
150 102 100
150 101 100
150 101 100
150 100 100
150 100 100
150 99 100
150 99 100
150 98 100
150 98 100
150 97 100
150 97 100
150 97 100
150 96 100
150 96 100
150 96 100
150 95 100
150 95 100
150 94 100
150 94 100
150 93 100
150 93 100
150 92 100
150 92 100
150 92 100
150 91 100
150 91 100
150 91 100
150 90 100
150 90 100
150 90 100
150 89 100
150 89 100
150 89 100
150 89 100
150 88 100
150 88 100
150 88 100
150 88 100
150 87 100
150 87 100
150 87 100
150 87 100
150 87 100
150 86 100
150 86 100
150 86 100
150 86 100
150 86 100
150 85 100
150 85 100
150 85 100
150 85 100
150 85 100
150 84 100
150 84 100
150 84 100
150 84 100
150 83 100
150 83 100
150 83 100
150 83 100
150 82 100
150 82 100
150 82 100
150 82 100
150 81 100
150 81 100
150 81 100
150 80 100
150 80 100
150 80 100
150 79 100
150 79 100
150 79 100
150 78 100
150 78 100
150 78 100
150 77 100
150 77 100
150 77 100
150 76 100
150 76 100
150 75 100
150 75 100
150 74 100
150 74 100
150 73 100
150 73 100
150 72 100
150 72 100
150 71 100
150 70 100
150 69 100
150 68 100
150 67 100
150 66 100
150 65 100
150 64 100
150 63 100
150 62 100
150 61 100
150 60 100
150 59 100
150 58 100
150 57 100
150 56 100
150 55 100
150 54 100
150 53 100
150 52 100
150 51 100
150 49 100
150 49 100
150 48 100
150 48 100
150 47 100
150 47 100
150 47 100
150 46 100
150 46 100
150 46 100
150 45 100
150 45 100
150 45 100
150 45 100
150 44 100
150 44 100
150 44 100
150 44 100
150 44 100
150 44 100
150 43 100
150 43 100
150 43 100
150 43 100
150 43 100
150 43 100
150 43 100
150 43 100
150 43 100
150 42 100
150 42 100
150 42 100
150 42 100
150 42 100
150 42 100
150 42 100
150 42 100
150 42 100
150 42 100
150 42 100
150 42 100
150 41 100
150 41 100
150 41 100
150 41 100
150 41 100
150 41 100
150 41 100
150 41 100
150 41 100
150 41 100
150 41 100
150 41 100
150 41 100
150 41 100
150 41 100
150 40 100
150 40 100
150 40 100
150 40 100
150 40 100
150 40 100
150 40 100
150 40 100
150 40 100
150 40 100
150 40 100
150 40 100
150 40 100
150 40 100
150 40 100
150 40 100
150 40 100
150 39 100
150 39 100
150 39 100
150 39 100
150 39 100
150 39 100
150 39 100
150 39 100
150 39 100
150 39 100
150 39 100
150 39 100
150 39 100
150 39 100
150 39 100
150 39 100
150 39 100
150 39 100
150 39 100
150 39 100
150 38 100
150 38 100
150 38 100
150 38 100
150 38 100
150 38 100
150 38 100
150 38 100
150 38 100
150 38 100
150 38 100
150 38 100
150 38 100
150 38 100
150 38 100
150 38 100
150 38 100
150 38 100
150 38 100
150 38 100
150 38 100
150 38 100
150 37 100
150 37 100
150 37 100
150 37 100
150 37 100
150 37 100
150 37 100
150 37 100
150 37 100
150 37 100
150 37 100
150 37 100
150 37 100
150 37 100
150 37 100
150 37 100
150 37 100
150 37 100
150 37 100
150 37 100
150 37 100
150 37 100
150 37 100
150 36 100
150 36 100
150 36 100
150 36 100
150 36 100
150 36 100
150 36 100
150 36 100
150 36 100
150 36 100
150 36 100
150 36 100
150 36 100
150 36 100
150 36 100
150 36 100
150 36 100
150 36 100
150 36 100
150 36 100
150 36 100
150 36 100
150 36 100
150 35 100
150 35 100
150 35 100
150 35 100
150 35 100
150 35 100
150 35 100
150 35 100
150 35 100
150 35 100
150 35 100
150 35 100
150 35 100
150 35 100
150 35 100
150 35 100
150 35 100
150 35 100
150 35 100
150 35 100
150 35 100
150 35 100
150 35 100
150 35 100
150 34 100
150 34 100
150 34 100
150 34 100
150 34 100
150 34 100
150 34 100
150 34 100
150 34 100
150 34 100
150 34 100
150 34 100
150 34 100
150 34 100
150 34 100
150 34 100
150 34 100
150 34 100
150 34 100
150 34 100
150 34 100
150 34 100
150 34 100
150 34 100
150 33 100
150 33 100
150 33 100
150 33 100
150 33 100
150 33 100
150 33 100
150 33 100
150 33 100
150 33 100
150 33 100
150 33 100
150 33 100
150 33 100
150 33 100
150 33 100
150 33 100
150 33 100
150 33 100
150 33 100
150 33 100
150 33 100
150 33 100
150 32 100
150 32 100
150 32 100
150 32 100
150 32 100
150 32 100
150 32 100
150 32 100
150 32 100
150 32 100
150 32 100
150 32 100
150 32 100
150 32 100
150 32 100
150 32 100
150 32 100
150 32 100
150 32 100
150 32 100
150 32 100
150 32 100
150 31 100
150 31 100
150 31 100
150 31 100
150 31 100
150 31 100
150 31 100
150 31 100
150 31 100
150 31 100
150 31 100
150 31 100
150 31 100
150 31 100
150 31 100
150 31 100
150 31 100
150 31 100
150 31 100
150 31 100
150 30 100
150 30 100
150 30 100
150 30 100
150 30 100
150 30 100
150 30 100
150 30 100
150 30 100
150 30 100
150 30 100
150 30 100
150 30 100
150 30 100
150 30 100
150 30 100
150 30 100
150 29 100
150 29 100
150 29 100
150 29 100
150 29 100
150 29 100
150 29 100
150 29 100
150 29 100
150 29 100
150 29 100
150 29 100
150 29 100
150 29 100
150 29 100
150 29 100
150 28 100
150 28 100
150 28 100
150 28 100
150 28 100
150 28 100
150 28 100
150 28 100
150 28 100
150 28 100
150 28 100
150 28 100
150 28 100
150 28 100
150 28 100
150 27 100
150 27 100
150 27 100
150 27 100
150 27 100
150 27 100
150 27 100
150 27 100
150 27 100
150 27 100
150 27 100
150 27 100
150 27 100
150 26 100
150 26 100
150 26 100
150 26 100
150 26 100
150 26 100
150 26 100
150 26 100
150 26 100
150 26 100
150 26 100
150 26 100
150 25 100
150 25 100
150 25 100
150 25 100
150 25 100
150 25 100
150 25 100
150 25 100
150 25 100
150 25 100
150 25 100
150 25 100
150 24 100
150 24 100
150 24 100
150 24 100
150 24 100
150 24 100
150 24 100
150 24 100
150 24 100
150 24 100
150 24 100
150 23 100
150 23 100
150 23 100
150 23 100
150 23 100
150 23 100
150 23 100
150 23 100
150 23 100
150 23 100
150 23 100
150 22 100
150 22 100
150 22 100
150 22 100
150 22 100
150 22 100
150 22 100
150 22 100
150 22 100
150 22 100
150 21 100
150 21 100
150 21 100
150 21 100
150 21 100
150 21 100
150 21 100
150 21 100
150 21 100
150 21 100
150 20 100
150 20 100
150 20 100
150 20 100
150 20 100
150 20 100
150 20 100
150 20 100
150 19 100
150 19 100
150 19 100
150 19 100
150 19 100
150 19 100
150 19 100
150 19 100
150 18 100
150 18 100
150 18 100
150 18 100
150 18 100
150 18 100
150 18 100
150 17 100
150 17 100
150 17 100
150 17 100
150 17 100
150 16 100
150 16 100
150 16 100
150 16 100
150 15 100
150 15 100
150 15 100
150 14 100
150 14 100
150 13 100
150 13 100
150 12 100
150 11 100
151 10 100
152 10 100
153 10 100
153 10 100
154 10 100
154 10 100
155 10 100
155 10 100
156 10 100
156 10 100
157 10 100
157 10 100
157 10 100
158 10 100
158 10 100
158 10 100
159 10 100
159 10 100
159 10 100
160 10 100
160 10 100
161 10 100
161 10 100
161 10 100
162 10 100
162 10 100
162 10 100
163 10 100
163 10 100
163 10 100
164 10 100
164 10 100
164 10 100
165 10 100
165 10 100
165 10 100
166 10 100
166 10 100
167 10 100
167 10 100
168 10 100
169 10 100
171 10 100
172 10 100
173 10 100
