# score 90688
60 80 100
70 80 100
80 80 100
90 80 100
100 80 100
110 80 100
120 80 100
130 80 100
140 80 100
60 90 100
70 90 100
80 90 100
90 90 100
100 90 100
110 90 100
120 90 100
130 90 100
140 90 100
60 100 100
70 100 100
80 100 100
90 100 100
100 100 100
110 100 100
120 100 100
130 100 100
140 100 100
60 110 100
70 110 100
80 110 100
90 110 100
100 110 100
110 110 100
120 110 100
130 110 100
140 110 100
60 120 100
70 120 100
80 120 100
90 120 100
100 120 100
110 120 100
120 120 100
130 120 100
140 120 100
60 130 100
70 130 100
80 130 100
90 130 100
100 130 100
110 130 100
120 130 100
130 130 100
140 130 100
60 140 100
70 140 100
80 140 100
90 140 100
100 140 100
110 140 100
120 140 100
130 140 100
140 140 100
60 150 100
70 150 100
80 150 100
90 150 100
100 150 100
110 150 100
120 150 100
130 150 100
140 150 100
60 160 100
70 160 100
80 160 100
90 160 100
100 160 100
110 160 100
120 160 100
130 160 100
140 160 100
90 30 100
100 30 100
110 30 100
120 30 100
130 30 100
140 30 100
150 30 100
160 30 100
170 30 100
90 40 100
100 40 100
110 40 100
120 40 100
130 40 100
140 40 100
150 40 100
160 40 100
170 40 100
90 50 100
100 50 100
110 50 100
120 50 100
130 50 100
140 50 100
150 50 100
160 50 100
170 50 100
90 60 100
100 60 100
110 60 100
120 60 100
130 60 100
140 60 100
150 60 100
160 60 100
170 60 100
90 70 100
100 70 100
110 70 100
120 70 100
130 70 100
140 70 100
150 70 100
160 70 100
170 70 100
100 80 100
110 80 100
120 80 100
150 80 100
160 80 100
170 80 100
90 90 100
100 90 100
110 90 100
120 90 100
150 90 100
160 90 100
170 90 100
90 100 100
100 100 100
110 100 100
150 100 100
160 100 100
170 100 100
90 110 100
100 110 100
110 110 100
120 110 100
130 110 100
150 110 100
160 110 100
170 110 100
70 140 100
80 140 100
90 140 100
100 140 100
110 140 100
120 140 100
130 140 100
140 140 100
150 140 100
80 150 100
90 150 100
100 150 100
110 150 100
120 150 100
130 150 100
140 150 100
150 150 100
80 160 100
90 160 100
100 160 100
110 160 100
120 160 100
130 160 100
140 160 100
150 160 100
70 170 100
80 170 100
90 170 100
100 170 100
110 170 100
120 170 100
130 170 100
140 170 100
150 170 100
70 180 100
80 180 100
90 180 100
100 180 100
110 180 100
120 180 100
130 180 100
140 180 100
150 180 100
70 190 100
80 190 100
90 190 100
100 190 100
110 190 100
120 190 100
130 190 100
140 190 100
150 190 100
10 50 100
20 50 100
30 50 100
40 50 100
50 50 100
60 50 100
70 50 100
80 50 100
10 60 100
20 60 100
30 60 100
40 60 100
50 60 100
60 60 100
70 60 100
80 60 100
90 60 100
10 70 100
20 70 100
30 70 100
40 70 100
50 70 100
60 70 100
70 70 100
80 70 100
90 70 100
10 80 100
20 80 100
30 80 100
40 80 100
50 80 100
70 80 100
80 80 100
10 90 100
20 90 100
30 90 100
40 90 100
50 90 100
80 90 100
90 90 100
10 100 100
20 100 100
30 100 100
40 100 100
50 100 100
90 100 100
10 110 100
20 110 100
30 110 100
40 110 100
50 110 100
70 110 100
80 110 100
10 120 100
20 120 100
30 120 100
40 120 100
50 120 100
60 120 100
70 120 100
80 120 100
10 130 100
20 130 100
30 130 100
40 130 100
50 130 100
60 130 100
70 130 100
80 130 100
150 60 100
160 60 100
170 60 100
180 60 100
190 60 100
150 70 100
160 70 100
170 70 100
180 70 100
190 70 100
160 80 100
170 80 100
180 80 100
190 80 100
150 90 100
160 90 100
170 90 100
180 90 100
190 90 100
150 100 100
160 100 100
170 100 100
180 100 100
190 100 100
150 110 100
160 110 100
170 110 100
180 110 100
190 110 100
150 120 100
160 120 100
170 120 100
180 120 100
190 120 100
150 130 100
160 130 100
170 130 100
180 130 100
190 130 100
160 140 100
170 140 100
180 140 100
190 140 100
130 110 100
160 110 100
170 110 100
180 110 100
190 110 100
120 120 100
130 120 100
140 120 100
150 120 100
160 120 100
180 120 100
190 120 100
120 130 100
140 130 100
150 130 100
160 130 100
170 130 100
180 130 100
190 130 100
120 140 100
140 140 100
180 140 100
190 140 100
120 150 100
130 150 100
140 150 100
150 150 100
160 150 100
170 150 100
180 150 100
190 150 100
120 160 100
130 160 100
140 160 100
150 160 100
160 160 100
170 160 100
180 160 100
190 160 100
120 170 100
140 170 100
150 170 100
160 170 100
170 170 100
180 170 100
190 170 100
140 180 100
150 180 100
160 180 100
170 180 100
180 180 100
190 180 100
120 190 100
130 190 100
140 190 100
150 190 100
160 190 100
170 190 100
180 190 100
190 190 100
199 106 100
199 106 100
198 106 100
198 106 100
198 106 100
198 105 100
198 105 100
197 105 100
197 105 100
197 105 100
197 104 100
197 104 100
196 104 100
196 104 100
196 104 100
196 103 100
195 103 100
195 103 100
195 103 100
195 102 100
194 102 100
194 102 100
194 102 100
194 101 100
194 101 100
193 101 100
193 101 100
193 101 100
193 100 100
193 100 100
192 100 100
192 100 100
192 100 100
192 100 100
192 99 100
192 99 100
191 99 100
191 99 100
191 99 100
191 99 100
191 98 100
191 98 100
190 98 100
190 98 100
190 98 100
190 98 100
190 97 100
190 97 100
190 97 100
190 96 100
190 96 100
190 95 100
190 94 100
190 93 100
190 92 100
190 91 100
190 89 100
190 88 100
190 87 100
190 86 100
190 85 100
190 84 100
190 83 100
190 82 100
190 81 100
189 80 100
188 80 100
187 80 100
186 80 100
185 80 100
184 80 100
183 80 100
182 80 100
181 80 100
179 80 100
178 80 100
177 80 100
176 80 100
176 80 100
175 80 100
175 80 100
174 80 100
174 80 100
174 80 100
173 80 100
173 80 100
173 80 100
173 80 100
172 80 100
172 80 100
172 80 100
172 80 100
172 80 100
172 80 100
171 80 100
171 80 100
171 80 100
171 80 100
171 80 100
171 80 100
171 80 100
171 80 100
170 80 100
170 80 100
170 80 100
170 80 100
170 80 100
170 80 100
170 80 100
170 80 100
170 80 100
169 80 100
169 80 100
169 80 100
169 80 100
169 80 100
169 80 100
169 80 100
169 80 100
169 80 100
169 80 100
169 80 100
169 80 100
169 80 100
168 80 100
168 80 100
168 80 100
168 80 100
168 80 100
168 80 100
168 80 100
168 80 100
168 80 100
168 80 100
168 80 100
168 80 100
168 80 100
168 80 100
168 80 100
167 80 100
167 80 100
167 80 100
167 80 100
167 80 100
167 80 100
167 80 100
167 80 100
167 80 100
167 80 100
167 80 100
167 80 100
167 80 100
167 80 100
167 80 100
167 80 100
167 80 100
166 80 100
166 80 100
166 80 100
166 80 100
166 80 100
166 80 100
166 80 100
166 80 100
166 80 100
166 80 100
166 80 100
166 80 100
166 80 100
166 80 100
166 80 100
166 80 100
166 80 100
166 80 100
165 80 100
165 80 100
165 80 100
165 80 100
165 80 100
165 80 100
165 80 100
165 80 100
165 80 100
165 80 100
165 80 100
165 80 100
165 80 100
165 80 100
165 80 100
165 80 100
165 80 100
165 80 100
164 80 100
164 80 100
164 80 100
164 80 100
164 80 100
164 80 100
164 80 100
164 80 100
164 80 100
164 80 100
164 80 100
164 80 100
164 80 100
164 80 100
164 80 100
164 80 100
164 80 100
164 80 100
163 80 100
163 80 100
163 80 100
163 80 100
163 80 100
163 80 100
163 80 100
163 80 100
163 80 100
163 80 100
163 80 100
163 80 100
163 80 100
163 80 100
163 80 100
163 80 100
163 80 100
163 80 100
162 80 100
162 80 100
162 80 100
162 80 100
162 80 100
162 80 100
162 80 100
162 80 100
162 80 100
162 80 100
162 80 100
162 80 100
162 80 100
162 80 100
162 80 100
162 80 100
162 80 100
161 80 100
161 80 100
161 80 100
161 80 100
161 80 100
161 80 100
161 80 100
161 80 100
161 80 100
161 80 100
161 80 100
161 80 100
161 80 100
161 80 100
161 80 100
161 80 100
160 80 100
160 80 100
160 80 100
160 80 100
160 80 100
160 80 100
160 80 100
160 80 100
160 80 100
160 80 100
160 80 100
160 80 100
159 80 100
159 80 100
159 80 100
159 80 100
159 80 100
159 80 100
159 80 100
159 80 100
159 80 100
159 80 100
159 80 100
159 80 100
159 80 100
158 80 100
158 80 100
158 80 100
158 80 100
158 80 100
158 80 100
158 80 100
158 80 100
158 80 100
158 80 100
158 80 100
157 80 100
157 80 100
157 80 100
157 80 100
157 80 100
157 80 100
157 80 100
157 80 100
156 80 100
156 80 100
156 80 100
156 80 100
156 80 100
156 80 100
155 80 100
155 80 100
155 80 100
155 80 100
154 80 100
154 80 100
154 80 100
153 80 100
153 80 100
152 80 100
151 80 100
149 80 100
148 80 100
147 80 100
146 80 100
145 80 100
144 80 100
143 80 100
142 80 100
141 80 100
139 80 100
139 79 100
138 79 100
137 79 100
136 79 100
135 79 100
134 79 100
159 150 100
158 150 100
157 150 100
156 150 100
155 150 100
154 150 100
153 150 100
152 150 100
151 150 100
150 149 100
150 148 100
150 147 100
150 146 100
150 145 100
150 144 100
150 143 100
150 142 100
150 141 100
149 140 100
148 140 100
148 140 100
147 140 100
147 140 100
146 140 100
146 140 100
146 140 100
145 140 100
145 140 100
145 140 100
145 140 100
144 140 100
144 140 100
144 140 100
144 140 100
144 140 100
143 140 100
143 140 100
143 140 100
143 140 100
143 140 100
143 140 100
142 140 100
142 140 100
142 140 100
142 140 100
142 140 100
142 140 100
142 140 100
141 140 100
141 140 100
141 140 100
141 140 100
141 140 100
141 140 100
141 140 100
140 140 100
140 140 100
140 140 100
140 140 100
140 140 100
139 140 100
139 140 100
139 140 100
139 140 100
139 140 100
139 140 100
139 140 100
139 140 100
138 140 100
138 140 100
138 140 100
138 140 100
138 140 100
138 140 100
138 140 100
138 140 100
137 140 100
137 140 100
137 140 100
137 140 100
137 140 100
137 140 100
137 140 100
136 140 100
136 140 100
136 140 100
136 140 100
136 140 100
136 140 100
135 140 100
135 140 100
135 140 100
135 140 100
135 140 100
134 140 100
134 140 100
134 140 100
134 140 100
133 140 100
133 140 100
133 140 100
132 140 100
132 140 100
131 140 100
131 140 100
130 139 100
130 138 100
130 137 100
130 136 100
130 135 100
130 134 100
130 133 100
130 132 100
130 131 100
129 130 100
128 130 100
128 130 100
127 130 100
127 130 100
126 130 100
126 130 100
125 130 100
125 130 100
124 130 100
124 130 100
123 130 100
123 130 100
122 130 100
122 130 100
121 130 100
121 130 100
119 130 100
119 130 100
118 130 100
118 130 100
117 130 100
117 130 100
116 130 100
116 130 100
115 130 100
115 130 100
114 130 100
114 130 100
113 130 100
113 130 100
112 130 100
111 130 100
109 130 100
109 129 100
108 129 100
108 128 100
107 128 100
107 127 100
106 127 100
106 126 100
105 126 100
104 126 100
