# score 201450
0 140 100
10 140 100
20 140 100
30 140 100
40 140 100
0 150 100
10 150 100
20 150 100
30 150 100
40 150 100
0 160 100
10 160 100
20 160 100
30 160 100
40 160 100
0 170 100
10 170 100
20 170 100
30 170 100
40 170 100
0 180 100
10 180 100
20 180 100
30 180 100
40 180 100
0 190 100
10 190 100
20 190 100
30 190 100
40 190 100
140 0 100
150 0 100
160 0 100
170 0 100
180 0 100
190 0 100
140 10 100
150 10 100
160 10 100
170 10 100
180 10 100
190 10 100
140 20 100
150 20 100
160 20 100
170 20 100
180 20 100
190 20 100
140 30 100
150 30 100
160 30 100
170 30 100
180 30 100
190 30 100
140 40 100
150 40 100
160 40 100
170 40 100
180 40 100
190 40 100
140 50 100
150 50 100
160 50 100
170 50 100
180 50 100
190 50 100
140 60 100
150 60 100
160 60 100
170 60 100
180 60 100
190 60 100
140 70 100
150 70 100
160 70 100
170 70 100
180 70 100
190 70 100
150 30 100
160 30 100
150 40 100
160 40 100
170 40 100
180 40 100
170 50 100
180 50 100
190 50 100
170 60 100
180 60 100
160 70 100
170 70 100
180 70 100
150 80 100
160 80 100
170 80 100
180 80 100
190 80 100
150 90 100
160 90 100
170 90 100
180 90 100
190 90 100
150 100 100
160 100 100
170 100 100
180 100 100
190 100 100
150 110 100
160 110 100
170 110 100
180 110 100
190 110 100
0 0 100
10 0 100
20 0 100
30 0 100
40 0 100
0 10 100
10 10 100
20 10 100
30 10 100
40 10 100
0 20 100
10 20 100
20 20 100
30 20 100
40 20 100
0 30 100
10 30 100
20 30 100
30 30 100
40 30 100
0 40 100
10 40 100
20 40 100
30 40 100
40 40 100
0 50 100
10 50 100
20 50 100
30 50 100
40 50 100
0 60 100
10 60 100
20 60 100
30 60 100
40 60 100
0 70 100
10 70 100
20 70 100
30 70 100
40 70 100
0 80 100
10 80 100
20 80 100
30 80 100
40 80 100
150 90 100
160 90 100
170 90 100
180 90 100
190 90 100
170 100 100
180 100 100
180 110 100
190 110 100
150 120 100
160 120 100
170 120 100
180 120 100
190 120 100
150 130 100
160 130 100
170 130 100
180 130 100
190 130 100
150 140 100
160 140 100
170 140 100
180 140 100
190 140 100
150 150 100
160 150 100
170 150 100
180 150 100
190 150 100
150 160 100
160 160 100
170 160 100
180 160 100
190 160 100
150 170 100
160 170 100
170 170 100
180 170 100
190 170 100
20 0 100
30 0 100
40 0 100
50 0 100
60 0 100
70 0 100
80 0 100
90 0 100
100 0 100
20 10 100
30 10 100
40 10 100
50 10 100
60 10 100
70 10 100
80 10 100
90 10 100
100 10 100
30 20 100
50 20 100
60 20 100
70 20 100
80 20 100
90 20 100
100 20 100
20 30 100
30 30 100
50 30 100
60 30 100
70 30 100
80 30 100
90 30 100
100 30 100
20 40 100
30 40 100
50 40 100
60 40 100
70 40 100
80 40 100
90 40 100
100 40 100
50 50 100
60 50 100
70 50 100
80 50 100
90 50 100
100 50 100
50 60 100
60 60 100
70 60 100
80 60 100
90 60 100
100 60 100
0 90 100
10 90 100
20 90 100
30 90 100
40 90 100
50 90 100
60 90 100
70 90 100
80 90 100
0 100 100
10 100 100
20 100 100
30 100 100
40 100 100
50 100 100
60 100 100
70 100 100
80 100 100
0 110 100
10 110 100
20 110 100
30 110 100
40 110 100
50 110 100
60 110 100
70 110 100
80 110 100
0 120 100
10 120 100
20 120 100
30 120 100
40 120 100
50 120 100
60 120 100
70 120 100
80 120 100
0 130 100
10 130 100
20 130 100
30 130 100
40 130 100
50 130 100
60 130 100
70 130 100
80 130 100
0 140 100
10 140 100
20 140 100
50 140 100
60 140 100
70 140 100
80 140 100
0 150 100
20 150 100
30 150 100
50 150 100
60 150 100
70 150 100
80 150 100
0 160 100
10 160 100
20 160 100
30 160 100
40 160 100
50 160 100
60 160 100
70 160 100
80 160 100
0 170 100
20 170 100
50 170 100
60 170 100
70 170 100
80 170 100
70 0 100
80 0 100
90 0 100
110 0 100
120 0 100
130 0 100
140 0 100
150 0 100
80 10 100
90 10 100
110 10 100
120 10 100
130 10 100
140 10 100
150 10 100
90 20 100
100 20 100
110 20 100
120 20 100
130 20 100
140 20 100
150 20 100
100 30 100
110 30 100
120 30 100
130 30 100
140 30 100
150 30 100
70 40 100
80 40 100
100 40 100
110 40 100
120 40 100
130 40 100
140 40 100
150 40 100
70 50 100
80 50 100
90 50 100
100 50 100
110 50 100
120 50 100
130 50 100
140 50 100
70 60 100
80 60 100
90 60 100
100 60 100
110 60 100
120 60 100
130 60 100
70 70 100
80 70 100
90 70 100
100 70 100
110 70 100
120 70 100
130 70 100
140 70 100
181 30 100
179 30 100
178 30 100
177 30 100
176 30 100
175 30 100
174 30 100
173 30 100
172 30 100
171 30 100
169 30 100
169 30 100
168 30 100
168 30 100
168 30 100
167 30 100
167 30 100
167 30 100
167 30 100
167 30 100
166 30 100
166 30 100
166 30 100
166 30 100
166 30 100
166 30 100
166 30 100
165 30 100
165 30 100
165 30 100
165 30 100
165 30 100
165 30 100
165 30 100
165 30 100
165 30 100
165 30 100
165 30 100
164 30 100
164 30 100
164 30 100
164 30 100
164 30 100
164 30 100
164 30 100
164 30 100
164 30 100
164 30 100
164 30 100
164 30 100
164 30 100
164 30 100
164 30 100
164 30 100
163 30 100
163 30 100
163 30 100
163 30 100
163 30 100
163 30 100
163 30 100
163 30 100
163 30 100
163 30 100
163 30 100
163 30 100
163 30 100
163 30 100
163 30 100
163 30 100
163 30 100
163 30 100
163 30 100
163 30 100
163 30 100
162 30 100
162 30 100
162 30 100
162 30 100
162 30 100
162 30 100
162 30 100
162 30 100
162 30 100
162 30 100
162 30 100
162 30 100
162 30 100
162 30 100
162 30 100
162 30 100
162 30 100
162 30 100
162 30 100
162 30 100
162 30 100
162 30 100
162 30 100
162 30 100
162 30 100
162 30 100
161 30 100
161 30 100
161 30 100
161 30 100
161 30 100
161 30 100
161 30 100
161 30 100
161 30 100
161 30 100
161 30 100
161 30 100
161 30 100
161 30 100
161 30 100
161 30 100
161 30 100
161 30 100
161 30 100
161 30 100
161 30 100
161 30 100
161 30 100
161 30 100
161 30 100
161 30 100
161 30 100
161 30 100
161 30 100
161 30 100
160 30 100
160 30 100
160 30 100
160 30 100
160 30 100
160 30 100
160 30 100
160 30 100
160 30 100
160 30 100
160 30 100
160 30 100
160 30 100
160 30 100
160 30 100
160 30 100
160 30 100
160 30 100
160 30 100
160 30 100
160 30 100
160 30 100
160 30 100
160 30 100
160 30 100
160 30 100
160 30 100
160 30 100
160 30 100
160 30 100
160 30 100
159 30 100
159 30 100
159 30 100
159 30 100
159 30 100
159 30 100
159 30 100
159 30 100
159 30 100
159 30 100
159 30 100
159 30 100
159 30 100
159 30 100
159 30 100
159 30 100
159 30 100
159 30 100
159 30 100
159 30 100
159 30 100
159 30 100
159 30 100
159 30 100
159 30 100
159 30 100
159 30 100
159 30 100
159 30 100
159 30 100
159 30 100
159 30 100
159 30 100
159 30 100
158 30 100
158 30 100
158 30 100
158 30 100
158 30 100
158 30 100
158 30 100
158 30 100
158 30 100
158 30 100
158 30 100
158 30 100
158 30 100
158 30 100
158 30 100
158 30 100
158 30 100
158 30 100
158 30 100
158 30 100
158 30 100
158 30 100
158 30 100
158 30 100
158 30 100
158 30 100
158 30 100
158 30 100
158 30 100
158 30 100
158 30 100
158 30 100
158 30 100
158 30 100
158 30 100
157 30 100
157 30 100
157 30 100
157 30 100
157 30 100
157 30 100
157 30 100
157 30 100
157 30 100
157 30 100
157 30 100
157 30 100
157 30 100
157 30 100
157 30 100
157 30 100
157 30 100
157 30 100
157 30 100
157 30 100
157 30 100
157 30 100
157 30 100
157 30 100
157 30 100
157 30 100
157 30 100
157 30 100
157 30 100
157 30 100
157 30 100
157 30 100
157 30 100
157 30 100
157 30 100
157 30 100
156 30 100
156 30 100
156 30 100
156 30 100
156 30 100
156 30 100
156 30 100
156 30 100
156 30 100
156 30 100
156 30 100
156 30 100
156 30 100
156 30 100
156 30 100
156 30 100
156 30 100
156 30 100
156 30 100
156 30 100
156 30 100
156 30 100
156 30 100
156 30 100
156 30 100
156 30 100
156 30 100
156 30 100
156 30 100
156 30 100
156 30 100
156 30 100
156 30 100
156 30 100
156 30 100
156 30 100
156 30 100
155 30 100
155 30 100
155 30 100
155 30 100
155 30 100
155 30 100
155 30 100
155 30 100
155 30 100
155 30 100
155 30 100
155 30 100
155 30 100
155 30 100
155 30 100
155 30 100
155 30 100
155 30 100
155 30 100
155 30 100
155 30 100
155 30 100
155 30 100
155 30 100
155 30 100
155 30 100
155 30 100
155 30 100
155 30 100
155 30 100
155 30 100
155 30 100
155 30 100
155 30 100
155 30 100
155 30 100
155 30 100
155 30 100
155 30 100
154 30 100
154 30 100
154 30 100
154 30 100
154 30 100
154 30 100
154 30 100
154 30 100
154 30 100
154 30 100
154 30 100
154 30 100
154 30 100
154 30 100
154 30 100
154 30 100
154 30 100
154 30 100
154 30 100
154 30 100
154 30 100
154 30 100
154 30 100
154 30 100
154 30 100
154 30 100
154 30 100
154 30 100
154 30 100
154 30 100
154 30 100
154 30 100
154 30 100
154 30 100
154 30 100
154 30 100
154 30 100
154 30 100
154 30 100
154 30 100
153 30 100
153 30 100
153 30 100
153 30 100
153 30 100
153 30 100
153 30 100
153 30 100
153 30 100
153 30 100
153 30 100
153 30 100
153 30 100
153 30 100
153 30 100
153 30 100
153 30 100
153 30 100
153 30 100
153 30 100
153 30 100
153 30 100
153 30 100
153 30 100
153 30 100
153 30 100
153 30 100
153 30 100
153 30 100
153 30 100
153 30 100
153 30 100
153 30 100
153 30 100
153 30 100
153 30 100
153 30 100
153 30 100
153 30 100
153 30 100
153 30 100
152 30 100
152 30 100
152 30 100
152 30 100
152 30 100
152 30 100
152 30 100
152 30 100
152 30 100
152 30 100
152 30 100
152 30 100
152 30 100
152 30 100
152 30 100
152 30 100
152 30 100
152 30 100
152 30 100
152 30 100
152 30 100
152 30 100
152 30 100
152 30 100
152 30 100
152 30 100
152 30 100
152 30 100
152 30 100
152 30 100
152 30 100
152 30 100
152 30 100
152 30 100
152 30 100
152 30 100
152 30 100
152 30 100
152 30 100
152 30 100
152 30 100
152 30 100
151 30 100
151 30 100
151 30 100
151 30 100
151 30 100
151 30 100
151 30 100
151 30 100
151 30 100
151 30 100
151 30 100
151 30 100
151 30 100
151 30 100
151 30 100
151 30 100
151 30 100
151 30 100
151 30 100
151 30 100
151 30 100
151 30 100
151 30 100
151 30 100
151 30 100
151 30 100
151 30 100
151 30 100
151 30 100
151 30 100
151 30 100
151 30 100
151 30 100
151 30 100
151 30 100
151 30 100
151 30 100
151 30 100
151 30 100
151 30 100
151 30 100
151 30 100
151 30 100
150 30 100
150 30 100
150 30 100
150 30 100
150 30 100
150 30 100
150 30 100
150 30 100
150 30 100
150 30 100
150 30 100
150 30 100
150 30 100
150 30 100
150 30 100
150 30 100
150 30 100
150 30 100
150 30 100
150 30 100
150 30 100
150 30 100
150 30 100
150 30 100
150 30 100
150 30 100
150 30 100
150 30 100
150 30 100
150 30 100
150 30 100
150 30 100
150 30 100
150 30 100
150 30 100
150 30 100
150 30 100
150 30 100
150 30 100
150 30 100
149 30 100
149 30 100
149 30 100
149 30 100
149 30 100
149 30 100
149 30 100
149 30 100
149 30 100
149 30 100
149 30 100
149 30 100
149 30 100
149 30 100
149 30 100
149 30 100
149 30 100
149 30 100
149 30 100
149 30 100
149 30 100
149 30 100
149 30 100
149 30 100
149 30 100
149 30 100
149 30 100
149 30 100
149 30 100
149 30 100
149 30 100
149 30 100
149 30 100
149 30 100
149 30 100
149 30 100
149 30 100
149 30 100
149 30 100
149 30 100
149 30 100
148 30 100
148 30 100
148 30 100
148 30 100
148 30 100
148 30 100
148 30 100
148 30 100
148 30 100
148 30 100
148 30 100
148 30 100
148 30 100
148 30 100
148 30 100
148 30 100
148 30 100
148 30 100
148 30 100
148 30 100
148 30 100
148 30 100
148 30 100
148 30 100
148 30 100
148 30 100
148 30 100
148 30 100
148 30 100
148 30 100
148 30 100
148 30 100
148 30 100
148 30 100
148 30 100
148 30 100
148 30 100
148 30 100
148 30 100
147 30 100
147 30 100
147 30 100
147 30 100
147 30 100
147 30 100
147 30 100
147 30 100
147 30 100
147 30 100
147 30 100
147 30 100
147 30 100
147 30 100
147 30 100
147 30 100
147 30 100
147 30 100
147 30 100
147 30 100
147 30 100
147 30 100
147 30 100
147 30 100
147 30 100
147 30 100
147 30 100
147 30 100
147 30 100
147 30 100
147 30 100
147 30 100
147 30 100
147 30 100
146 30 100
146 30 100
146 30 100
146 30 100
146 30 100
146 30 100
146 30 100
146 30 100
146 30 100
146 30 100
146 30 100
146 30 100
146 30 100
146 30 100
146 30 100
146 30 100
146 30 100
146 30 100
146 30 100
146 30 100
146 30 100
146 30 100
146 30 100
146 30 100
146 30 100
146 30 100
146 30 100
146 30 100
145 30 100
145 30 100
145 30 100
145 30 100
145 30 100
145 30 100
145 30 100
145 30 100
145 30 100
145 30 100
145 30 100
145 30 100
145 30 100
145 30 100
145 30 100
145 30 100
145 30 100
145 30 100
145 30 100
145 30 100
145 30 100
144 30 100
144 30 100
144 30 100
144 30 100
144 30 100
144 30 100
144 30 100
144 30 100
144 30 100
144 30 100
144 30 100
144 30 100
144 30 100
144 30 100
143 30 100
143 30 100
143 30 100
143 30 100
143 30 100
143 30 100
143 30 100
143 30 100
143 30 100
142 30 100
142 30 100
142 30 100
142 30 100
142 30 100
142 30 100
141 30 100
141 30 100
141 30 100
141 30 100
139 30 100
139 30 100
138 30 100
137 30 100
136 30 100
135 30 100
134 30 100
133 30 100
132 30 100
131 30 100
129 30 100
128 30 100
127 30 100
126 30 100
125 30 100
124 30 100
123 30 100
122 30 100
121 30 100
119 30 100
119 31 100
119 32 100
120 32 100
120 33 100
120 34 100
120 35 100
120 36 100
120 37 100
120 38 100
120 39 100
119 40 100
118 40 100
117 40 100
116 40 100
115 40 100
114 40 100
113 40 100
112 40 100
111 40 100
109 40 100
109 40 100
108 40 100
108 40 100
107 40 100
107 40 100
107 40 100
106 40 100
106 40 100
106 40 100
106 40 100
105 40 100
105 40 100
105 40 100
105 40 100
105 40 100
105 40 100
104 40 100
104 40 100
104 40 100
104 40 100
104 40 100
104 40 100
104 40 100
103 40 100
103 40 100
103 40 100
103 40 100
103 40 100
103 40 100
103 40 100
103 40 100
102 40 100
102 40 100
102 40 100
102 40 100
102 40 100
102 40 100
102 40 100
102 40 100
101 40 100
101 40 100
101 40 100
101 40 100
101 40 100
101 40 100
101 40 100
100 40 100
100 40 100
100 40 100
100 40 100
99 40 100
99 40 100
99 40 100
99 40 100
99 40 100
99 40 100
98 40 100
98 40 100
98 40 100
98 40 100
98 40 100
97 40 100
97 40 100
97 40 100
97 40 100
96 40 100
96 40 100
96 40 100
96 40 100
95 40 100
95 40 100
95 40 100
94 40 100
94 40 100
94 40 100
93 40 100
93 40 100
93 40 100
92 40 100
92 40 100
91 40 100
91 40 100
90 39 100
90 38 100
90 37 100
90 36 100
90 35 100
90 34 100
90 33 100
90 32 100
90 31 100
89 30 100
88 30 100
87 30 100
86 30 100
85 30 100
84 30 100
83 30 100
82 30 100
81 30 100
79 30 100
78 30 100
77 30 100
76 30 100
75 30 100
74 30 100
73 30 100
72 30 100
71 30 100
69 30 100
68 30 100
67 30 100
66 30 100
65 30 100
64 30 100
63 30 100
62 30 100
61 30 100
59 30 100
58 30 100
57 30 100
56 30 100
55 30 100
54 30 100
53 30 100
52 30 100
51 30 100
50 31 100
50 32 100
50 33 100
50 34 100
50 35 100
50 36 100
50 37 100
50 38 100
50 39 100
49 40 100
48 40 100
47 40 100
46 40 100
45 40 100
44 40 100
43 40 100
42 40 100
41 40 100
40 41 100
40 42 100
40 43 100
40 44 100
40 45 100
40 46 100
40 47 100
40 48 100
40 49 100
40 51 100
40 52 100
40 53 100
40 54 100
40 55 100
40 56 100
40 57 100
40 58 100
40 59 100
40 61 100
40 62 100
40 63 100
40 64 100
40 65 100
40 66 100
40 67 100
40 68 100
40 69 100
40 71 100
40 72 100
40 72 100
40 73 100
40 73 100
40 73 100
40 74 100
40 74 100
40 74 100
40 74 100
40 74 100
40 75 100
40 75 100
40 75 100
40 75 100
40 75 100
40 75 100
40 75 100
40 75 100
40 75 100
40 76 100
40 76 100
40 76 100
40 76 100
40 76 100
40 76 100
40 76 100
40 76 100
40 76 100
40 76 100
40 76 100
40 76 100
40 77 100
40 77 100
40 77 100
40 77 100
40 77 100
40 77 100
40 77 100
40 77 100
40 77 100
40 77 100
40 77 100
40 77 100
40 77 100
40 77 100
40 78 100
40 78 100
40 78 100
40 78 100
40 78 100
40 78 100
40 78 100
40 78 100
40 78 100
40 78 100
40 78 100
40 78 100
40 78 100
40 78 100
40 78 100
40 79 100
40 79 100
40 79 100
40 79 100
40 79 100
40 79 100
40 79 100
40 79 100
40 79 100
40 79 100
40 79 100
40 79 100
40 79 100
40 79 100
40 80 100
40 80 100
40 80 100
40 80 100
40 80 100
40 80 100
40 80 100
40 80 100
40 80 100
40 80 100
40 80 100
40 80 100
40 80 100
40 81 100
40 81 100
40 81 100
40 81 100
40 81 100
40 81 100
40 81 100
40 81 100
40 81 100
40 81 100
40 81 100
40 81 100
40 82 100
40 82 100
40 82 100
40 82 100
40 82 100
40 82 100
40 82 100
40 82 100
40 82 100
40 82 100
40 83 100
40 83 100
40 83 100
40 83 100
40 83 100
40 83 100
40 83 100
40 83 100
40 84 100
40 84 100
40 84 100
40 84 100
40 84 100
40 84 100
40 84 100
40 85 100
40 85 100
40 85 100
40 85 100
40 85 100
40 86 100
40 86 100
40 86 100
40 86 100
40 87 100
40 87 100
40 87 100
40 87 100
40 88 100
40 88 100
40 88 100
40 89 100
40 89 100
40 90 100
40 91 100
40 91 100
40 92 100
40 93 100
40 94 100
40 95 100
40 96 100
40 97 100
40 98 100
40 99 100
39 100 100
38 100 100
37 100 100
36 100 100
35 100 100
34 100 100
33 100 100
32 100 100
31 100 100
30 101 100
30 102 100
30 103 100
30 104 100
30 105 100
30 106 100
30 107 100
30 108 100
30 109 100
29 110 100
28 110 100
27 110 100
26 110 100
25 110 100
24 110 100
23 110 100
22 110 100
21 110 100
20 111 100
20 112 100
20 113 100
20 114 100
20 115 100
20 116 100
20 117 100
20 118 100
20 119 100
19 120 100
18 120 100
17 120 100
16 120 100
15 120 100
14 120 100
13 120 100
12 120 100
11 120 100
10 121 100
10 122 100
10 123 100
10 124 100
10 125 100
10 126 100
10 127 100
10 128 100
10 129 100
10 129 100
10 130 100
10 131 100
10 131 100
10 131 100
10 132 100
10 132 100
10 132 100
10 133 100
10 133 100
10 133 100
10 133 100
10 134 100
10 134 100
10 134 100
10 134 100
10 134 100
10 135 100
10 135 100
10 135 100
10 135 100
10 135 100
10 136 100
10 136 100
10 136 100
10 136 100
10 137 100
10 137 100
10 137 100
10 137 100
10 138 100
10 138 100
10 138 100
10 139 100
10 139 100
10 139 100
10 141 100
10 141 100
10 142 100
10 143 100
10 144 100
10 145 100
10 146 100
10 147 100
10 148 100
10 149 100
10 151 100
10 152 100
10 152 100
10 153 100
10 153 100
10 154 100
10 154 100
10 155 100
10 155 100
10 155 100
10 156 100
10 156 100
10 156 100
10 157 100
10 157 100
10 157 100
10 157 100
10 158 100
10 158 100
10 158 100
10 158 100
10 158 100
10 159 100
10 159 100
10 159 100
10 159 100
10 159 100
10 159 100
10 160 100
10 160 100
10 160 100
10 160 100
10 161 100
10 161 100
10 161 100
10 161 100
10 161 100
10 161 100
10 162 100
10 162 100
10 162 100
10 162 100
10 162 100
10 162 100
10 163 100
10 163 100
10 163 100
10 163 100
10 163 100
10 164 100
10 164 100
10 164 100
10 164 100
10 165 100
10 165 100
10 165 100
10 166 100
10 166 100
10 167 100
10 168 100
10 169 100
10 171 100
10 172 100
10 173 100
10 174 100
10 175 100
10 176 100
10 177 100
10 178 100
10 179 100
9 180 100
9 181 100
8 181 100
8 182 100
7 182 100
192 78 100
192 78 100
192 78 100
191 78 100
191 78 100
191 78 100
191 78 100
191 78 100
191 77 100
191 77 100
191 77 100
191 77 100
190 77 100
190 77 100
190 77 100
190 77 100
190 77 100
190 77 100
190 77 100
190 77 100
190 76 100
190 76 100
190 76 100
190 76 100
190 76 100
190 76 100
190 76 100
190 75 100
190 75 100
190 75 100
190 75 100
190 75 100
190 74 100
190 74 100
190 74 100
190 74 100
190 73 100
190 73 100
190 73 100
190 72 100
190 72 100
190 71 100
190 71 100
190 69 100
190 68 100
190 67 100
190 66 100
190 65 100
190 64 100
190 63 100
190 62 100
190 61 100
190 59 100
190 58 100
190 57 100
190 56 100
190 55 100
190 54 100
190 53 100
190 52 100
190 52 100
190 51 100
190 51 100
190 49 100
190 49 100
190 48 100
190 48 100
190 47 100
190 47 100
190 46 100
190 46 100
190 45 100
190 45 100
190 44 100
190 44 100
190 43 100
190 43 100
190 42 100
190 41 100
190 39 100
190 38 100
190 37 100
190 36 100
190 35 100
190 34 100
190 33 100
190 32 100
190 31 100
189 30 100
188 30 100
187 30 100
186 30 100
185 30 100
184 30 100
183 30 100
182 30 100
8 47 100
9 47 100
9 48 100
10 48 100
10 49 100
11 50 100
12 50 100
13 50 100
14 50 100
15 50 100
16 50 100
17 50 100
18 50 100
19 50 100
21 50 100
22 50 100
23 50 100
24 50 100
25 50 100
26 50 100
27 50 100
28 50 100
29 50 100
31 50 100
32 50 100
33 50 100
34 50 100
35 50 100
36 50 100
37 50 100
38 50 100
39 50 100
196 133 100
195 133 100
195 132 100
194 132 100
194 131 100
193 131 100
193 130 100
192 130 100
191 130 100
190 129 100
190 128 100
190 127 100
190 126 100
190 125 100
190 124 100
190 123 100
190 122 100
190 121 100
190 119 100
190 118 100
190 118 100
190 117 100
190 117 100
190 116 100
190 116 100
190 116 100
190 115 100
190 115 100
190 115 100
190 114 100
190 114 100
190 114 100
190 113 100
190 113 100
190 113 100
190 112 100
190 112 100
190 112 100
190 111 100
190 111 100
190 111 100
190 110 100
190 110 100
190 109 100
190 109 100
190 109 100
190 109 100
190 108 100
190 108 100
190 108 100
190 108 100
190 107 100
190 107 100
190 107 100
190 107 100
190 106 100
190 106 100
190 106 100
190 105 100
190 105 100
190 105 100
190 104 100
190 104 100
190 103 100
190 103 100
190 102 100
190 101 100
190 99 100
190 98 100
190 97 100
190 96 100
190 95 100
190 94 100
190 93 100
190 92 100
190 91 100
191 90 100
191 89 100
192 89 100
192 88 100
192 87 100
192 86 100
192 85 100
192 85 100
192 84 100
192 84 100
192 83 100
192 83 100
192 82 100
192 82 100
192 81 100
192 81 100
192 81 100
192 80 100
192 80 100
192 80 100
192 79 100
192 79 100
192 79 100
68 28 100
69 28 100
69 29 100
70 29 100
47 137 100
46 137 100
46 138 100
45 138 100
45 139 100
44 139 100
44 140 100
43 140 100
42 140 100
41 140 100
39 140 100
38 140 100
37 140 100
36 140 100
35 140 100
34 140 100
33 140 100
32 140 100
31 140 100
29 140 100
29 140 100
28 140 100
28 140 100
27 140 100
27 140 100
27 140 100
26 140 100
26 140 100
26 140 100
26 140 100
25 140 100
25 140 100
25 140 100
25 140 100
24 140 100
24 140 100
24 140 100
24 140 100
24 140 100
23 140 100
23 140 100
23 140 100
23 140 100
23 140 100
22 140 100
22 140 100
22 140 100
22 140 100
22 140 100
21 140 100
21 140 100
21 140 100
21 140 100
21 140 100
20 140 100
20 140 100
19 140 100
19 140 100
19 140 100
18 140 100
18 140 100
18 140 100
17 140 100
17 140 100
16 140 100
16 140 100
15 140 100
15 140 100
14 140 100
14 140 100
13 140 100
13 140 100
12 140 100
12 140 100
11 140 100
11 140 100
