# score 191672
110 150 100
120 150 100
130 150 100
140 150 100
150 150 100
160 150 100
170 150 100
180 150 100
190 150 100
110 160 100
120 160 100
130 160 100
140 160 100
150 160 100
160 160 100
170 160 100
180 160 100
190 160 100
110 170 100
120 170 100
130 170 100
140 170 100
150 170 100
160 170 100
170 170 100
180 170 100
190 170 100
110 180 100
120 180 100
130 180 100
140 180 100
150 180 100
160 180 100
170 180 100
180 180 100
190 180 100
110 190 100
120 190 100
130 190 100
140 190 100
150 190 100
160 190 100
170 190 100
180 190 100
190 190 100
0 150 100
10 150 100
20 150 100
30 150 100
40 150 100
50 150 100
60 150 100
0 160 100
10 160 100
20 160 100
30 160 100
40 160 100
50 160 100
60 160 100
0 170 100
10 170 100
20 170 100
30 170 100
40 170 100
50 170 100
60 170 100
0 180 100
10 180 100
20 180 100
30 180 100
40 180 100
50 180 100
60 180 100
0 190 100
10 190 100
20 190 100
30 190 100
40 190 100
50 190 100
60 190 100
0 10 100
10 10 100
20 10 100
30 10 100
40 10 100
50 10 100
0 20 100
10 20 100
20 20 100
30 20 100
40 20 100
50 20 100
0 30 100
10 30 100
20 30 100
30 30 100
40 30 100
50 30 100
0 40 100
10 40 100
20 40 100
30 40 100
40 40 100
50 40 100
0 50 100
10 50 100
20 50 100
30 50 100
40 50 100
50 50 100
0 60 100
10 60 100
20 60 100
30 60 100
40 60 100
50 60 100
0 70 100
10 70 100
20 70 100
30 70 100
40 70 100
50 70 100
0 80 100
10 80 100
20 80 100
30 80 100
40 80 100
50 80 100
0 90 100
10 90 100
20 90 100
30 90 100
40 90 100
50 90 100
70 0 100
80 0 100
90 0 100
100 0 100
110 0 100
120 0 100
130 0 100
140 0 100
150 0 100
70 10 100
80 10 100
90 10 100
100 10 100
110 10 100
120 10 100
130 10 100
140 10 100
150 10 100
70 20 100
80 20 100
90 20 100
100 20 100
110 20 100
120 20 100
130 20 100
140 20 100
150 20 100
70 30 100
80 30 100
90 30 100
100 30 100
110 30 100
120 30 100
130 30 100
140 30 100
150 30 100
70 40 100
80 40 100
90 40 100
100 40 100
110 40 100
120 40 100
130 40 100
140 40 100
150 40 100
70 50 100
80 50 100
90 50 100
100 50 100
110 50 100
120 50 100
130 50 100
140 50 100
150 50 100
120 40 100
130 40 100
140 40 100
150 40 100
160 40 100
170 40 100
180 40 100
190 40 100
120 50 100
150 50 100
160 50 100
170 50 100
180 50 100
190 50 100
120 60 100
130 60 100
140 60 100
150 60 100
160 60 100
170 60 100
180 60 100
190 60 100
120 70 100
130 70 100
140 70 100
150 70 100
160 70 100
170 70 100
180 70 100
190 70 100
120 80 100
130 80 100
140 80 100
150 80 100
160 80 100
170 80 100
180 80 100
190 80 100
120 90 100
130 90 100
140 90 100
150 90 100
160 90 100
170 90 100
180 90 100
190 90 100
120 100 100
130 100 100
140 100 100
150 100 100
160 100 100
170 100 100
180 100 100
190 100 100
120 110 100
130 110 100
140 110 100
150 110 100
160 110 100
170 110 100
180 110 100
190 110 100
120 120 100
130 120 100
140 120 100
150 120 100
160 120 100
170 120 100
180 120 100
190 120 100
110 30 100
120 30 100
130 30 100
140 30 100
150 30 100
100 40 100
110 40 100
120 40 100
130 40 100
140 40 100
150 40 100
90 50 100
100 50 100
110 50 100
120 50 100
70 60 100
80 60 100
90 60 100
100 60 100
110 60 100
70 70 100
80 70 100
90 70 100
100 70 100
110 70 100
70 80 100
80 80 100
90 80 100
100 80 100
110 80 100
70 90 100
80 90 100
90 90 100
100 90 100
110 90 100
70 100 100
80 100 100
90 100 100
100 100 100
110 100 100
120 100 100
130 100 100
140 100 100
150 100 100
70 110 100
80 110 100
90 110 100
100 110 100
110 110 100
120 110 100
130 110 100
140 110 100
150 110 100
40 10 100
50 10 100
60 10 100
70 10 100
80 10 100
50 20 100
60 20 100
50 30 100
60 30 100
50 40 100
60 40 100
100 40 100
50 50 100
60 50 100
90 50 100
100 50 100
50 60 100
60 60 100
80 60 100
90 60 100
100 60 100
50 70 100
60 70 100
70 70 100
80 70 100
90 70 100
100 70 100
40 80 100
50 80 100
60 80 100
70 80 100
80 80 100
90 80 100
100 80 100
20 90 100
50 90 100
60 90 100
90 90 100
100 90 100
40 110 100
50 110 100
60 110 100
40 120 100
50 120 100
60 120 100
70 120 100
80 120 100
90 120 100
100 120 100
110 120 100
120 120 100
40 130 100
50 130 100
60 130 100
70 130 100
80 130 100
90 130 100
100 130 100
110 130 100
120 130 100
40 140 100
50 140 100
60 140 100
70 140 100
80 140 100
90 140 100
100 140 100
110 140 100
120 140 100
40 150 100
70 150 100
80 150 100
90 150 100
100 150 100
110 150 100
120 150 100
40 160 100
50 160 100
70 160 100
80 160 100
90 160 100
100 160 100
110 160 100
120 160 100
40 170 100
50 170 100
70 170 100
80 170 100
90 170 100
100 170 100
110 170 100
120 170 100
40 180 100
50 180 100
60 180 100
70 180 100
80 180 100
90 180 100
100 180 100
110 180 100
120 180 100
70 190 100
80 190 100
90 190 100
100 190 100
110 190 100
120 190 100
150 0 100
160 0 100
170 0 100
180 0 100
190 0 100
150 10 100
160 10 100
170 10 100
180 10 100
190 10 100
150 20 100
160 20 100
170 20 100
180 20 100
190 20 100
150 30 100
160 30 100
170 30 100
180 30 100
190 30 100
150 40 100
160 40 100
170 40 100
180 40 100
190 40 100
160 50 100
20 192 100
20 191 100
21 190 100
22 190 100
23 190 100
24 190 100
25 190 100
26 190 100
27 190 100
28 190 100
29 190 100
31 190 100
32 190 100
33 190 100
34 190 100
35 190 100
36 190 100
37 190 100
38 190 100
39 190 100
41 190 100
42 190 100
43 190 100
44 190 100
45 190 100
46 190 100
47 190 100
48 190 100
49 190 100
51 190 100
52 190 100
53 190 100
54 190 100
55 190 100
56 190 100
57 190 100
58 190 100
59 190 100
61 190 100
62 190 100
63 190 100
64 190 100
65 190 100
66 190 100
67 190 100
68 190 100
69 190 100
70 189 100
70 188 100
70 187 100
70 186 100
70 185 100
70 184 100
70 183 100
70 182 100
70 181 100
70 179 100
70 178 100
70 177 100
70 176 100
70 175 100
70 174 100
70 173 100
70 172 100
70 171 100
70 169 100
70 168 100
70 167 100
70 166 100
70 165 100
70 164 100
70 163 100
70 162 100
70 161 100
70 159 100
70 158 100
70 157 100
70 156 100
70 155 100
70 154 100
70 153 100
70 152 100
70 151 100
70 149 100
70 148 100
70 147 100
70 146 100
70 145 100
70 144 100
70 143 100
70 142 100
70 141 100
70 139 100
70 138 100
70 137 100
70 136 100
70 135 100
70 134 100
70 133 100
70 132 100
70 131 100
70 129 100
70 128 100
70 127 100
70 126 100
70 125 100
70 124 100
70 123 100
70 122 100
70 121 100
70 119 100
70 118 100
70 117 100
70 116 100
70 115 100
70 114 100
70 113 100
70 112 100
70 111 100
71 110 100
72 110 100
73 110 100
74 110 100
75 110 100
76 110 100
77 110 100
78 110 100
79 110 100
81 110 100
82 110 100
83 110 100
84 110 100
85 110 100
86 110 100
87 110 100
88 110 100
89 110 100
91 110 100
92 110 100
93 110 100
94 110 100
95 110 100
96 110 100
97 110 100
98 110 100
99 110 100
101 110 100
102 110 100
103 110 100
104 110 100
105 110 100
105 110 100
106 110 100
106 110 100
107 110 100
107 110 100
108 110 100
108 110 100
109 110 100
109 110 100
111 110 100
112 110 100
113 110 100
114 110 100
115 110 100
116 110 100
117 110 100
118 110 100
119 110 100
120 111 100
120 111 100
120 112 100
120 112 100
120 113 100
120 113 100
120 114 100
120 114 100
120 114 100
120 115 100
120 115 100
120 115 100
120 116 100
120 116 100
120 116 100
120 117 100
120 117 100
120 117 100
120 118 100
120 118 100
120 118 100
120 119 100
120 119 100
121 120 100
121 120 100
122 120 100
122 120 100
123 120 100
124 120 100
125 120 100
126 120 100
127 120 100
128 120 100
129 120 100
131 120 100
132 120 100
133 120 100
134 120 100
135 120 100
136 120 100
137 120 100
138 120 100
139 120 100
141 120 100
142 120 100
143 120 100
144 120 100
145 120 100
146 120 100
147 120 100
148 120 100
149 120 100
151 120 100
152 120 100
153 120 100
154 120 100
155 120 100
156 120 100
157 120 100
158 120 100
159 120 100
160 121 100
160 122 100
160 123 100
160 124 100
160 125 100
160 126 100
160 127 100
160 128 100
160 129 100
160 130 100
160 131 100
160 132 100
160 133 100
160 134 100
160 135 100
160 136 100
160 137 100
160 138 100
160 139 100
160 140 100
160 141 100
160 142 100
160 143 100
160 144 100
160 145 100
160 146 100
160 147 100
160 148 100
160 149 100
160 151 100
160 151 100
160 152 100
160 152 100
160 153 100
160 153 100
160 153 100
160 153 100
160 154 100
160 154 100
160 154 100
160 154 100
160 154 100
160 155 100
160 155 100
160 155 100
160 155 100
160 155 100
160 155 100
160 155 100
160 156 100
160 156 100
160 156 100
160 156 100
160 156 100
160 156 100
160 156 100
160 156 100
160 156 100
160 156 100
160 157 100
160 157 100
160 157 100
160 157 100
160 157 100
160 157 100
160 157 100
160 157 100
160 157 100
160 157 100
160 157 100
160 157 100
160 158 100
160 158 100
160 158 100
160 158 100
160 158 100
160 158 100
160 158 100
160 158 100
160 158 100
160 158 100
160 158 100
160 158 100
160 158 100
160 158 100
160 159 100
160 159 100
160 159 100
160 159 100
160 159 100
160 159 100
160 159 100
160 159 100
160 159 100
160 159 100
160 159 100
160 159 100
160 159 100
160 159 100
160 159 100
160 159 100
160 159 100
160 160 100
160 160 100
160 160 100
160 160 100
160 160 100
160 160 100
160 160 100
160 160 100
160 160 100
160 160 100
160 160 100
160 160 100
160 160 100
160 160 100
160 160 100
160 160 100
160 160 100
160 160 100
160 161 100
160 161 100
160 161 100
160 161 100
160 161 100
160 161 100
160 161 100
160 161 100
160 161 100
160 161 100
160 161 100
160 161 100
160 161 100
160 161 100
160 161 100
160 161 100
160 161 100
160 161 100
160 161 100
160 161 100
160 161 100
160 162 100
160 162 100
160 162 100
160 162 100
160 162 100
160 162 100
160 162 100
160 162 100
160 162 100
160 162 100
160 162 100
160 162 100
160 162 100
160 162 100
160 162 100
160 162 100
160 162 100
160 162 100
160 162 100
160 162 100
160 162 100
160 162 100
160 162 100
160 163 100
160 163 100
160 163 100
160 163 100
160 163 100
160 163 100
160 163 100
160 163 100
160 163 100
160 163 100
160 163 100
160 163 100
160 163 100
160 163 100
160 163 100
160 163 100
160 163 100
160 163 100
160 163 100
160 163 100
160 163 100
160 163 100
160 163 100
160 163 100
160 163 100
160 164 100
160 164 100
160 164 100
160 164 100
160 164 100
160 164 100
160 164 100
160 164 100
160 164 100
160 164 100
160 164 100
160 164 100
160 164 100
160 164 100
160 164 100
160 164 100
160 164 100
160 164 100
160 164 100
160 164 100
160 164 100
160 164 100
160 164 100
160 164 100
160 164 100
160 164 100
160 164 100
160 165 100
160 165 100
160 165 100
160 165 100
160 165 100
160 165 100
160 165 100
160 165 100
160 165 100
160 165 100
160 165 100
160 165 100
160 165 100
160 165 100
160 165 100
160 165 100
160 165 100
160 165 100
160 165 100
160 165 100
160 165 100
160 165 100
160 165 100
160 165 100
160 165 100
160 165 100
160 165 100
160 165 100
160 165 100
160 166 100
160 166 100
160 166 100
160 166 100
160 166 100
160 166 100
160 166 100
160 166 100
160 166 100
160 166 100
160 166 100
160 166 100
160 166 100
160 166 100
160 166 100
160 166 100
160 166 100
160 166 100
160 166 100
160 166 100
160 166 100
160 166 100
160 166 100
160 166 100
160 166 100
160 166 100
160 166 100
160 166 100
160 166 100
160 167 100
160 167 100
160 167 100
160 167 100
160 167 100
160 167 100
160 167 100
160 167 100
160 167 100
160 167 100
160 167 100
160 167 100
160 167 100
160 167 100
160 167 100
160 167 100
160 167 100
160 167 100
160 167 100
160 167 100
160 167 100
160 167 100
160 167 100
160 167 100
160 167 100
160 167 100
160 167 100
160 167 100
160 167 100
160 168 100
160 168 100
160 168 100
160 168 100
160 168 100
160 168 100
160 168 100
160 168 100
160 168 100
160 168 100
160 168 100
160 168 100
160 168 100
160 168 100
160 168 100
160 168 100
160 168 100
160 168 100
160 168 100
160 168 100
160 168 100
160 168 100
160 168 100
160 168 100
160 168 100
160 168 100
160 168 100
160 168 100
160 169 100
160 169 100
160 169 100
160 169 100
160 169 100
160 169 100
160 169 100
160 169 100
160 169 100
160 169 100
160 169 100
160 169 100
160 169 100
160 169 100
160 169 100
160 169 100
160 169 100
160 169 100
160 169 100
160 169 100
160 169 100
160 169 100
160 169 100
160 169 100
160 169 100
160 169 100
160 170 100
160 170 100
160 170 100
160 170 100
160 170 100
160 170 100
160 170 100
160 170 100
160 170 100
160 170 100
160 170 100
160 170 100
160 170 100
160 170 100
160 170 100
160 170 100
160 170 100
160 170 100
160 170 100
160 170 100
160 170 100
160 170 100
160 170 100
160 171 100
160 171 100
160 171 100
160 171 100
160 171 100
160 171 100
160 171 100
160 171 100
160 171 100
160 171 100
160 171 100
160 171 100
160 171 100
160 171 100
160 171 100
160 171 100
160 171 100
160 171 100
160 171 100
160 171 100
160 172 100
160 172 100
160 172 100
160 172 100
160 172 100
160 172 100
160 172 100
160 172 100
160 172 100
160 172 100
160 172 100
160 172 100
160 172 100
160 172 100
160 172 100
160 172 100
160 172 100
160 173 100
160 173 100
160 173 100
160 173 100
160 173 100
160 173 100
160 173 100
160 173 100
160 173 100
160 173 100
160 173 100
160 173 100
160 173 100
160 173 100
160 174 100
160 174 100
160 174 100
160 174 100
160 174 100
160 174 100
160 174 100
160 174 100
160 174 100
160 174 100
160 174 100
160 175 100
160 175 100
160 175 100
160 175 100
160 175 100
160 175 100
160 175 100
160 175 100
160 176 100
160 176 100
160 176 100
160 176 100
160 176 100
160 176 100
160 177 100
160 177 100
160 177 100
160 177 100
160 178 100
160 178 100
160 178 100
160 179 100
160 179 100
160 180 100
160 181 100
160 181 100
160 182 100
160 182 100
160 183 100
160 184 100
160 185 100
160 186 100
160 187 100
160 188 100
160 189 100
159 190 100
159 191 100
158 191 100
158 192 100
157 192 100
157 193 100
156 193 100
156 194 100
156 195 100
156 196 100
156 197 100
156 198 100
156 199 100
19 59 100
20 59 100
20 61 100
20 62 100
20 63 100
20 64 100
20 65 100
20 66 100
20 67 100
20 68 100
20 69 100
20 71 100
20 72 100
20 73 100
20 74 100
20 75 100
20 76 100
20 77 100
20 78 100
20 79 100
20 81 100
20 82 100
20 83 100
20 84 100
20 85 100
20 85 100
20 86 100
20 86 100
20 87 100
20 87 100
20 88 100
20 88 100
20 88 100
20 89 100
20 89 100
21 90 100
21 90 100
22 90 100
23 90 100
24 90 100
25 90 100
26 90 100
27 90 100
28 90 100
29 90 100
31 90 100
32 90 100
33 90 100
34 90 100
35 90 100
36 90 100
37 90 100
38 90 100
39 90 100
40 91 100
40 92 100
40 93 100
40 94 100
40 95 100
40 96 100
40 97 100
40 98 100
40 99 100
40 100 100
40 101 100
40 102 100
40 103 100
40 104 100
40 105 100
40 106 100
40 107 100
40 108 100
40 109 100
41 110 100
42 110 100
43 110 100
44 110 100
45 110 100
46 110 100
47 110 100
48 110 100
49 110 100
51 110 100
52 110 100
53 110 100
54 110 100
55 110 100
56 110 100
57 110 100
58 110 100
59 110 100
61 110 100
62 110 100
63 110 100
64 110 100
65 110 100
66 110 100
67 110 100
68 110 100
69 110 100
113 17 100
112 17 100
112 18 100
111 18 100
111 19 100
110 19 100
109 20 100
108 20 100
107 20 100
106 20 100
105 20 100
104 20 100
103 20 100
102 20 100
101 20 100
100 21 100
100 22 100
100 23 100
100 24 100
100 25 100
100 26 100
100 27 100
100 28 100
100 29 100
99 30 100
98 30 100
97 30 100
96 30 100
95 30 100
94 30 100
93 30 100
92 30 100
91 30 100
89 30 100
88 30 100
87 30 100
86 30 100
85 30 100
84 30 100
83 30 100
82 30 100
81 30 100
80 31 100
80 32 100
80 33 100
80 34 100
80 35 100
80 36 100
80 37 100
80 38 100
80 39 100
79 40 100
78 40 100
77 40 100
76 40 100
75 40 100
74 40 100
73 40 100
72 40 100
71 40 100
69 40 100
68 40 100
67 40 100
66 40 100
65 40 100
64 40 100
63 40 100
62 40 100
61 40 100
59 40 100
58 40 100
58 40 100
57 40 100
57 40 100
57 40 100
56 40 100
56 40 100
56 40 100
56 40 100
55 40 100
55 40 100
55 40 100
55 40 100
55 40 100
54 40 100
54 40 100
54 40 100
54 40 100
54 40 100
54 40 100
54 40 100
53 40 100
53 40 100
53 40 100
53 40 100
53 40 100
53 40 100
53 40 100
53 40 100
52 40 100
52 40 100
52 40 100
52 40 100
52 40 100
52 40 100
52 40 100
52 40 100
52 40 100
52 40 100
51 40 100
51 40 100
51 40 100
51 40 100
51 40 100
51 40 100
51 40 100
51 40 100
51 40 100
51 40 100
50 40 100
50 40 100
50 40 100
50 40 100
50 40 100
50 40 100
50 40 100
50 40 100
49 40 100
49 40 100
49 40 100
49 40 100
49 40 100
49 40 100
49 40 100
49 40 100
49 40 100
48 40 100
48 40 100
48 40 100
48 40 100
48 40 100
48 40 100
48 40 100
48 40 100
48 40 100
47 40 100
47 40 100
47 40 100
47 40 100
47 40 100
47 40 100
47 40 100
47 40 100
46 40 100
46 40 100
46 40 100
46 40 100
46 40 100
46 40 100
46 40 100
45 40 100
45 40 100
45 40 100
45 40 100
45 40 100
45 40 100
44 40 100
44 40 100
44 40 100
44 40 100
43 40 100
43 40 100
43 40 100
42 40 100
42 40 100
41 40 100
41 40 100
39 40 100
38 40 100
37 40 100
36 40 100
35 40 100
34 40 100
33 40 100
32 40 100
31 40 100
29 40 100
28 40 100
27 40 100
26 40 100
25 40 100
24 40 100
23 40 100
22 40 100
21 40 100
20 41 100
20 42 100
20 43 100
20 44 100
20 45 100
20 46 100
20 47 100
20 48 100
20 49 100
20 51 100
20 52 100
20 53 100
20 54 100
20 55 100
20 56 100
20 57 100
20 58 100
160 81 100
160 82 100
160 83 100
160 84 100
160 85 100
160 86 100
160 87 100
160 88 100
160 89 100
160 91 100
160 92 100
160 93 100
160 94 100
160 95 100
160 96 100
160 97 100
160 98 100
160 99 100
159 100 100
158 100 100
157 100 100
156 100 100
155 100 100
154 100 100
153 100 100
152 100 100
151 100 100
151 100 100
150 101 100
150 101 100
150 101 100
150 102 100
150 102 100
150 102 100
150 103 100
150 103 100
150 103 100
150 103 100
150 104 100
150 104 100
150 104 100
150 104 100
150 105 100
150 105 100
150 105 100
150 105 100
150 106 100
150 106 100
150 106 100
150 106 100
150 107 100
150 107 100
150 107 100
150 107 100
150 108 100
150 108 100
150 108 100
150 108 100
150 109 100
150 109 100
150 109 100
150 111 100
150 112 100
150 113 100
150 114 100
150 115 100
150 116 100
150 117 100
150 118 100
150 119 100
118 71 100
119 71 100
119 70 100
120 71 100
120 72 100
120 73 100
120 74 100
120 75 100
120 76 100
120 77 100
120 78 100
120 79 100
120 81 100
120 82 100
120 83 100
120 84 100
120 85 100
120 86 100
120 87 100
120 88 100
120 89 100
120 91 100
120 92 100
120 93 100
120 94 100
120 95 100
120 96 100
120 97 100
120 98 100
120 98 100
120 99 100
120 99 100
120 101 100
120 101 100
120 102 100
120 102 100
120 103 100
120 103 100
120 104 100
120 104 100
120 105 100
120 105 100
120 106 100
120 106 100
120 107 100
120 107 100
120 108 100
120 108 100
120 109 100
120 109 100
66 53 100
67 53 100
67 52 100
68 52 100
68 51 100
69 51 100
69 50 100
70 49 100
70 48 100
70 47 100
70 46 100
70 45 100
70 44 100
70 43 100
70 42 100
70 41 100
87 157 100
86 157 100
86 158 100
85 158 100
85 159 100
84 159 100
84 160 100
83 160 100
82 160 100
81 160 100
79 160 100
78 160 100
77 160 100
76 160 100
75 160 100
74 160 100
73 160 100
72 160 100
71 160 100
198 14 100
197 14 100
197 13 100
196 13 100
196 12 100
195 12 100
195 11 100
194 11 100
194 10 100
193 10 100
192 10 100
191 10 100
190 11 100
190 12 100
190 13 100
190 14 100
190 15 100
190 16 100
190 17 100
190 18 100
190 19 100
190 21 100
190 21 100
190 22 100
190 22 100
190 23 100
190 23 100
190 24 100
190 24 100
190 24 100
190 25 100
190 25 100
190 25 100
190 26 100
190 26 100
190 26 100
190 26 100
190 27 100
190 27 100
190 27 100
190 27 100
190 27 100
190 28 100
190 28 100
190 28 100
190 28 100
190 28 100
190 28 100
190 29 100
190 29 100
190 29 100
190 29 100
190 29 100
190 29 100
190 29 100
190 30 100
190 30 100
190 30 100
190 30 100
190 30 100
190 30 100
190 30 100
190 31 100
190 31 100
190 31 100
190 31 100
190 31 100
190 31 100
190 31 100
190 31 100
190 32 100
190 32 100
190 32 100
190 32 100
190 32 100
190 32 100
190 32 100
190 32 100
190 33 100
190 33 100
190 33 100
190 33 100
190 33 100
190 33 100
190 33 100
190 34 100
190 34 100
190 34 100
190 34 100
190 34 100
190 34 100
190 35 100
190 35 100
190 35 100
190 35 100
190 35 100
190 35 100
190 36 100
190 36 100
190 36 100
190 36 100
190 36 100
190 36 100
190 37 100
190 37 100
190 37 100
190 37 100
190 37 100
190 37 100
190 38 100
190 38 100
190 38 100
190 38 100
190 38 100
190 38 100
190 39 100
190 39 100
190 39 100
190 39 100
190 39 100
190 39 100
190 39 100
190 40 100
190 40 100
190 40 100
190 40 100
190 40 100
190 41 100
190 41 100
190 41 100
190 41 100
190 41 100
190 41 100
190 41 100
190 42 100
190 42 100
190 42 100
190 42 100
190 42 100
190 42 100
190 43 100
190 43 100
190 43 100
190 43 100
190 43 100
190 44 100
190 44 100
190 44 100
190 44 100
190 45 100
190 45 100
190 45 100
190 46 100
190 46 100
190 47 100
190 47 100
190 48 100
190 49 100
190 51 100
190 52 100
190 53 100
190 54 100
190 55 100
190 56 100
190 57 100
190 58 100
190 59 100
189 60 100
188 60 100
187 60 100
186 60 100
185 60 100
184 60 100
183 60 100
182 60 100
181 60 100
180 61 100
180 62 100
180 63 100
180 64 100
180 65 100
180 66 100
180 67 100
180 68 100
180 69 100
179 70 100
178 70 100
177 70 100
176 70 100
175 70 100
174 70 100
173 70 100
172 70 100
171 70 100
170 71 100
170 72 100
170 73 100
170 74 100
170 75 100
170 76 100
170 77 100
170 78 100
170 79 100
169 80 100
168 80 100
167 80 100
166 80 100
165 80 100
164 80 100
163 80 100
162 80 100
161 80 100
