# score 77900
0 0 100
10 0 100
20 0 100
30 0 100
40 0 100
0 10 100
10 10 100
20 10 100
30 10 100
40 10 100
0 20 100
10 20 100
20 20 100
30 20 100
40 20 100
0 30 100
10 30 100
20 30 100
30 30 100
40 30 100
0 40 100
10 40 100
20 40 100
30 40 100
40 40 100
0 50 100
10 50 100
20 50 100
30 50 100
40 50 100
0 60 100
10 60 100
20 60 100
30 60 100
40 60 100
0 70 100
10 70 100
20 70 100
30 70 100
40 70 100
140 110 100
150 110 100
160 110 100
170 110 100
180 110 100
190 110 100
140 120 100
150 120 100
160 120 100
170 120 100
180 120 100
190 120 100
140 130 100
150 130 100
160 130 100
170 130 100
180 130 100
190 130 100
140 140 100
150 140 100
160 140 100
170 140 100
180 140 100
190 140 100
140 150 100
150 150 100
160 150 100
170 150 100
180 150 100
190 150 100
140 160 100
150 160 100
160 160 100
170 160 100
180 160 100
190 160 100
140 170 100
150 170 100
160 170 100
170 170 100
180 170 100
190 170 100
140 180 100
150 180 100
160 180 100
170 180 100
180 180 100
190 180 100
140 190 100
150 190 100
160 190 100
170 190 100
180 190 100
190 190 100
70 70 100
80 70 100
90 70 100
100 70 100
110 70 100
120 70 100
130 70 100
140 70 100
150 70 100
70 80 100
80 80 100
90 80 100
100 80 100
110 80 100
120 80 100
130 80 100
140 80 100
150 80 100
70 90 100
80 90 100
90 90 100
100 90 100
110 90 100
120 90 100
130 90 100
140 90 100
150 90 100
70 100 100
80 100 100
90 100 100
100 100 100
110 100 100
120 100 100
130 100 100
140 100 100
150 100 100
70 110 100
80 110 100
90 110 100
100 110 100
110 110 100
120 110 100
130 110 100
70 120 100
80 120 100
90 120 100
100 120 100
110 120 100
120 120 100
130 120 100
150 120 100
70 130 100
80 130 100
90 130 100
100 130 100
110 130 100
120 130 100
130 130 100
140 130 100
150 130 100
70 140 100
80 140 100
90 140 100
100 140 100
110 140 100
120 140 100
130 140 100
140 140 100
150 140 100
70 150 100
80 150 100
90 150 100
100 150 100
110 150 100
120 150 100
130 150 100
140 150 100
150 150 100
20 20 100
30 20 100
40 20 100
50 20 100
60 20 100
70 20 100
80 20 100
90 20 100
100 20 100
30 30 100
40 30 100
50 30 100
60 30 100
70 30 100
80 30 100
90 30 100
100 30 100
40 40 100
50 40 100
60 40 100
70 40 100
80 40 100
90 40 100
100 40 100
50 50 100
60 50 100
70 50 100
80 50 100
90 50 100
100 50 100
50 60 100
60 60 100
70 60 100
80 60 100
90 60 100
100 60 100
20 70 100
30 70 100
40 70 100
50 70 100
60 70 100
70 70 100
80 70 100
90 70 100
20 80 100
30 80 100
40 80 100
50 80 100
60 80 100
70 80 100
80 80 100
90 80 100
20 90 100
30 90 100
40 90 100
50 90 100
60 90 100
70 90 100
80 90 100
90 90 100
20 100 100
30 100 100
40 100 100
50 100 100
60 100 100
70 100 100
80 100 100
90 100 100
10 120 100
20 120 100
30 120 100
40 120 100
50 120 100
60 120 100
80 120 100
90 120 100
10 130 100
20 130 100
30 130 100
40 130 100
50 130 100
60 130 100
80 130 100
90 130 100
10 140 100
20 140 100
30 140 100
40 140 100
50 140 100
60 140 100
70 140 100
80 140 100
90 140 100
10 150 100
20 150 100
30 150 100
40 150 100
50 150 100
60 150 100
70 150 100
80 150 100
90 150 100
10 160 100
20 160 100
30 160 100
40 160 100
50 160 100
60 160 100
70 160 100
80 160 100
90 160 100
10 170 100
20 170 100
30 170 100
40 170 100
50 170 100
60 170 100
70 170 100
80 170 100
90 170 100
10 180 100
20 180 100
30 180 100
40 180 100
50 180 100
60 180 100
70 180 100
80 180 100
90 180 100
10 190 100
20 190 100
30 190 100
40 190 100
50 190 100
60 190 100
70 190 100
80 190 100
90 190 100
55 167 100
54 167 100
54 168 100
53 168 100
53 169 100
52 169 100
52 170 100
51 170 100
50 169 100
50 168 100
50 167 100
50 166 100
50 165 100
50 164 100
50 163 100
50 162 100
50 161 100
50 159 100
50 158 100
50 157 100
50 156 100
50 155 100
50 154 100
50 153 100
50 152 100
50 151 100
50 149 100
50 148 100
50 147 100
50 146 100
50 145 100
50 144 100
50 143 100
50 142 100
50 141 100
50 139 100
50 138 100
50 137 100
50 136 100
50 135 100
50 134 100
50 133 100
50 132 100
50 131 100
51 130 100
52 130 100
53 130 100
54 130 100
55 130 100
56 130 100
57 130 100
58 130 100
59 130 100
61 130 100
62 130 100
63 130 100
64 130 100
65 130 100
66 130 100
67 130 100
68 130 100
69 130 100
70 129 100
70 128 100
70 127 100
70 126 100
70 125 100
70 124 100
70 123 100
70 122 100
70 121 100
71 120 100
72 120 100
73 120 100
74 120 100
74 120 100
75 120 100
75 120 100
76 120 100
76 120 100
77 120 100
77 120 100
78 120 100
78 120 100
79 120 100
79 120 100
81 120 100
81 120 100
82 120 100
82 120 100
82 120 100
83 120 100
83 120 100
83 120 100
84 120 100
84 120 100
84 120 100
85 120 100
85 120 100
85 120 100
86 120 100
86 120 100
86 120 100
86 120 100
87 120 100
87 120 100
87 120 100
87 120 100
88 120 100
88 120 100
88 120 100
88 120 100
89 120 100
89 120 100
89 120 100
89 120 100
90 120 100
90 120 100
91 120 100
91 120 100
91 120 100
91 120 100
92 120 100
92 120 100
92 120 100
93 120 100
93 120 100
93 120 100
94 120 100
94 120 100
94 120 100
95 120 100
95 120 100
96 120 100
96 120 100
97 120 100
97 120 100
98 120 100
98 120 100
99 120 100
99 120 100
100 120 100
101 120 100
101 120 100
102 120 100
102 120 100
103 120 100
103 120 100
104 120 100
104 120 100
105 120 100
105 120 100
106 120 100
107 120 100
108 120 100
109 120 100
111 120 100
111 119 100
112 119 100
112 118 100
113 118 100
113 117 100
114 117 100
114 116 100
115 116 100
