# score 379392
130 30 100
140 30 100
150 30 100
160 30 100
170 30 100
180 30 100
190 30 100
130 40 100
140 40 100
150 40 100
160 40 100
170 40 100
180 40 100
190 40 100
130 50 100
140 50 100
150 50 100
160 50 100
170 50 100
180 50 100
190 50 100
130 60 100
140 60 100
150 60 100
160 60 100
170 60 100
180 60 100
190 60 100
130 70 100
140 70 100
150 70 100
160 70 100
170 70 100
180 70 100
190 70 100
130 80 100
140 80 100
150 80 100
160 80 100
170 80 100
180 80 100
190 80 100
130 90 100
140 90 100
150 90 100
160 90 100
170 90 100
180 90 100
190 90 100
130 100 100
140 100 100
150 100 100
160 100 100
170 100 100
180 100 100
190 100 100
130 110 100
140 110 100
150 110 100
160 110 100
170 110 100
180 110 100
190 110 100
140 100 100
150 100 100
160 100 100
170 100 100
180 100 100
190 100 100
140 110 100
150 110 100
160 110 100
170 110 100
180 110 100
190 110 100
140 120 100
150 120 100
160 120 100
170 120 100
180 120 100
190 120 100
140 130 100
150 130 100
160 130 100
170 130 100
180 130 100
190 130 100
140 140 100
150 140 100
160 140 100
170 140 100
180 140 100
190 140 100
140 150 100
150 150 100
160 150 100
170 150 100
180 150 100
190 150 100
140 160 100
150 160 100
160 160 100
170 160 100
180 160 100
190 160 100
140 170 100
150 170 100
160 170 100
170 170 100
180 170 100
190 170 100
140 180 100
150 180 100
160 180 100
170 180 100
180 180 100
190 180 100
20 0 100
30 0 100
40 0 100
50 0 100
60 0 100
70 0 100
80 0 100
90 0 100
100 0 100
20 10 100
30 10 100
40 10 100
50 10 100
60 10 100
70 10 100
80 10 100
90 10 100
100 10 100
20 20 100
30 20 100
40 20 100
50 20 100
60 20 100
70 20 100
80 20 100
90 20 100
100 20 100
20 30 100
30 30 100
40 30 100
50 30 100
60 30 100
70 30 100
80 30 100
90 30 100
100 30 100
20 40 100
30 40 100
40 40 100
50 40 100
60 40 100
70 40 100
80 40 100
90 40 100
100 40 100
20 50 100
30 50 100
40 50 100
50 50 100
60 50 100
70 50 100
80 50 100
90 50 100
100 50 100
20 60 100
30 60 100
40 60 100
50 60 100
60 60 100
70 60 100
80 60 100
90 60 100
100 60 100
20 70 100
30 70 100
40 70 100
50 70 100
60 70 100
70 70 100
80 70 100
90 70 100
100 70 100
0 0 100
10 0 100
40 0 100
0 10 100
10 10 100
30 10 100
40 10 100
0 20 100
10 20 100
20 20 100
30 20 100
40 20 100
0 30 100
10 30 100
20 30 100
30 30 100
40 30 100
0 40 100
10 40 100
20 40 100
30 40 100
40 40 100
110 40 100
120 40 100
130 40 100
80 50 100
90 50 100
110 50 100
120 50 100
130 50 100
80 60 100
90 60 100
100 60 100
110 60 100
120 60 100
130 60 100
140 60 100
80 70 100
90 70 100
100 70 100
110 70 100
120 70 100
130 70 100
140 70 100
80 80 100
90 80 100
100 80 100
110 80 100
120 80 100
140 80 100
150 80 100
160 80 100
80 90 100
90 90 100
100 90 100
110 90 100
120 90 100
140 90 100
150 90 100
160 90 100
80 100 100
90 100 100
100 100 100
110 100 100
120 100 100
130 100 100
140 100 100
150 100 100
160 100 100
80 110 100
90 110 100
100 110 100
110 110 100
120 110 100
130 110 100
140 110 100
150 110 100
160 110 100
80 120 100
90 120 100
100 120 100
110 120 100
120 120 100
130 120 100
140 120 100
150 120 100
160 120 100
0 130 100
10 130 100
20 130 100
30 130 100
40 130 100
0 140 100
10 140 100
20 140 100
30 140 100
40 140 100
0 150 100
10 150 100
20 150 100
30 150 100
40 150 100
0 160 100
10 160 100
20 160 100
30 160 100
40 160 100
0 170 100
10 170 100
20 170 100
30 170 100
40 170 100
0 180 100
10 180 100
20 180 100
30 180 100
40 180 100
0 190 100
10 190 100
20 190 100
30 190 100
40 190 100
100 10 100
110 10 100
120 10 100
130 10 100
140 10 100
150 10 100
160 10 100
170 10 100
180 10 100
110 20 100
120 20 100
130 20 100
140 20 100
150 20 100
160 20 100
170 20 100
180 20 100
110 30 100
120 30 100
130 30 100
140 30 100
170 30 100
180 30 100
170 40 100
180 40 100
110 50 100
120 50 100
170 50 100
180 50 100
100 60 100
110 60 100
120 60 100
130 60 100
140 60 100
100 70 100
110 70 100
120 70 100
140 70 100
100 80 100
140 80 100
150 80 100
140 90 100
150 90 100
160 90 100
170 90 100
100 110 100
110 110 100
120 110 100
130 110 100
140 110 100
150 110 100
160 110 100
170 110 100
180 110 100
100 120 100
110 120 100
120 120 100
130 120 100
140 120 100
150 120 100
160 120 100
170 120 100
180 120 100
100 130 100
110 130 100
120 130 100
130 130 100
140 130 100
150 130 100
180 130 100
100 140 100
110 140 100
120 140 100
130 140 100
100 150 100
110 150 100
120 150 100
130 150 100
100 160 100
110 160 100
120 160 100
130 160 100
140 160 100
150 160 100
160 160 100
100 170 100
110 170 100
120 170 100
130 170 100
140 170 100
150 170 100
160 170 100
170 170 100
100 180 100
110 180 100
120 180 100
130 180 100
140 180 100
150 180 100
160 180 100
170 180 100
180 180 100
100 190 100
110 190 100
120 190 100
130 190 100
140 190 100
150 190 100
160 190 100
170 190 100
180 190 100
80 0 100
90 0 100
30 10 100
40 10 100
50 10 100
90 10 100
10 20 100
20 20 100
30 20 100
40 20 100
50 20 100
60 20 100
10 30 100
20 30 100
30 30 100
40 30 100
50 30 100
60 30 100
10 40 100
20 40 100
30 40 100
40 40 100
50 40 100
60 100 100
70 100 100
80 100 100
90 100 100
120 100 100
130 100 100
140 100 100
60 110 100
70 110 100
80 110 100
90 110 100
110 110 100
120 110 100
130 110 100
140 110 100
60 120 100
70 120 100
90 120 100
100 120 100
110 120 100
120 120 100
130 120 100
140 120 100
60 130 100
70 130 100
80 130 100
90 130 100
100 130 100
110 130 100
140 130 100
60 140 100
70 140 100
80 140 100
90 140 100
100 140 100
60 150 100
70 150 100
80 150 100
90 150 100
100 150 100
60 160 100
70 160 100
80 160 100
90 160 100
100 160 100
140 160 100
60 170 100
70 170 100
80 170 100
90 170 100
130 170 100
140 170 100
60 180 100
70 180 100
80 180 100
90 180 100
120 180 100
130 180 100
140 180 100
0 80 100
10 80 100
20 80 100
30 80 100
40 80 100
50 80 100
60 80 100
70 80 100
0 90 100
10 90 100
20 90 100
30 90 100
40 90 100
50 90 100
60 90 100
70 90 100
0 100 100
10 100 100
20 100 100
30 100 100
40 100 100
50 100 100
0 110 100
10 110 100
20 110 100
30 110 100
40 110 100
50 110 100
0 120 100
10 120 100
20 120 100
30 120 100
40 120 100
50 120 100
70 120 100
0 130 100
10 130 100
20 130 100
50 130 100
60 130 100
70 130 100
0 140 100
10 140 100
20 140 100
30 140 100
40 140 100
50 140 100
60 140 100
70 140 100
0 150 100
10 150 100
20 150 100
30 150 100
40 150 100
50 150 100
60 150 100
70 150 100
10 160 100
20 160 100
30 160 100
40 160 100
50 160 100
60 160 100
70 160 100
182 147 100
181 147 100
181 146 100
180 146 100
180 145 100
180 144 100
180 143 100
180 142 100
180 141 100
179 140 100
178 140 100
177 140 100
176 140 100
175 140 100
174 140 100
173 140 100
172 140 100
171 140 100
169 140 100
168 140 100
167 140 100
166 140 100
165 140 100
164 140 100
163 140 100
162 140 100
161 140 100
159 140 100
158 140 100
157 140 100
156 140 100
155 140 100
154 140 100
153 140 100
152 140 100
151 140 100
149 140 100
148 140 100
147 140 100
146 140 100
145 140 100
144 140 100
143 140 100
142 140 100
141 140 100
139 140 100
138 140 100
137 140 100
136 140 100
135 140 100
134 140 100
133 140 100
132 140 100
131 140 100
129 140 100
128 140 100
127 140 100
126 140 100
125 140 100
124 140 100
123 140 100
122 140 100
121 140 100
119 140 100
118 140 100
117 140 100
116 140 100
115 140 100
114 140 100
113 140 100
112 140 100
111 140 100
109 140 100
108 140 100
107 140 100
106 140 100
105 140 100
105 140 100
104 140 100
104 140 100
103 140 100
103 140 100
102 140 100
102 140 100
101 140 100
101 140 100
99 140 100
99 140 100
98 140 100
98 140 100
97 140 100
97 140 100
96 140 100
95 140 100
94 140 100
93 140 100
92 140 100
91 140 100
90 139 100
90 138 100
90 137 100
90 136 100
90 135 100
90 134 100
90 133 100
90 132 100
90 131 100
90 129 100
90 129 100
90 128 100
90 128 100
90 127 100
90 127 100
90 127 100
90 126 100
90 126 100
90 126 100
90 125 100
90 125 100
90 125 100
90 125 100
90 124 100
90 124 100
90 124 100
90 124 100
90 123 100
90 123 100
90 123 100
90 123 100
90 122 100
90 122 100
90 122 100
90 122 100
90 121 100
90 121 100
90 121 100
90 121 100
90 120 100
90 120 100
90 119 100
90 119 100
90 119 100
90 119 100
90 118 100
90 118 100
90 118 100
90 117 100
90 117 100
90 117 100
90 116 100
90 116 100
90 116 100
90 115 100
90 115 100
90 114 100
90 114 100
90 113 100
90 113 100
90 112 100
90 112 100
90 111 100
90 111 100
91 110 100
91 110 100
92 110 100
92 110 100
93 110 100
93 110 100
93 110 100
94 110 100
94 110 100
94 110 100
95 110 100
95 110 100
95 110 100
96 110 100
96 110 100
96 110 100
97 110 100
97 110 100
97 110 100
98 110 100
98 110 100
98 110 100
99 110 100
99 110 100
99 110 100
100 109 100
100 109 100
100 108 100
100 108 100
100 107 100
100 107 100
100 106 100
100 106 100
100 105 100
100 104 100
100 103 100
100 102 100
100 101 100
100 99 100
100 98 100
100 97 100
100 96 100
100 95 100
100 94 100
100 93 100
100 92 100
100 91 100
101 90 100
102 90 100
103 90 100
104 90 100
105 90 100
106 90 100
107 90 100
108 90 100
109 90 100
111 90 100
112 90 100
113 90 100
114 90 100
115 90 100
116 90 100
117 90 100
118 90 100
119 90 100
121 90 100
121 89 100
122 89 100
122 88 100
122 87 100
121 87 100
121 86 100
120 86 100
120 85 100
120 84 100
120 83 100
120 82 100
120 81 100
121 80 100
122 80 100
123 80 100
124 80 100
125 80 100
126 80 100
127 80 100
128 80 100
129 80 100
130 79 100
130 78 100
130 77 100
130 76 100
130 75 100
130 74 100
130 73 100
130 72 100
130 71 100
130 71 100
131 70 100
131 70 100
132 70 100
132 70 100
133 70 100
133 70 100
134 70 100
134 70 100
135 70 100
135 70 100
136 70 100
136 70 100
137 70 100
137 70 100
138 70 100
138 70 100
139 70 100
139 70 100
141 70 100
141 70 100
141 70 100
142 70 100
142 70 100
142 70 100
143 70 100
143 70 100
143 70 100
144 70 100
144 70 100
145 70 100
145 70 100
146 70 100
146 70 100
147 70 100
148 70 100
149 70 100
151 70 100
152 70 100
153 70 100
154 70 100
155 70 100
156 70 100
157 70 100
158 70 100
159 70 100
161 70 100
162 70 100
163 70 100
164 70 100
165 70 100
166 70 100
167 70 100
168 70 100
169 70 100
171 70 100
171 71 100
172 71 100
173 71 100
174 71 100
60 39 100
61 40 100
62 40 100
63 40 100
64 40 100
65 40 100
66 40 100
67 40 100
68 40 100
69 40 100
71 40 100
72 40 100
73 40 100
74 40 100
75 40 100
76 40 100
77 40 100
78 40 100
79 40 100
81 40 100
82 40 100
83 40 100
84 40 100
85 40 100
86 40 100
87 40 100
88 40 100
89 40 100
91 40 100
92 40 100
93 40 100
94 40 100
95 40 100
96 40 100
97 40 100
98 40 100
99 40 100
101 40 100
102 40 100
103 40 100
104 40 100
105 40 100
106 40 100
107 40 100
108 40 100
109 40 100
111 40 100
112 40 100
113 40 100
114 40 100
115 40 100
116 40 100
117 40 100
118 40 100
119 40 100
121 40 100
121 40 100
122 40 100
122 40 100
123 40 100
123 40 100
124 40 100
124 40 100
124 40 100
125 40 100
125 40 100
125 40 100
126 40 100
126 40 100
126 40 100
127 40 100
127 40 100
127 40 100
128 40 100
128 40 100
128 40 100
129 40 100
129 40 100
129 40 100
131 40 100
131 40 100
132 40 100
133 40 100
134 40 100
135 40 100
136 40 100
137 40 100
138 40 100
139 40 100
140 41 100
140 42 100
140 43 100
140 44 100
140 45 100
140 46 100
140 47 100
140 48 100
140 49 100
140 51 100
140 52 100
140 53 100
140 54 100
140 55 100
140 56 100
140 57 100
140 58 100
140 58 100
140 59 100
140 59 100
140 61 100
140 61 100
140 61 100
140 62 100
140 62 100
140 62 100
140 62 100
140 63 100
140 63 100
140 63 100
140 63 100
140 64 100
140 64 100
140 64 100
140 64 100
140 65 100
140 65 100
140 65 100
140 65 100
140 66 100
140 66 100
140 66 100
140 66 100
140 67 100
140 67 100
140 67 100
140 68 100
140 68 100
140 68 100
140 69 100
140 69 100
140 69 100
2 7 100
1 7 100
1 6 100
0 6 100
0 5 100
0 4 100
0 3 100
0 2 100
0 1 100
1 0 100
2 0 100
3 0 100
4 0 100
5 0 100
6 0 100
7 0 100
8 0 100
9 0 100
11 0 100
12 0 100
13 0 100
14 0 100
15 0 100
16 0 100
17 0 100
18 0 100
19 0 100
21 0 100
22 0 100
23 0 100
24 0 100
25 0 100
26 0 100
27 0 100
28 0 100
29 0 100
31 0 100
32 0 100
33 0 100
34 0 100
34 0 100
35 0 100
35 0 100
36 0 100
36 0 100
37 0 100
37 0 100
38 0 100
38 0 100
39 0 100
39 0 100
41 0 100
41 0 100
42 0 100
43 0 100
44 0 100
45 0 100
46 0 100
47 0 100
48 0 100
49 0 100
51 0 100
52 0 100
53 0 100
54 0 100
55 0 100
56 0 100
57 0 100
58 0 100
59 0 100
60 1 100
60 2 100
60 3 100
60 4 100
60 5 100
60 6 100
60 7 100
60 8 100
60 9 100
60 11 100
60 12 100
60 12 100
60 13 100
60 13 100
60 14 100
60 14 100
60 15 100
60 15 100
60 16 100
60 16 100
60 17 100
60 17 100
60 18 100
60 18 100
60 19 100
60 19 100
60 21 100
60 21 100
60 22 100
60 22 100
60 23 100
60 23 100
60 24 100
60 25 100
60 26 100
60 27 100
60 27 100
60 28 100
60 28 100
60 29 100
60 29 100
60 31 100
60 31 100
60 32 100
60 32 100
60 33 100
60 34 100
60 35 100
60 36 100
60 37 100
60 38 100
8 173 100
9 173 100
9 172 100
10 172 100
10 171 100
9 170 100
8 170 100
7 170 100
6 170 100
5 170 100
4 170 100
3 170 100
2 170 100
1 170 100
0 169 100
0 168 100
0 167 100
0 166 100
0 165 100
0 164 100
0 163 100
0 162 100
0 161 100
0 159 100
0 158 100
0 157 100
0 156 100
0 155 100
0 154 100
0 154 100
0 153 100
0 153 100
0 153 100
0 152 100
0 152 100
0 152 100
0 152 100
0 152 100
0 151 100
0 151 100
0 151 100
0 151 100
0 151 100
0 151 100
0 151 100
0 151 100
0 150 100
0 150 100
0 150 100
0 150 100
0 150 100
0 150 100
0 150 100
0 150 100
0 150 100
0 149 100
0 149 100
0 149 100
0 149 100
0 149 100
0 149 100
0 149 100
0 149 100
0 149 100
0 149 100
0 149 100
0 149 100
0 149 100
0 148 100
0 148 100
0 148 100
0 148 100
0 148 100
0 148 100
0 148 100
0 148 100
0 148 100
0 148 100
0 148 100
0 148 100
0 148 100
0 148 100
0 148 100
0 147 100
0 147 100
0 147 100
0 147 100
0 147 100
0 147 100
0 147 100
0 147 100
0 147 100
0 147 100
0 147 100
0 147 100
0 147 100
0 147 100
0 147 100
0 147 100
0 146 100
0 146 100
0 146 100
0 146 100
0 146 100
0 146 100
0 146 100
0 146 100
0 146 100
0 146 100
0 146 100
0 146 100
0 146 100
0 146 100
0 146 100
0 146 100
0 146 100
0 145 100
0 145 100
0 145 100
0 145 100
0 145 100
0 145 100
0 145 100
0 145 100
0 145 100
0 145 100
0 145 100
0 145 100
0 145 100
0 145 100
0 145 100
0 145 100
0 145 100
0 145 100
0 144 100
0 144 100
0 144 100
0 144 100
0 144 100
0 144 100
0 144 100
0 144 100
0 144 100
0 144 100
0 144 100
0 144 100
0 144 100
0 144 100
0 144 100
0 144 100
0 144 100
0 144 100
0 144 100
0 143 100
0 143 100
0 143 100
0 143 100
0 143 100
0 143 100
0 143 100
0 143 100
0 143 100
0 143 100
0 143 100
0 143 100
0 143 100
0 143 100
0 143 100
0 143 100
0 143 100
0 143 100
0 143 100
0 143 100
0 142 100
0 142 100
0 142 100
0 142 100
0 142 100
0 142 100
0 142 100
0 142 100
0 142 100
0 142 100
0 142 100
0 142 100
0 142 100
0 142 100
0 142 100
0 142 100
0 142 100
0 142 100
0 142 100
0 142 100
0 141 100
0 141 100
0 141 100
0 141 100
0 141 100
0 141 100
0 141 100
0 141 100
0 141 100
0 141 100
0 141 100
0 141 100
0 141 100
0 141 100
0 141 100
0 141 100
0 141 100
0 141 100
0 141 100
0 141 100
0 140 100
0 140 100
0 140 100
0 140 100
0 140 100
0 140 100
0 140 100
0 140 100
0 140 100
0 140 100
0 140 100
0 140 100
0 140 100
0 140 100
0 140 100
0 140 100
0 140 100
0 140 100
0 139 100
0 139 100
0 139 100
0 139 100
0 139 100
0 139 100
0 139 100
0 139 100
0 139 100
0 139 100
0 139 100
0 139 100
0 139 100
0 139 100
0 139 100
0 139 100
0 139 100
0 139 100
0 139 100
0 138 100
0 138 100
0 138 100
0 138 100
0 138 100
0 138 100
0 138 100
0 138 100
0 138 100
0 138 100
0 138 100
0 138 100
0 138 100
0 138 100
0 138 100
0 138 100
0 138 100
0 138 100
0 137 100
0 137 100
0 137 100
0 137 100
0 137 100
0 137 100
0 137 100
0 137 100
0 137 100
0 137 100
0 137 100
0 137 100
0 137 100
0 137 100
0 137 100
0 137 100
0 136 100
0 136 100
0 136 100
0 136 100
0 136 100
0 136 100
0 136 100
0 136 100
0 136 100
0 136 100
0 136 100
0 136 100
0 136 100
0 136 100
0 135 100
0 135 100
0 135 100
0 135 100
0 135 100
0 135 100
0 135 100
0 135 100
0 135 100
0 135 100
0 135 100
0 135 100
0 134 100
0 134 100
0 134 100
0 134 100
0 134 100
0 134 100
0 134 100
0 134 100
0 134 100
0 134 100
0 133 100
0 133 100
0 133 100
0 133 100
0 133 100
0 133 100
0 133 100
0 133 100
0 132 100
0 132 100
0 132 100
0 132 100
0 132 100
0 132 100
0 132 100
0 131 100
0 131 100
0 131 100
0 131 100
0 131 100
0 131 100
0 130 100
0 130 100
0 130 100
0 129 100
0 129 100
0 129 100
0 129 100
0 128 100
0 128 100
0 128 100
0 127 100
0 127 100
0 127 100
0 126 100
0 126 100
0 125 100
0 125 100
0 124 100
0 124 100
0 123 100
0 122 100
0 121 100
1 120 100
2 120 100
3 120 100
4 120 100
5 120 100
5 120 100
6 120 100
6 120 100
7 120 100
7 120 100
8 120 100
8 120 100
9 120 100
11 120 100
12 120 100
13 120 100
14 120 100
15 120 100
16 120 100
17 120 100
18 120 100
19 120 100
21 120 100
22 120 100
23 120 100
24 120 100
25 120 100
26 120 100
27 120 100
28 120 100
29 120 100
31 120 100
32 120 100
33 120 100
34 120 100
35 120 100
36 120 100
37 120 100
38 120 100
39 120 100
41 120 100
42 120 100
43 120 100
44 120 100
45 120 100
46 120 100
47 120 100
48 120 100
49 120 100
50 119 100
50 118 100
50 117 100
50 116 100
50 115 100
50 114 100
50 113 100
50 112 100
50 111 100
51 110 100
52 110 100
53 110 100
54 110 100
55 110 100
56 110 100
57 110 100
58 110 100
59 110 100
61 110 100
62 110 100
63 110 100
64 110 100
65 110 100
66 110 100
67 110 100
68 110 100
69 110 100
71 110 100
72 110 100
73 110 100
74 110 100
75 110 100
76 110 100
77 110 100
78 110 100
78 110 100
79 110 100
79 110 100
81 110 100
81 110 100
82 110 100
82 110 100
83 110 100
83 110 100
84 110 100
84 110 100
85 110 100
85 110 100
86 110 100
86 110 100
87 110 100
87 110 100
88 110 100
88 110 100
89 110 100
89 110 100
148 53 100
149 53 100
149 52 100
150 52 100
150 51 100
149 50 100
148 50 100
147 50 100
146 50 100
145 50 100
144 50 100
143 50 100
142 50 100
141 50 100
142 152 100
141 152 100
141 151 100
140 151 100
140 149 100
140 148 100
140 147 100
140 146 100
140 145 100
140 144 100
140 143 100
140 142 100
140 141 100
56 4 100
57 4 100
57 3 100
58 3 100
58 2 100
59 2 100
59 1 100
109 148 100
110 148 100
110 147 100
110 146 100
110 145 100
110 144 100
110 143 100
110 142 100
110 141 100
30 125 100
30 124 100
30 123 100
30 122 100
30 121 100
