# score 107764
20 100 100
30 100 100
40 100 100
50 100 100
60 100 100
70 100 100
80 100 100
90 100 100
100 100 100
20 110 100
30 110 100
40 110 100
50 110 100
60 110 100
70 110 100
80 110 100
90 110 100
100 110 100
20 120 100
30 120 100
40 120 100
50 120 100
60 120 100
70 120 100
80 120 100
90 120 100
100 120 100
20 130 100
30 130 100
40 130 100
50 130 100
60 130 100
70 130 100
80 130 100
90 130 100
100 130 100
20 140 100
30 140 100
40 140 100
50 140 100
60 140 100
70 140 100
80 140 100
90 140 100
100 140 100
20 150 100
30 150 100
40 150 100
50 150 100
60 150 100
70 150 100
80 150 100
90 150 100
100 150 100
20 160 100
30 160 100
40 160 100
50 160 100
60 160 100
70 160 100
80 160 100
90 160 100
100 160 100
20 170 100
30 170 100
40 170 100
50 170 100
60 170 100
70 170 100
80 170 100
90 170 100
100 170 100
20 180 100
30 180 100
40 180 100
50 180 100
60 180 100
70 180 100
80 180 100
90 180 100
100 180 100
140 50 100
150 50 100
160 50 100
170 50 100
180 50 100
190 50 100
140 60 100
150 60 100
160 60 100
170 60 100
180 60 100
190 60 100
140 70 100
150 70 100
160 70 100
170 70 100
180 70 100
190 70 100
140 80 100
150 80 100
160 80 100
170 80 100
180 80 100
190 80 100
140 90 100
150 90 100
160 90 100
170 90 100
180 90 100
190 90 100
140 100 100
150 100 100
160 100 100
170 100 100
180 100 100
190 100 100
140 110 100
150 110 100
160 110 100
170 110 100
180 110 100
190 110 100
140 120 100
150 120 100
160 120 100
170 120 100
180 120 100
190 120 100
140 130 100
150 130 100
160 130 100
170 130 100
180 130 100
190 130 100
40 0 100
50 0 100
60 0 100
70 0 100
80 0 100
90 0 100
100 0 100
110 0 100
120 0 100
40 10 100
50 10 100
60 10 100
70 10 100
80 10 100
90 10 100
100 10 100
110 10 100
120 10 100
40 20 100
50 20 100
60 20 100
70 20 100
80 20 100
90 20 100
100 20 100
110 20 100
120 20 100
40 30 100
50 30 100
60 30 100
70 30 100
80 30 100
90 30 100
100 30 100
110 30 100
120 30 100
40 40 100
50 40 100
60 40 100
70 40 100
80 40 100
90 40 100
100 40 100
110 40 100
120 40 100
40 50 100
50 50 100
60 50 100
70 50 100
80 50 100
90 50 100
100 50 100
110 50 100
120 50 100
90 30 100
110 30 100
120 30 100
130 30 100
140 30 100
150 30 100
160 30 100
170 30 100
90 40 100
110 40 100
120 40 100
130 40 100
140 40 100
150 40 100
160 40 100
170 40 100
110 50 100
120 50 100
130 50 100
140 50 100
150 50 100
160 50 100
90 60 100
100 60 100
110 60 100
120 60 100
130 60 100
140 60 100
160 60 100
90 70 100
100 70 100
110 70 100
120 70 100
130 70 100
160 70 100
170 70 100
90 80 100
100 80 100
110 80 100
120 80 100
130 80 100
160 80 100
170 80 100
90 90 100
100 90 100
110 90 100
120 90 100
130 90 100
140 90 100
150 90 100
110 100 100
120 100 100
130 100 100
140 100 100
150 100 100
90 110 100
110 110 100
120 110 100
130 110 100
140 110 100
150 110 100
160 110 100
170 110 100
20 20 100
30 20 100
50 20 100
60 20 100
70 20 100
80 20 100
20 30 100
30 30 100
60 30 100
70 30 100
80 30 100
90 30 100
20 40 100
30 40 100
70 40 100
80 40 100
90 40 100
20 50 100
30 50 100
20 60 100
30 60 100
40 60 100
50 60 100
60 60 100
70 60 100
80 60 100
20 70 100
30 70 100
40 70 100
50 70 100
60 70 100
70 70 100
80 70 100
90 70 100
20 80 100
30 80 100
40 80 100
50 80 100
60 80 100
70 80 100
80 80 100
90 80 100
20 90 100
30 90 100
40 90 100
50 90 100
60 90 100
70 90 100
80 90 100
20 100 100
30 100 100
40 100 100
50 100 100
60 100 100
70 100 100
80 100 100
120 60 100
130 60 100
60 70 100
70 70 100
80 70 100
90 70 100
110 70 100
120 70 100
60 80 100
70 80 100
80 80 100
90 80 100
60 90 100
70 90 100
80 90 100
140 90 100
60 100 100
70 100 100
80 100 100
130 100 100
140 100 100
60 110 100
70 110 100
80 110 100
90 110 100
70 120 100
80 120 100
90 120 100
110 120 100
120 120 100
130 120 100
80 130 100
110 130 100
120 130 100
130 130 100
110 140 100
120 140 100
130 140 100
140 140 100
140 90 100
150 90 100
130 100 100
140 100 100
150 100 100
150 110 100
170 110 100
160 120 100
170 120 100
160 130 100
170 130 100
150 140 100
160 140 100
170 140 100
90 150 100
100 150 100
110 150 100
120 150 100
130 150 100
140 150 100
150 150 100
160 150 100
170 150 100
90 160 100
100 160 100
110 160 100
120 160 100
130 160 100
140 160 100
150 160 100
160 160 100
170 160 100
90 170 100
100 170 100
110 170 100
120 170 100
130 170 100
140 170 100
150 170 100
160 170 100
170 170 100
0 0 100
10 0 100
20 0 100
30 0 100
50 0 100
60 0 100
70 0 100
80 0 100
0 10 100
10 10 100
20 10 100
30 10 100
50 10 100
60 10 100
70 10 100
80 10 100
0 20 100
10 20 100
50 20 100
60 20 100
70 20 100
80 20 100
0 30 100
10 30 100
70 30 100
80 30 100
0 40 100
10 40 100
20 40 100
70 40 100
80 40 100
188 90 100
187 90 100
186 90 100
185 90 100
184 90 100
183 90 100
182 90 100
181 90 100
179 90 100
178 90 100
177 90 100
176 90 100
175 90 100
174 90 100
173 90 100
172 90 100
171 90 100
170 91 100
170 92 100
170 93 100
170 94 100
170 95 100
170 96 100
170 97 100
170 98 100
170 99 100
169 100 100
168 100 100
167 100 100
166 100 100
165 100 100
164 100 100
163 100 100
162 100 100
161 100 100
160 101 100
160 102 100
160 103 100
160 104 100
160 105 100
160 106 100
160 107 100
160 108 100
160 109 100
160 109 100
159 110 100
159 110 100
158 110 100
158 110 100
157 110 100
157 110 100
157 110 100
156 110 100
156 110 100
156 110 100
155 110 100
155 110 100
155 110 100
154 110 100
154 110 100
154 110 100
153 110 100
153 110 100
153 110 100
152 110 100
152 110 100
152 110 100
151 110 100
151 110 100
151 110 100
150 111 100
150 111 100
150 111 100
150 112 100
150 112 100
150 113 100
150 113 100
150 114 100
150 115 100
150 116 100
150 117 100
150 118 100
150 119 100
150 121 100
150 122 100
150 123 100
150 124 100
150 125 100
150 126 100
150 127 100
150 128 100
150 129 100
149 130 100
148 130 100
147 130 100
146 130 100
145 130 100
144 130 100
143 130 100
142 130 100
141 130 100
139 130 100
138 130 100
137 130 100
136 130 100
135 130 100
134 130 100
133 130 100
132 130 100
131 130 100
131 131 100
132 131 100
132 132 100
133 132 100
133 133 100
133 134 100
133 135 100
133 136 100
132 136 100
132 137 100
131 137 100
131 138 100
130 138 100
130 139 100
129 140 100
128 140 100
127 140 100
126 140 100
125 140 100
124 140 100
123 140 100
122 140 100
121 140 100
119 140 100
118 140 100
117 140 100
116 140 100
115 140 100
114 140 100
113 140 100
112 140 100
111 140 100
109 140 100
108 140 100
107 140 100
106 140 100
105 140 100
104 140 100
103 140 100
102 140 100
101 140 100
99 140 100
98 140 100
97 140 100
96 140 100
95 140 100
94 140 100
93 140 100
92 140 100
91 140 100
89 140 100
89 140 100
88 140 100
88 140 100
87 140 100
87 140 100
86 140 100
86 140 100
85 140 100
85 140 100
84 140 100
84 140 100
83 140 100
83 140 100
82 140 100
81 140 100
79 140 100
78 140 100
77 140 100
76 140 100
75 140 100
74 140 100
73 140 100
72 140 100
71 140 100
69 140 100
69 141 100
68 141 100
68 142 100
67 142 100
67 143 100
66 143 100
66 144 100
65 144 100
64 144 100
87 11 100
88 11 100
88 10 100
89 10 100
91 10 100
92 10 100
93 10 100
94 10 100
95 10 100
96 10 100
97 10 100
98 10 100
99 10 100
100 11 100
100 12 100
100 13 100
100 14 100
100 15 100
100 16 100
100 17 100
100 18 100
100 19 100
100 21 100
100 22 100
100 23 100
100 24 100
100 25 100
100 26 100
100 27 100
100 28 100
100 29 100
100 31 100
100 32 100
100 32 100
100 33 100
100 33 100
100 34 100
100 34 100
100 35 100
100 35 100
100 36 100
100 36 100
100 37 100
100 37 100
100 38 100
100 39 100
100 41 100
100 42 100
100 43 100
100 44 100
100 45 100
100 46 100
100 47 100
100 48 100
100 49 100
100 51 100
100 52 100
100 53 100
100 54 100
100 55 100
100 56 100
100 57 100
100 58 100
100 59 100
100 61 100
100 62 100
100 63 100
100 64 100
100 65 100
100 66 100
100 67 100
100 68 100
100 69 100
100 71 100
100 72 100
100 73 100
100 74 100
100 75 100
100 76 100
100 77 100
100 78 100
100 79 100
100 81 100
100 82 100
100 83 100
100 84 100
100 85 100
100 86 100
100 87 100
100 88 100
100 89 100
100 91 100
100 92 100
100 93 100
100 94 100
100 95 100
100 96 100
100 97 100
100 98 100
100 99 100
100 101 100
100 102 100
100 103 100
100 104 100
100 105 100
100 106 100
100 107 100
100 108 100
100 109 100
100 111 100
100 112 100
100 113 100
100 114 100
100 115 100
100 116 100
100 117 100
100 118 100
100 119 100
100 121 100
100 122 100
100 123 100
100 124 100
100 125 100
100 126 100
100 127 100
100 128 100
100 129 100
100 131 100
100 132 100
100 133 100
100 134 100
100 135 100
100 136 100
100 137 100
100 138 100
100 139 100
135 72 100
134 72 100
134 71 100
133 71 100
133 70 100
132 70 100
131 70 100
129 70 100
129 70 100
128 70 100
128 70 100
127 70 100
127 70 100
126 70 100
126 70 100
125 70 100
125 70 100
124 70 100
124 70 100
123 70 100
123 70 100
122 70 100
122 70 100
121 70 100
121 70 100
119 70 100
119 70 100
118 70 100
118 70 100
118 70 100
117 70 100
117 70 100
117 70 100
116 70 100
116 70 100
116 70 100
115 70 100
115 70 100
115 70 100
114 70 100
114 70 100
114 70 100
113 70 100
113 70 100
113 70 100
112 70 100
112 70 100
111 70 100
111 70 100
109 70 100
108 70 100
107 70 100
106 70 100
105 70 100
104 70 100
103 70 100
102 70 100
101 70 100
62 66 100
61 66 100
61 65 100
60 65 100
60 64 100
60 63 100
60 62 100
60 61 100
61 60 100
62 60 100
63 60 100
64 60 100
65 60 100
66 60 100
67 60 100
68 60 100
69 60 100
71 60 100
72 60 100
73 60 100
74 60 100
75 60 100
76 60 100
77 60 100
78 60 100
79 60 100
81 60 100
82 60 100
83 60 100
84 60 100
85 60 100
86 60 100
87 60 100
88 60 100
89 60 100
91 60 100
92 60 100
93 60 100
94 60 100
95 60 100
96 60 100
97 60 100
98 60 100
99 60 100
105 102 100
104 102 100
104 101 100
103 101 100
103 100 100
102 100 100
101 100 100
41 4 100
40 4 100
40 5 100
40 6 100
40 7 100
40 8 100
40 9 100
40 11 100
40 12 100
40 13 100
40 14 100
40 15 100
40 16 100
40 17 100
40 18 100
40 19 100
40 21 100
40 22 100
40 23 100
40 24 100
40 25 100
40 26 100
40 27 100
40 28 100
40 29 100
41 30 100
42 30 100
43 30 100
44 30 100
45 30 100
46 30 100
47 30 100
48 30 100
49 30 100
51 30 100
52 30 100
53 30 100
54 30 100
55 30 100
56 30 100
57 30 100
58 30 100
59 30 100
60 31 100
60 32 100
60 33 100
60 34 100
60 35 100
60 36 100
60 37 100
60 38 100
60 39 100
60 41 100
60 42 100
60 43 100
60 44 100
60 45 100
60 46 100
60 47 100
60 48 100
60 49 100
60 51 100
60 52 100
60 53 100
60 54 100
60 55 100
60 56 100
60 57 100
60 58 100
60 59 100
