# score 79891
10 30 100
20 30 100
30 30 100
40 30 100
50 30 100
60 30 100
70 30 100
80 30 100
90 30 100
10 40 100
20 40 100
30 40 100
40 40 100
50 40 100
60 40 100
70 40 100
80 40 100
90 40 100
10 50 100
20 50 100
30 50 100
40 50 100
50 50 100
60 50 100
70 50 100
80 50 100
90 50 100
10 60 100
20 60 100
30 60 100
40 60 100
50 60 100
60 60 100
70 60 100
80 60 100
90 60 100
10 70 100
20 70 100
30 70 100
40 70 100
50 70 100
60 70 100
70 70 100
80 70 100
90 70 100
10 80 100
20 80 100
30 80 100
40 80 100
50 80 100
60 80 100
70 80 100
80 80 100
90 80 100
10 90 100
20 90 100
30 90 100
40 90 100
50 90 100
60 90 100
70 90 100
80 90 100
90 90 100
10 100 100
20 100 100
30 100 100
40 100 100
50 100 100
60 100 100
70 100 100
80 100 100
90 100 100
10 110 100
20 110 100
30 110 100
40 110 100
50 110 100
60 110 100
70 110 100
80 110 100
90 110 100
100 70 100
110 70 100
120 70 100
130 70 100
140 70 100
150 70 100
160 70 100
170 70 100
180 70 100
100 80 100
110 80 100
120 80 100
130 80 100
140 80 100
150 80 100
160 80 100
170 80 100
180 80 100
100 90 100
110 90 100
120 90 100
130 90 100
140 90 100
150 90 100
160 90 100
170 90 100
180 90 100
100 100 100
110 100 100
120 100 100
130 100 100
140 100 100
150 100 100
160 100 100
170 100 100
180 100 100
100 110 100
110 110 100
120 110 100
130 110 100
140 110 100
150 110 100
160 110 100
170 110 100
180 110 100
100 120 100
110 120 100
120 120 100
130 120 100
140 120 100
150 120 100
160 120 100
170 120 100
180 120 100
100 130 100
110 130 100
120 130 100
130 130 100
140 130 100
150 130 100
160 130 100
170 130 100
180 130 100
100 140 100
110 140 100
120 140 100
130 140 100
140 140 100
150 140 100
160 140 100
170 140 100
180 140 100
100 150 100
110 150 100
120 150 100
130 150 100
140 150 100
150 150 100
160 150 100
170 150 100
180 150 100
60 10 100
70 10 100
80 10 100
90 10 100
100 10 100
110 10 100
120 10 100
130 10 100
140 10 100
60 20 100
70 20 100
80 20 100
90 20 100
100 20 100
110 20 100
120 20 100
130 20 100
140 20 100
60 30 100
70 30 100
80 30 100
90 30 100
100 30 100
110 30 100
120 30 100
130 30 100
140 30 100
60 40 100
90 40 100
100 40 100
110 40 100
120 40 100
130 40 100
140 40 100
60 50 100
90 50 100
100 50 100
110 50 100
120 50 100
130 50 100
140 50 100
60 60 100
70 60 100
80 60 100
90 60 100
100 60 100
110 60 100
120 60 100
130 60 100
140 60 100
90 70 100
100 70 100
110 70 100
120 70 100
80 80 100
90 80 100
100 80 100
110 80 100
120 80 100
70 90 100
80 90 100
90 90 100
100 90 100
110 90 100
150 140 100
160 140 100
170 140 100
190 140 100
150 150 100
160 150 100
190 150 100
130 160 100
140 160 100
150 160 100
160 160 100
170 160 100
180 160 100
190 160 100
130 170 100
140 170 100
150 170 100
160 170 100
170 170 100
180 170 100
190 170 100
130 180 100
140 180 100
150 180 100
160 180 100
170 180 100
180 180 100
190 180 100
130 190 100
140 190 100
150 190 100
160 190 100
170 190 100
180 190 100
190 190 100
0 0 100
10 0 100
20 0 100
30 0 100
40 0 100
50 0 100
60 0 100
0 10 100
10 10 100
20 10 100
30 10 100
40 10 100
50 10 100
60 10 100
0 20 100
10 20 100
20 20 100
30 20 100
40 20 100
50 20 100
60 20 100
0 30 100
10 30 100
20 30 100
50 30 100
60 30 100
0 40 100
0 50 100
10 50 100
20 50 100
60 50 100
0 60 100
10 60 100
20 60 100
50 60 100
60 60 100
0 70 100
10 70 100
150 50 100
160 50 100
170 50 100
180 50 100
190 50 100
140 60 100
150 60 100
160 60 100
170 60 100
180 60 100
190 60 100
150 70 100
160 70 100
190 70 100
150 80 100
160 80 100
190 80 100
150 90 100
160 90 100
170 90 100
190 90 100
140 100 100
150 100 100
160 100 100
190 100 100
140 110 100
190 110 100
160 120 100
190 120 100
140 130 100
150 130 100
160 130 100
170 130 100
180 130 100
190 130 100
90 150 100
150 150 100
160 150 100
90 160 100
100 160 100
110 160 100
120 160 100
140 160 100
150 160 100
160 160 100
170 160 100
90 170 100
100 170 100
110 170 100
120 170 100
130 170 100
140 170 100
150 170 100
160 170 100
170 170 100
90 180 100
100 180 100
110 180 100
120 180 100
130 180 100
140 180 100
150 180 100
160 180 100
170 180 100
90 190 100
100 190 100
110 190 100
120 190 100
160 190 100
60 110 100
70 110 100
80 110 100
60 120 100
70 120 100
80 120 100
90 120 100
100 120 100
60 130 100
70 130 100
80 130 100
90 130 100
100 130 100
110 130 100
120 130 100
130 130 100
60 140 100
70 140 100
80 140 100
90 140 100
100 140 100
110 140 100
60 150 100
70 150 100
80 150 100
60 160 100
70 160 100
80 160 100
90 160 100
100 160 100
110 160 100
140 160 100
60 170 100
70 170 100
80 170 100
90 170 100
100 170 100
110 170 100
120 170 100
130 170 100
140 170 100
60 180 100
70 180 100
80 180 100
100 180 100
110 180 100
120 180 100
130 180 100
140 180 100
60 190 100
70 190 100
80 190 100
174 186 100
175 186 100
175 185 100
176 185 100
176 184 100
177 184 100
177 183 100
178 183 100
178 182 100
179 182 100
179 181 100
180 181 100
180 179 100
180 178 100
180 177 100
180 176 100
180 175 100
180 174 100
180 173 100
180 172 100
180 171 100
180 169 100
180 168 100
180 167 100
180 166 100
180 165 100
180 164 100
180 164 100
180 163 100
180 163 100
180 162 100
180 162 100
180 161 100
180 161 100
180 160 100
180 159 100
180 159 100
180 158 100
180 158 100
180 157 100
180 157 100
180 156 100
180 155 100
180 154 100
180 153 100
180 152 100
180 151 100
180 149 100
180 148 100
180 147 100
180 146 100
180 145 100
180 144 100
180 143 100
180 142 100
180 141 100
180 139 100
180 138 100
180 138 100
180 137 100
180 137 100
180 136 100
180 136 100
180 135 100
180 135 100
180 135 100
180 134 100
180 134 100
180 134 100
180 133 100
180 133 100
180 133 100
180 132 100
180 132 100
180 131 100
180 131 100
180 129 100
180 129 100
180 128 100
180 128 100
180 127 100
180 127 100
180 126 100
180 125 100
180 124 100
180 123 100
180 122 100
180 121 100
179 120 100
178 120 100
177 120 100
176 120 100
175 120 100
174 120 100
173 120 100
172 120 100
171 120 100
169 120 100
168 120 100
167 120 100
166 120 100
165 120 100
164 120 100
163 120 100
162 120 100
162 120 100
161 120 100
161 120 100
159 120 100
159 120 100
158 120 100
158 120 100
158 120 100
157 120 100
157 120 100
156 120 100
156 120 100
155 120 100
155 120 100
154 120 100
154 120 100
153 120 100
152 120 100
151 120 100
149 120 100
149 119 100
148 119 100
148 118 100
148 117 100
148 116 100
148 115 100
22 35 100
21 35 100
21 36 100
20 36 100
20 37 100
20 38 100
20 39 100
21 40 100
22 40 100
23 40 100
24 40 100
25 40 100
26 40 100
27 40 100
28 40 100
29 40 100
30 41 100
30 42 100
30 43 100
30 44 100
30 45 100
30 46 100
30 47 100
30 48 100
30 49 100
30 51 100
30 52 100
30 53 100
30 54 100
30 55 100
30 56 100
30 57 100
30 58 100
30 59 100
30 61 100
30 62 100
30 63 100
30 64 100
30 65 100
30 66 100
30 67 100
30 68 100
30 69 100
31 70 100
32 70 100
33 70 100
34 70 100
35 70 100
36 70 100
37 70 100
38 70 100
39 70 100
41 70 100
42 70 100
43 70 100
44 70 100
45 70 100
46 70 100
47 70 100
48 70 100
49 70 100
51 70 100
51 71 100
52 71 100
52 72 100
53 72 100
53 73 100
181 94 100
180 94 100
180 95 100
180 96 100
180 97 100
180 98 100
180 99 100
180 101 100
180 102 100
180 103 100
180 104 100
180 105 100
180 106 100
180 107 100
180 108 100
180 109 100
180 111 100
180 112 100
180 113 100
180 114 100
180 115 100
180 116 100
180 117 100
180 118 100
180 119 100
130 194 100
130 193 100
130 192 100
130 191 100
131 190 100
132 190 100
133 190 100
134 190 100
135 190 100
136 190 100
137 190 100
138 190 100
139 190 100
141 190 100
142 190 100
143 190 100
144 190 100
145 190 100
146 190 100
147 190 100
148 190 100
149 190 100
151 190 100
152 190 100
153 190 100
154 190 100
155 190 100
156 190 100
157 190 100
158 190 100
159 190 100
161 190 100
161 190 100
162 190 100
162 190 100
163 190 100
163 190 100
164 190 100
164 190 100
165 190 100
165 190 100
166 190 100
166 190 100
167 190 100
167 190 100
168 190 100
168 190 100
169 190 100
171 190 100
171 189 100
172 189 100
172 188 100
173 188 100
173 187 100
174 187 100
109 152 100
110 152 100
110 151 100
110 149 100
110 148 100
110 147 100
110 146 100
110 145 100
110 144 100
110 143 100
110 142 100
110 141 100
110 141 100
111 140 100
111 140 100
112 140 100
113 140 100
114 140 100
115 140 100
116 140 100
117 140 100
118 140 100
119 140 100
121 140 100
122 140 100
123 140 100
124 140 100
125 140 100
126 140 100
127 140 100
128 140 100
129 140 100
131 140 100
132 140 100
133 140 100
134 140 100
135 140 100
136 140 100
137 140 100
138 140 100
139 140 100
140 139 100
140 139 100
140 138 100
140 138 100
140 137 100
140 137 100
140 136 100
140 136 100
140 136 100
140 135 100
140 135 100
140 135 100
140 134 100
140 134 100
140 134 100
140 133 100
140 133 100
140 133 100
140 132 100
140 132 100
140 132 100
140 131 100
140 131 100
140 131 100
141 130 100
141 130 100
142 130 100
142 130 100
143 130 100
144 130 100
145 130 100
146 130 100
146 130 100
147 130 100
147 130 100
148 130 100
148 130 100
149 130 100
149 130 100
150 129 100
150 129 100
150 128 100
150 128 100
150 127 100
150 127 100
150 126 100
150 126 100
150 125 100
150 124 100
150 123 100
150 122 100
150 121 100
