# score 137460
0 150 100
10 150 100
20 150 100
30 150 100
40 150 100
50 150 100
0 160 100
10 160 100
20 160 100
30 160 100
40 160 100
50 160 100
0 170 100
10 170 100
20 170 100
30 170 100
40 170 100
50 170 100
0 180 100
10 180 100
20 180 100
30 180 100
40 180 100
50 180 100
0 190 100
10 190 100
20 190 100
30 190 100
40 190 100
50 190 100
80 0 100
90 0 100
100 0 100
110 0 100
120 0 100
130 0 100
140 0 100
150 0 100
160 0 100
80 10 100
90 10 100
100 10 100
110 10 100
120 10 100
130 10 100
140 10 100
150 10 100
160 10 100
80 20 100
90 20 100
100 20 100
110 20 100
120 20 100
130 20 100
140 20 100
150 20 100
160 20 100
80 30 100
90 30 100
100 30 100
110 30 100
120 30 100
130 30 100
140 30 100
150 30 100
160 30 100
80 40 100
90 40 100
100 40 100
110 40 100
120 40 100
130 40 100
140 40 100
150 40 100
160 40 100
100 130 100
110 130 100
120 130 100
130 130 100
140 130 100
150 130 100
160 130 100
170 130 100
180 130 100
100 140 100
110 140 100
120 140 100
130 140 100
140 140 100
150 140 100
160 140 100
170 140 100
180 140 100
100 150 100
110 150 100
120 150 100
130 150 100
140 150 100
150 150 100
160 150 100
170 150 100
180 150 100
100 160 100
110 160 100
120 160 100
130 160 100
140 160 100
150 160 100
160 160 100
170 160 100
180 160 100
100 170 100
110 170 100
120 170 100
130 170 100
140 170 100
150 170 100
160 170 100
170 170 100
180 170 100
100 180 100
110 180 100
120 180 100
130 180 100
140 180 100
150 180 100
160 180 100
170 180 100
180 180 100
100 190 100
110 190 100
120 190 100
130 190 100
140 190 100
150 190 100
160 190 100
170 190 100
180 190 100
80 100 100
90 100 100
100 100 100
110 100 100
120 100 100
130 100 100
140 100 100
150 100 100
160 100 100
80 110 100
90 110 100
100 110 100
110 110 100
120 110 100
130 110 100
140 110 100
150 110 100
160 110 100
80 120 100
90 120 100
100 120 100
110 120 100
120 120 100
130 120 100
140 120 100
150 120 100
160 120 100
80 130 100
90 130 100
100 130 100
110 130 100
120 130 100
130 130 100
140 130 100
150 130 100
160 130 100
80 140 100
90 140 100
100 140 100
110 140 100
140 140 100
150 140 100
160 140 100
80 150 100
90 150 100
100 150 100
150 150 100
160 150 100
80 160 100
90 160 100
100 160 100
110 160 100
120 160 100
160 160 100
80 170 100
90 170 100
100 170 100
110 170 100
120 170 100
80 180 100
90 180 100
100 180 100
0 20 100
10 20 100
20 20 100
30 20 100
40 20 100
50 20 100
60 20 100
0 30 100
10 30 100
20 30 100
30 30 100
40 30 100
50 30 100
60 30 100
0 40 100
10 40 100
20 40 100
30 40 100
40 40 100
50 40 100
60 40 100
0 50 100
10 50 100
20 50 100
30 50 100
40 50 100
50 50 100
60 50 100
0 60 100
10 60 100
20 60 100
30 60 100
40 60 100
50 60 100
60 60 100
0 70 100
10 70 100
20 70 100
30 70 100
40 70 100
50 70 100
60 70 100
0 80 100
10 80 100
20 80 100
30 80 100
40 80 100
50 80 100
60 80 100
0 90 100
10 90 100
20 90 100
30 90 100
40 90 100
50 90 100
60 90 100
0 100 100
10 100 100
20 100 100
30 100 100
40 100 100
50 100 100
60 100 100
0 0 100
10 0 100
20 0 100
30 0 100
40 0 100
50 0 100
0 10 100
10 10 100
20 10 100
30 10 100
40 10 100
50 10 100
30 30 100
40 30 100
50 30 100
10 40 100
20 40 100
30 40 100
40 40 100
50 40 100
10 50 100
20 50 100
30 50 100
40 50 100
0 60 100
10 60 100
20 60 100
30 60 100
40 60 100
0 70 100
10 70 100
40 70 100
60 150 100
70 150 100
80 150 100
90 150 100
100 150 100
20 160 100
30 160 100
60 160 100
70 160 100
80 160 100
90 160 100
100 160 100
20 170 100
30 170 100
60 170 100
70 170 100
80 170 100
90 170 100
100 170 100
20 180 100
60 180 100
70 180 100
80 180 100
90 180 100
100 180 100
60 190 100
70 190 100
80 190 100
90 190 100
110 40 100
120 40 100
170 40 100
180 40 100
190 40 100
110 50 100
120 50 100
130 50 100
140 50 100
150 50 100
160 50 100
170 50 100
180 50 100
190 50 100
110 60 100
120 60 100
130 60 100
140 60 100
150 60 100
160 60 100
170 60 100
180 60 100
190 60 100
110 70 100
120 70 100
130 70 100
140 70 100
150 70 100
160 70 100
170 70 100
180 70 100
190 70 100
110 80 100
120 80 100
130 80 100
140 80 100
150 80 100
160 80 100
170 80 100
180 80 100
190 80 100
110 90 100
120 90 100
130 90 100
140 90 100
150 90 100
160 90 100
170 90 100
180 90 100
190 90 100
170 100 100
180 100 100
190 100 100
120 110 100
130 110 100
140 110 100
150 110 100
170 110 100
180 110 100
190 110 100
110 120 100
120 120 100
130 120 100
140 120 100
150 120 100
160 120 100
170 120 100
180 120 100
190 120 100
0 130 100
10 130 100
20 130 100
30 130 100
40 130 100
50 130 100
60 130 100
0 140 100
10 140 100
20 140 100
30 140 100
40 140 100
50 140 100
60 140 100
0 150 100
10 150 100
0 160 100
10 160 100
20 160 100
30 160 100
0 170 100
10 170 100
20 170 100
30 170 100
60 170 100
10 180 100
20 180 100
60 180 100
60 190 100
30 110 100
40 110 100
50 110 100
60 110 100
70 110 100
80 110 100
90 110 100
30 120 100
40 120 100
50 120 100
60 120 100
70 120 100
80 120 100
110 120 100
70 130 100
110 130 100
70 140 100
90 140 100
100 140 100
90 150 100
100 150 100
70 160 100
80 160 100
90 160 100
100 160 100
110 160 100
60 170 100
70 170 100
80 170 100
90 170 100
100 170 100
110 170 100
60 180 100
70 180 100
80 180 100
90 180 100
100 180 100
70 190 100
80 190 100
90 190 100
60 0 100
70 0 100
80 0 100
90 0 100
60 10 100
70 10 100
80 10 100
90 10 100
60 20 100
70 20 100
80 20 100
90 20 100
30 30 100
40 30 100
70 30 100
80 30 100
90 30 100
20 40 100
30 40 100
40 40 100
70 40 100
80 40 100
90 40 100
10 50 100
20 50 100
30 50 100
40 50 100
70 50 100
80 50 100
90 50 100
10 120 100
20 120 100
10 130 100
10 140 100
90 140 100
10 150 100
90 150 100
10 160 100
20 160 100
70 160 100
80 160 100
90 160 100
10 170 100
20 170 100
60 170 100
70 170 100
80 170 100
90 170 100
10 180 100
20 180 100
60 180 100
70 180 100
80 180 100
90 180 100
70 190 100
80 190 100
90 190 100
123 147 100
124 147 100
124 148 100
125 148 100
125 149 100
126 149 100
126 150 100
127 150 100
128 150 100
129 150 100
130 151 100
130 152 100
130 153 100
130 154 100
130 155 100
130 156 100
130 157 100
130 158 100
130 159 100
130 161 100
130 162 100
130 163 100
130 164 100
130 165 100
130 166 100
130 167 100
130 168 100
130 169 100
131 170 100
132 170 100
133 170 100
134 170 100
135 170 100
136 170 100
137 170 100
138 170 100
139 170 100
141 170 100
141 171 100
142 171 100
142 172 100
143 172 100
143 173 100
143 174 100
143 175 100
143 176 100
25 69 100
26 69 100
26 70 100
27 70 100
28 70 100
29 70 100
30 71 100
30 72 100
30 73 100
30 74 100
30 75 100
30 76 100
30 77 100
30 78 100
30 79 100
31 80 100
31 81 100
32 81 100
32 82 100
33 82 100
33 83 100
34 83 100
34 84 100
35 84 100
35 85 100
36 85 100
36 86 100
37 86 100
37 87 100
38 87 100
38 88 100
39 88 100
39 89 100
40 89 100
40 91 100
40 92 100
40 93 100
40 94 100
40 95 100
40 95 100
40 96 100
40 96 100
40 97 100
40 97 100
40 98 100
40 99 100
41 100 100
42 100 100
43 100 100
44 100 100
45 100 100
46 100 100
47 100 100
48 100 100
49 100 100
50 101 100
50 102 100
50 103 100
50 104 100
50 105 100
50 106 100
50 107 100
50 108 100
50 109 100
51 110 100
52 110 100
53 110 100
54 110 100
55 110 100
56 110 100
57 110 100
58 110 100
59 110 100
60 111 100
60 112 100
60 113 100
60 114 100
60 115 100
60 116 100
60 117 100
60 118 100
60 119 100
61 120 100
62 120 100
63 120 100
64 120 100
65 120 100
66 120 100
67 120 100
68 120 100
69 120 100
71 120 100
72 120 100
73 120 100
74 120 100
75 120 100
76 120 100
77 120 100
78 120 100
78 120 100
79 120 100
79 120 100
80 121 100
80 121 100
80 122 100
80 122 100
80 123 100
80 123 100
80 124 100
80 125 100
80 126 100
80 127 100
80 128 100
80 129 100
80 131 100
80 132 100
80 133 100
80 134 100
80 135 100
80 136 100
80 137 100
80 138 100
80 139 100
81 140 100
82 140 100
83 140 100
84 140 100
85 140 100
86 140 100
86 140 100
87 140 100
87 140 100
88 140 100
88 140 100
89 140 100
89 140 100
89 140 100
91 140 100
91 140 100
91 140 100
92 140 100
92 140 100
92 140 100
93 140 100
93 140 100
93 140 100
94 140 100
94 140 100
94 140 100
95 140 100
95 140 100
95 140 100
96 140 100
96 140 100
96 140 100
97 140 100
97 140 100
97 140 100
98 140 100
98 140 100
98 140 100
99 140 100
99 140 100
99 140 100
101 140 100
101 140 100
101 140 100
102 140 100
102 140 100
102 140 100
103 140 100
103 140 100
103 140 100
104 140 100
104 140 100
104 140 100
105 140 100
105 140 100
105 140 100
106 140 100
106 140 100
106 140 100
107 140 100
107 140 100
107 140 100
108 140 100
108 140 100
108 140 100
109 140 100
109 140 100
109 140 100
111 140 100
111 140 100
112 140 100
112 140 100
113 140 100
114 140 100
115 140 100
116 140 100
117 140 100
118 140 100
119 140 100
121 140 100
121 141 100
122 141 100
122 142 100
123 142 100
123 143 100
123 144 100
123 145 100
123 146 100
10 33 100
10 34 100
10 35 100
10 36 100
10 37 100
10 38 100
10 39 100
9 40 100
8 40 100
7 40 100
6 40 100
5 40 100
4 40 100
3 40 100
2 40 100
1 40 100
0 41 100
0 42 100
0 43 100
0 44 100
0 45 100
0 46 100
0 47 100
0 48 100
0 49 100
0 51 100
0 52 100
0 53 100
0 54 100
0 55 100
0 56 100
0 57 100
0 57 100
0 58 100
0 58 100
0 59 100
0 59 100
1 60 100
1 60 100
1 61 100
1 61 100
1 61 100
2 61 100
2 61 100
2 61 100
2 62 100
2 62 100
2 62 100
3 62 100
3 62 100
3 62 100
3 63 100
3 63 100
3 63 100
3 63 100
4 63 100
4 63 100
4 63 100
4 63 100
4 64 100
4 64 100
4 64 100
4 64 100
5 64 100
5 64 100
5 64 100
5 64 100
5 65 100
5 65 100
5 65 100
5 65 100
6 65 100
6 65 100
6 65 100
6 65 100
6 66 100
6 66 100
6 66 100
6 66 100
7 66 100
7 66 100
7 66 100
7 66 100
7 67 100
7 67 100
7 67 100
7 67 100
8 67 100
8 67 100
8 67 100
8 67 100
8 68 100
8 68 100
8 68 100
9 68 100
9 68 100
9 68 100
9 69 100
9 69 100
9 69 100
10 69 100
10 69 100
11 70 100
11 70 100
12 70 100
12 70 100
13 70 100
14 70 100
15 70 100
16 70 100
17 70 100
18 70 100
19 70 100
21 70 100
21 69 100
22 69 100
23 69 100
24 69 100
60 199 100
60 198 100
60 197 100
60 196 100
60 195 100
60 194 100
60 193 100
60 192 100
60 191 100
59 190 100
58 190 100
57 190 100
56 190 100
55 190 100
54 190 100
53 190 100
52 190 100
51 190 100
49 190 100
48 190 100
47 190 100
46 190 100
45 190 100
44 190 100
43 190 100
42 190 100
41 190 100
39 190 100
38 190 100
37 190 100
36 190 100
35 190 100
34 190 100
33 190 100
32 190 100
31 190 100
29 190 100
28 190 100
27 190 100
26 190 100
25 190 100
24 190 100
23 190 100
22 190 100
21 190 100
19 190 100
18 190 100
17 190 100
17 190 100
16 190 100
16 190 100
15 190 100
15 190 100
14 190 100
13 190 100
12 190 100
11 190 100
11 191 100
12 191 100
12 192 100
12 193 100
12 194 100
12 195 100
12 196 100
12 197 100
12 198 100
12 199 100
159 85 100
160 85 100
160 84 100
160 83 100
160 82 100
160 81 100
159 80 100
158 80 100
157 80 100
156 80 100
155 80 100
154 80 100
153 80 100
152 80 100
151 80 100
150 79 100
150 78 100
150 77 100
150 76 100
150 75 100
150 74 100
150 73 100
150 72 100
150 71 100
149 70 100
148 70 100
147 70 100
146 70 100
145 70 100
144 70 100
143 70 100
142 70 100
141 70 100
140 69 100
140 68 100
140 67 100
140 66 100
140 65 100
140 64 100
140 63 100
140 62 100
140 61 100
140 59 100
140 58 100
140 57 100
140 56 100
140 55 100
140 54 100
140 53 100
140 52 100
140 51 100
140 49 100
140 48 100
140 47 100
140 46 100
140 45 100
140 44 100
140 43 100
140 42 100
140 41 100
140 39 100
140 38 100
140 37 100
140 36 100
140 35 100
140 34 100
140 33 100
140 32 100
140 31 100
140 29 100
140 28 100
140 27 100
140 26 100
140 25 100
140 24 100
140 23 100
140 22 100
140 21 100
140 19 100
140 18 100
140 17 100
140 16 100
140 15 100
140 14 100
140 13 100
140 12 100
140 11 100
139 10 100
138 10 100
137 10 100
136 10 100
135 10 100
134 10 100
133 10 100
132 10 100
131 10 100
129 10 100
129 9 100
128 9 100
127 9 100
126 9 100
125 9 100
124 9 100
123 9 100
25 177 100
25 177 100
26 177 100
26 177 100
26 178 100
26 178 100
27 178 100
27 178 100
27 179 100
28 179 100
28 180 100
29 180 100
30 181 100
30 182 100
30 183 100
30 184 100
30 185 100
30 186 100
30 187 100
30 188 100
30 189 100
73 150 100
74 150 100
75 150 100
76 150 100
77 150 100
78 150 100
79 150 100
80 149 100
80 148 100
80 147 100
80 146 100
80 145 100
80 144 100
80 143 100
80 142 100
80 141 100
52 10 100
51 10 100
49 10 100
48 10 100
47 10 100
46 10 100
45 10 100
44 10 100
43 10 100
42 10 100
41 10 100
39 10 100
38 10 100
37 10 100
36 10 100
35 10 100
34 10 100
33 10 100
32 10 100
31 10 100
29 10 100
28 10 100
27 10 100
26 10 100
25 10 100
24 10 100
23 10 100
22 10 100
21 10 100
20 11 100
20 12 100
20 13 100
20 14 100
20 15 100
20 16 100
20 17 100
20 18 100
20 19 100
19 20 100
18 20 100
17 20 100
16 20 100
15 20 100
14 20 100
13 20 100
12 20 100
11 20 100
10 21 100
10 22 100
10 23 100
10 24 100
10 25 100
10 26 100
10 27 100
10 28 100
10 29 100
10 31 100
10 32 100
53 166 100
52 166 100
52 167 100
51 167 100
51 168 100
50 168 100
50 169 100
50 171 100
50 172 100
50 173 100
50 174 100
50 175 100
50 176 100
50 177 100
50 178 100
50 179 100
50 181 100
50 182 100
50 183 100
50 184 100
50 185 100
50 186 100
50 187 100
50 188 100
50 189 100
