# score 209456
100 40 100
110 40 100
120 40 100
130 40 100
140 40 100
150 40 100
160 40 100
170 40 100
180 40 100
100 50 100
110 50 100
120 50 100
130 50 100
140 50 100
150 50 100
160 50 100
170 50 100
180 50 100
100 60 100
110 60 100
120 60 100
130 60 100
140 60 100
150 60 100
160 60 100
170 60 100
180 60 100
100 70 100
110 70 100
120 70 100
130 70 100
140 70 100
150 70 100
160 70 100
170 70 100
180 70 100
100 80 100
110 80 100
120 80 100
130 80 100
140 80 100
150 80 100
160 80 100
170 80 100
180 80 100
100 90 100
110 90 100
120 90 100
130 90 100
140 90 100
150 90 100
160 90 100
170 90 100
180 90 100
100 100 100
110 100 100
120 100 100
130 100 100
140 100 100
150 100 100
160 100 100
170 100 100
180 100 100
100 110 100
110 110 100
120 110 100
130 110 100
140 110 100
150 110 100
160 110 100
170 110 100
180 110 100
100 120 100
110 120 100
120 120 100
130 120 100
140 120 100
150 120 100
160 120 100
170 120 100
180 120 100
20 120 100
30 120 100
40 120 100
50 120 100
60 120 100
70 120 100
80 120 100
90 120 100
100 120 100
20 130 100
30 130 100
40 130 100
50 130 100
60 130 100
70 130 100
80 130 100
90 130 100
100 130 100
20 140 100
30 140 100
40 140 100
50 140 100
60 140 100
70 140 100
80 140 100
90 140 100
100 140 100
20 150 100
30 150 100
40 150 100
50 150 100
60 150 100
70 150 100
80 150 100
90 150 100
100 150 100
20 160 100
30 160 100
40 160 100
50 160 100
60 160 100
70 160 100
80 160 100
90 160 100
100 160 100
20 170 100
30 170 100
40 170 100
50 170 100
60 170 100
70 170 100
80 170 100
90 170 100
100 170 100
20 180 100
30 180 100
40 180 100
50 180 100
60 180 100
70 180 100
80 180 100
90 180 100
100 180 100
20 190 100
30 190 100
40 190 100
50 190 100
60 190 100
70 190 100
80 190 100
90 190 100
100 190 100
40 40 100
50 40 100
60 40 100
70 40 100
80 40 100
90 40 100
120 40 100
40 50 100
50 50 100
60 50 100
70 50 100
80 50 100
90 50 100
40 60 100
50 60 100
60 60 100
70 60 100
80 60 100
90 60 100
110 60 100
120 60 100
40 70 100
50 70 100
60 70 100
70 70 100
80 70 100
90 70 100
100 70 100
110 70 100
120 70 100
40 80 100
50 80 100
60 80 100
70 80 100
80 80 100
90 80 100
100 80 100
110 80 100
120 80 100
40 90 100
50 90 100
60 90 100
70 90 100
80 90 100
90 90 100
120 90 100
40 100 100
50 100 100
60 100 100
70 100 100
80 100 100
90 100 100
120 100 100
40 110 100
50 110 100
60 110 100
70 110 100
80 110 100
90 110 100
100 110 100
110 110 100
120 110 100
70 120 100
80 120 100
90 120 100
100 120 100
120 120 100
140 0 100
150 0 100
160 0 100
170 0 100
180 0 100
190 0 100
140 10 100
150 10 100
160 10 100
170 10 100
180 10 100
190 10 100
140 20 100
150 20 100
160 20 100
170 20 100
180 20 100
190 20 100
140 30 100
150 30 100
160 30 100
170 30 100
180 30 100
190 30 100
170 40 100
190 40 100
140 50 100
170 50 100
190 50 100
100 0 100
110 0 100
120 0 100
130 0 100
140 0 100
150 0 100
160 0 100
170 0 100
180 0 100
100 10 100
110 10 100
120 10 100
130 10 100
140 10 100
150 10 100
160 10 100
170 10 100
180 10 100
100 20 100
110 20 100
120 20 100
130 20 100
140 20 100
150 20 100
160 20 100
170 20 100
100 30 100
110 30 100
120 30 100
130 30 100
140 30 100
160 30 100
170 30 100
180 30 100
120 40 100
130 40 100
170 40 100
130 50 100
140 50 100
170 50 100
120 60 100
130 60 100
140 60 100
150 60 100
160 60 100
170 60 100
180 60 100
110 70 100
120 70 100
130 70 100
140 70 100
150 70 100
160 70 100
170 70 100
180 70 100
0 50 100
10 50 100
20 50 100
30 50 100
0 60 100
10 60 100
20 60 100
30 60 100
40 60 100
0 70 100
10 70 100
20 70 100
30 70 100
40 70 100
0 80 100
10 80 100
20 80 100
30 80 100
0 90 100
10 90 100
20 90 100
30 90 100
0 100 100
10 100 100
20 100 100
30 100 100
40 100 100
0 110 100
10 110 100
20 110 100
30 110 100
40 110 100
0 120 100
10 120 100
0 130 100
10 130 100
0 0 100
10 0 100
20 0 100
30 0 100
40 0 100
50 0 100
0 10 100
10 10 100
20 10 100
30 10 100
40 10 100
50 10 100
0 20 100
10 20 100
20 20 100
30 20 100
40 20 100
50 20 100
0 30 100
10 30 100
20 30 100
30 30 100
40 30 100
50 30 100
0 40 100
10 40 100
20 40 100
30 40 100
50 40 100
10 50 100
20 50 100
50 50 100
0 60 100
10 60 100
20 60 100
30 60 100
40 60 100
50 60 100
0 70 100
10 70 100
20 70 100
30 70 100
40 70 100
50 70 100
140 30 100
160 30 100
170 30 100
180 30 100
170 40 100
170 50 100
140 60 100
150 60 100
160 60 100
170 60 100
190 60 100
140 70 100
150 70 100
160 70 100
170 70 100
190 70 100
140 80 100
150 80 100
160 80 100
170 80 100
190 80 100
150 90 100
160 90 100
170 90 100
180 90 100
190 90 100
140 100 100
150 100 100
160 100 100
170 100 100
180 100 100
190 100 100
140 110 100
150 110 100
160 110 100
170 110 100
180 110 100
190 110 100
130 110 100
140 110 100
150 110 100
160 110 100
170 110 100
180 110 100
190 110 100
130 120 100
150 120 100
160 120 100
180 120 100
190 120 100
130 130 100
140 130 100
150 130 100
160 130 100
170 130 100
180 130 100
190 130 100
130 140 100
140 140 100
150 140 100
160 140 100
170 140 100
180 140 100
190 140 100
130 150 100
140 150 100
150 150 100
160 150 100
170 150 100
180 150 100
190 150 100
130 160 100
140 160 100
150 160 100
160 160 100
170 160 100
180 160 100
190 160 100
130 170 100
140 170 100
150 170 100
160 170 100
170 170 100
180 170 100
190 170 100
130 180 100
140 180 100
150 180 100
160 180 100
170 180 100
180 180 100
190 180 100
130 190 100
140 190 100
150 190 100
160 190 100
170 190 100
180 190 100
190 190 100
0 150 100
10 150 100
20 150 100
30 150 100
40 150 100
0 160 100
10 160 100
20 160 100
30 160 100
0 170 100
10 170 100
20 170 100
30 170 100
40 170 100
0 180 100
10 180 100
20 180 100
30 180 100
40 180 100
0 190 100
10 190 100
20 190 100
30 190 100
40 190 100
184 18 100
185 18 100
185 19 100
186 19 100
186 20 100
187 20 100
188 20 100
189 20 100
190 21 100
190 22 100
190 23 100
190 24 100
190 25 100
190 26 100
190 27 100
190 28 100
190 29 100
190 31 100
190 32 100
190 33 100
190 34 100
190 35 100
190 36 100
190 37 100
190 38 100
190 39 100
189 40 100
188 40 100
187 40 100
186 40 100
185 40 100
184 40 100
183 40 100
182 40 100
181 40 100
179 40 100
179 40 100
178 40 100
178 40 100
177 40 100
177 40 100
176 40 100
176 40 100
176 40 100
175 40 100
175 40 100
175 40 100
175 40 100
174 40 100
174 40 100
174 40 100
174 40 100
174 40 100
173 40 100
173 40 100
173 40 100
173 40 100
173 40 100
173 40 100
173 40 100
172 40 100
172 40 100
172 40 100
172 40 100
172 40 100
172 40 100
172 40 100
172 40 100
171 40 100
171 40 100
171 40 100
171 40 100
171 40 100
171 40 100
171 40 100
171 40 100
171 40 100
170 40 100
170 40 100
170 40 100
170 40 100
170 40 100
169 40 100
169 40 100
169 40 100
169 40 100
169 40 100
169 40 100
169 40 100
169 40 100
168 40 100
168 40 100
168 40 100
168 40 100
168 40 100
168 40 100
168 40 100
167 40 100
167 40 100
167 40 100
167 40 100
167 40 100
167 40 100
166 40 100
166 40 100
166 40 100
166 40 100
166 40 100
165 40 100
165 40 100
165 40 100
165 40 100
164 40 100
164 40 100
164 40 100
163 40 100
163 40 100
162 40 100
162 40 100
161 40 100
159 40 100
158 40 100
157 40 100
156 40 100
155 40 100
154 40 100
153 40 100
152 40 100
151 40 100
149 40 100
148 40 100
147 40 100
146 40 100
145 40 100
144 40 100
143 40 100
142 40 100
141 40 100
140 41 100
140 42 100
140 43 100
140 44 100
140 45 100
140 46 100
140 47 100
140 48 100
140 48 100
140 49 100
140 49 100
139 50 100
139 50 100
139 50 100
138 50 100
138 50 100
138 50 100
138 50 100
138 50 100
137 50 100
137 50 100
137 50 100
137 50 100
137 50 100
137 50 100
136 50 100
136 50 100
136 50 100
136 50 100
136 50 100
136 50 100
136 50 100
136 50 100
136 50 100
135 50 100
135 50 100
135 50 100
135 50 100
135 50 100
135 50 100
135 50 100
135 50 100
135 50 100
135 50 100
135 50 100
134 50 100
134 50 100
134 50 100
134 50 100
134 50 100
134 50 100
134 50 100
134 50 100
134 50 100
134 50 100
134 50 100
134 50 100
134 50 100
134 50 100
133 50 100
133 50 100
133 50 100
133 50 100
133 50 100
133 50 100
133 50 100
133 50 100
133 50 100
133 50 100
133 50 100
133 50 100
133 50 100
133 50 100
133 50 100
133 50 100
132 50 100
132 50 100
132 50 100
132 50 100
132 50 100
132 50 100
132 50 100
132 50 100
132 50 100
132 50 100
132 50 100
132 50 100
132 50 100
132 50 100
132 50 100
132 50 100
132 50 100
132 50 100
131 50 100
131 50 100
131 50 100
131 50 100
131 50 100
131 50 100
131 50 100
131 50 100
131 50 100
131 50 100
131 50 100
131 50 100
131 50 100
131 50 100
131 50 100
131 50 100
131 50 100
131 50 100
131 50 100
131 50 100
130 50 100
130 50 100
130 50 100
130 50 100
130 50 100
130 50 100
130 50 100
130 50 100
130 50 100
130 50 100
130 50 100
130 50 100
130 50 100
130 50 100
130 50 100
130 50 100
130 50 100
130 50 100
129 50 100
129 50 100
129 50 100
129 50 100
129 50 100
129 50 100
129 50 100
129 50 100
129 50 100
129 50 100
129 50 100
129 50 100
129 50 100
129 50 100
129 50 100
129 50 100
129 50 100
129 50 100
128 50 100
128 50 100
128 50 100
128 50 100
128 50 100
128 50 100
128 50 100
128 50 100
128 50 100
128 50 100
128 50 100
128 50 100
128 50 100
128 50 100
128 50 100
128 50 100
127 50 100
127 50 100
127 50 100
127 50 100
127 50 100
127 50 100
127 50 100
127 50 100
127 50 100
127 50 100
127 50 100
127 50 100
127 50 100
126 50 100
126 50 100
126 50 100
126 50 100
126 50 100
126 50 100
126 50 100
126 50 100
126 50 100
126 50 100
125 50 100
125 50 100
125 50 100
125 50 100
125 50 100
125 50 100
125 50 100
124 50 100
124 50 100
124 50 100
124 50 100
124 50 100
123 50 100
123 50 100
123 50 100
122 50 100
122 50 100
121 50 100
121 50 100
119 50 100
118 50 100
117 50 100
116 50 100
115 50 100
114 50 100
113 50 100
112 50 100
111 50 100
109 50 100
108 50 100
107 50 100
106 50 100
105 50 100
104 50 100
103 50 100
102 50 100
101 50 100
100 51 100
100 52 100
100 53 100
100 54 100
100 55 100
100 56 100
100 57 100
100 58 100
100 59 100
100 61 100
100 62 100
100 63 100
100 64 100
100 65 100
100 66 100
100 67 100
100 68 100
100 69 100
100 69 100
100 71 100
100 71 100
100 71 100
100 72 100
100 72 100
100 72 100
100 73 100
100 73 100
100 73 100
100 73 100
100 74 100
100 74 100
100 74 100
100 74 100
100 74 100
100 74 100
100 75 100
100 75 100
100 75 100
100 75 100
100 75 100
100 75 100
100 75 100
100 76 100
100 76 100
100 76 100
100 76 100
100 76 100
100 76 100
100 76 100
100 76 100
100 76 100
100 77 100
100 77 100
100 77 100
100 77 100
100 77 100
100 77 100
100 77 100
100 77 100
100 77 100
100 77 100
100 77 100
100 78 100
100 78 100
100 78 100
100 78 100
100 78 100
100 78 100
100 78 100
100 78 100
100 78 100
100 78 100
100 78 100
100 78 100
100 78 100
100 79 100
100 79 100
100 79 100
100 79 100
100 79 100
100 79 100
100 79 100
100 79 100
100 79 100
100 79 100
100 79 100
100 79 100
100 79 100
100 79 100
100 80 100
100 80 100
100 80 100
100 80 100
100 80 100
100 80 100
100 80 100
100 80 100
100 80 100
100 80 100
100 80 100
100 80 100
100 81 100
100 81 100
100 81 100
100 81 100
100 81 100
100 81 100
100 81 100
100 81 100
100 81 100
100 81 100
100 81 100
100 81 100
100 81 100
100 81 100
100 82 100
100 82 100
100 82 100
100 82 100
100 82 100
100 82 100
100 82 100
100 82 100
100 82 100
100 82 100
100 82 100
100 82 100
100 82 100
100 83 100
100 83 100
100 83 100
100 83 100
100 83 100
100 83 100
100 83 100
100 83 100
100 83 100
100 83 100
100 83 100
100 84 100
100 84 100
100 84 100
100 84 100
100 84 100
100 84 100
100 84 100
100 84 100
100 84 100
100 85 100
100 85 100
100 85 100
100 85 100
100 85 100
100 85 100
100 85 100
100 86 100
100 86 100
100 86 100
100 86 100
100 86 100
100 87 100
100 87 100
100 87 100
100 87 100
100 88 100
100 88 100
100 88 100
100 89 100
100 89 100
99 90 100
99 90 100
98 90 100
98 90 100
97 90 100
97 90 100
96 90 100
96 90 100
95 90 100
95 90 100
94 90 100
94 90 100
93 90 100
93 90 100
92 90 100
92 90 100
91 90 100
91 90 100
89 90 100
89 89 100
89 89 100
88 89 100
88 89 100
88 88 100
88 88 100
87 88 100
87 88 100
86 88 100
86 88 100
85 88 100
84 88 100
147 33 100
148 33 100
148 34 100
149 34 100
149 35 100
150 35 100
150 36 100
150 37 100
150 38 100
150 39 100
5 95 100
6 95 100
6 96 100
7 96 100
7 97 100
8 97 100
8 98 100
9 98 100
9 99 100
10 99 100
11 100 100
11 101 100
12 101 100
12 102 100
13 102 100
13 103 100
14 103 100
14 104 100
15 104 100
15 105 100
16 105 100
16 106 100
16 106 100
17 106 100
17 106 100
17 107 100
17 107 100
18 107 100
18 107 100
18 108 100
18 108 100
19 108 100
19 108 100
19 109 100
19 109 100
20 109 100
20 109 100
20 110 100
20 111 100
20 112 100
20 113 100
20 114 100
20 115 100
20 116 100
20 117 100
20 118 100
20 119 100
21 120 100
22 120 100
23 120 100
24 120 100
25 120 100
26 120 100
27 120 100
28 120 100
29 120 100
31 120 100
32 120 100
33 120 100
34 120 100
35 120 100
35 120 100
36 120 100
36 120 100
37 120 100
37 120 100
38 120 100
38 120 100
39 120 100
39 120 100
41 120 100
42 120 100
43 120 100
44 120 100
45 120 100
46 120 100
47 120 100
48 120 100
49 120 100
51 120 100
52 120 100
53 120 100
54 120 100
55 120 100
56 120 100
57 120 100
58 120 100
59 120 100
61 120 100
61 120 100
62 120 100
62 120 100
63 120 100
63 120 100
64 120 100
64 120 100
64 120 100
65 120 100
65 120 100
65 120 100
66 120 100
66 120 100
66 120 100
66 120 100
67 120 100
67 120 100
67 120 100
67 120 100
68 120 100
68 120 100
68 120 100
68 120 100
69 120 100
69 120 100
69 120 100
69 120 100
69 120 100
70 120 100
70 120 100
71 120 100
71 120 100
71 120 100
71 120 100
72 120 100
72 120 100
72 120 100
73 120 100
73 120 100
73 120 100
74 120 100
74 120 100
74 120 100
75 120 100
75 120 100
76 120 100
76 120 100
77 120 100
77 120 100
78 120 100
78 120 100
79 120 100
79 120 100
80 119 100
80 119 100
80 118 100
80 118 100
80 117 100
80 117 100
80 116 100
80 116 100
80 115 100
80 115 100
80 114 100
80 114 100
80 113 100
80 113 100
80 112 100
80 112 100
80 111 100
80 109 100
80 108 100
80 107 100
80 106 100
80 105 100
80 104 100
80 103 100
80 102 100
80 101 100
80 99 100
80 98 100
80 97 100
80 96 100
80 95 100
80 94 100
80 93 100
80 92 100
80 91 100
81 90 100
81 89 100
82 89 100
82 88 100
83 88 100
17 35 100
18 35 100
18 36 100
19 36 100
19 37 100
20 37 100
20 38 100
20 39 100
21 40 100
22 40 100
23 40 100
24 40 100
25 40 100
26 40 100
27 40 100
28 40 100
29 40 100
31 40 100
32 40 100
33 40 100
34 40 100
35 40 100
36 40 100
37 40 100
38 40 100
39 40 100
41 40 100
42 40 100
43 40 100
44 40 100
45 40 100
46 40 100
47 40 100
48 40 100
48 40 100
49 40 100
49 40 100
51 40 100
51 40 100
52 40 100
53 40 100
54 40 100
55 40 100
56 40 100
57 40 100
58 40 100
59 40 100
61 40 100
62 40 100
63 40 100
64 40 100
65 40 100
66 40 100
67 40 100
68 40 100
69 40 100
71 40 100
72 40 100
73 40 100
74 40 100
75 40 100
76 40 100
77 40 100
78 40 100
79 40 100
81 40 100
82 40 100
83 40 100
84 40 100
84 40 100
85 40 100
85 40 100
86 40 100
86 40 100
86 40 100
87 40 100
87 40 100
87 40 100
88 40 100
88 40 100
88 40 100
88 40 100
89 40 100
89 40 100
89 40 100
89 40 100
89 40 100
90 40 100
90 40 100
90 40 100
90 40 100
90 40 100
91 40 100
91 40 100
91 40 100
91 40 100
91 40 100
91 40 100
92 40 100
92 40 100
92 40 100
92 40 100
92 40 100
92 40 100
93 40 100
93 40 100
93 40 100
93 40 100
93 40 100
94 40 100
94 40 100
94 40 100
94 40 100
94 40 100
95 40 100
95 40 100
95 40 100
95 40 100
96 40 100
96 40 100
96 40 100
97 40 100
97 40 100
98 40 100
98 40 100
99 40 100
99 40 100
100 41 100
100 42 100
100 43 100
100 44 100
100 45 100
100 46 100
100 47 100
100 48 100
100 49 100
189 73 100
190 73 100
190 72 100
190 71 100
190 69 100
190 68 100
190 67 100
190 66 100
190 65 100
190 64 100
190 63 100
190 62 100
190 61 100
190 59 100
190 58 100
190 57 100
190 56 100
190 55 100
190 54 100
190 53 100
190 52 100
190 51 100
190 49 100
190 48 100
190 47 100
190 46 100
190 45 100
190 44 100
190 43 100
190 42 100
190 41 100
174 158 100
175 158 100
175 159 100
176 159 100
176 160 100
177 160 100
178 160 100
179 160 100
180 159 100
180 158 100
180 157 100
180 156 100
180 155 100
180 154 100
180 153 100
180 152 100
180 151 100
181 150 100
182 150 100
183 150 100
184 150 100
185 150 100
186 150 100
187 150 100
188 150 100
189 150 100
190 149 100
190 148 100
190 148 100
190 147 100
190 147 100
190 146 100
190 146 100
190 146 100
190 145 100
190 145 100
190 145 100
190 144 100
190 144 100
190 144 100
190 143 100
190 143 100
190 143 100
190 143 100
190 142 100
190 142 100
190 142 100
190 142 100
190 142 100
190 141 100
190 141 100
190 141 100
190 141 100
190 141 100
190 140 100
190 140 100
190 140 100
190 140 100
190 140 100
190 139 100
190 139 100
190 139 100
190 139 100
190 139 100
190 139 100
190 138 100
190 138 100
190 138 100
190 138 100
190 138 100
190 138 100
190 137 100
190 137 100
190 137 100
190 137 100
190 137 100
190 136 100
190 136 100
190 136 100
190 136 100
190 135 100
190 135 100
190 135 100
190 134 100
190 134 100
190 134 100
190 133 100
190 133 100
190 132 100
190 132 100
190 131 100
190 129 100
190 128 100
190 127 100
190 126 100
190 125 100
190 124 100
190 123 100
190 122 100
190 121 100
189 120 100
188 120 100
187 120 100
187 120 100
186 120 100
186 120 100
185 120 100
185 120 100
185 120 100
184 120 100
184 120 100
184 120 100
183 120 100
183 120 100
183 120 100
182 120 100
182 120 100
182 120 100
181 120 100
181 120 100
181 120 100
179 120 100
179 120 100
178 120 100
178 120 100
177 120 100
177 120 100
176 120 100
175 120 100
174 120 100
173 120 100
172 120 100
171 120 100
169 120 100
168 120 100
167 120 100
166 120 100
165 120 100
164 120 100
164 120 100
163 120 100
163 120 100
162 120 100
162 120 100
161 120 100
161 120 100
159 120 100
159 120 100
158 120 100
158 120 100
158 120 100
157 120 100
157 120 100
157 120 100
156 120 100
156 120 100
156 120 100
155 120 100
155 120 100
155 120 100
155 120 100
154 120 100
154 120 100
154 120 100
154 120 100
153 120 100
153 120 100
153 120 100
153 120 100
152 120 100
152 120 100
152 120 100
152 120 100
151 120 100
151 120 100
151 120 100
151 120 100
150 120 100
149 120 100
149 120 100
148 120 100
148 120 100
147 120 100
146 120 100
145 120 100
144 120 100
143 120 100
142 120 100
141 120 100
140 119 100
140 118 100
140 117 100
140 116 100
140 115 100
140 114 100
140 113 100
140 113 100
140 112 100
140 112 100
140 112 100
140 111 100
140 111 100
140 111 100
140 111 100
140 110 100
140 110 100
140 109 100
140 109 100
140 109 100
140 109 100
140 109 100
140 109 100
140 108 100
140 108 100
140 108 100
140 108 100
140 108 100
140 108 100
140 107 100
140 107 100
140 107 100
140 107 100
140 107 100
140 107 100
140 106 100
140 106 100
140 106 100
140 106 100
140 106 100
140 105 100
140 105 100
140 105 100
140 105 100
140 105 100
140 104 100
140 104 100
140 104 100
140 104 100
140 103 100
140 103 100
140 103 100
140 102 100
140 102 100
140 102 100
140 101 100
140 101 100
140 101 100
140 99 100
140 99 100
140 98 100
140 98 100
140 97 100
140 96 100
140 95 100
140 94 100
140 93 100
140 92 100
140 91 100
140 89 100
140 88 100
140 87 100
140 86 100
140 86 100
140 85 100
140 85 100
140 84 100
140 84 100
140 84 100
6 193 100
6 193 100
6 193 100
6 193 100
7 193 100
7 193 100
7 193 100
7 193 100
7 193 100
7 192 100
7 192 100
7 192 100
7 192 100
7 192 100
7 192 100
8 192 100
8 192 100
8 192 100
8 192 100
8 192 100
8 192 100
8 192 100
8 191 100
8 191 100
8 191 100
8 191 100
8 191 100
8 191 100
8 191 100
9 191 100
9 191 100
9 191 100
9 191 100
9 191 100
9 191 100
9 191 100
9 191 100
9 191 100
9 190 100
9 190 100
9 190 100
9 190 100
9 190 100
9 190 100
9 190 100
9 190 100
9 190 100
10 190 100
10 190 100
10 190 100
10 190 100
10 190 100
10 190 100
10 190 100
10 190 100
10 190 100
10 189 100
10 189 100
10 189 100
10 189 100
10 189 100
10 189 100
10 189 100
10 189 100
10 189 100
10 189 100
10 189 100
10 188 100
10 188 100
10 188 100
10 188 100
10 188 100
10 188 100
10 188 100
10 188 100
10 188 100
10 188 100
10 188 100
10 187 100
10 187 100
10 187 100
10 187 100
10 187 100
10 187 100
10 187 100
10 187 100
10 187 100
10 187 100
10 186 100
10 186 100
10 186 100
10 186 100
10 186 100
10 186 100
10 186 100
10 186 100
10 186 100
10 186 100
10 185 100
10 185 100
10 185 100
10 185 100
10 185 100
10 185 100
10 185 100
10 185 100
10 185 100
10 184 100
10 184 100
10 184 100
10 184 100
10 184 100
10 184 100
10 184 100
10 184 100
10 184 100
10 183 100
10 183 100
10 183 100
10 183 100
10 183 100
10 183 100
10 183 100
10 183 100
10 182 100
10 182 100
10 182 100
10 182 100
10 182 100
10 182 100
10 182 100
10 182 100
10 181 100
10 181 100
10 181 100
10 181 100
10 181 100
10 181 100
10 181 100
10 180 100
10 180 100
10 180 100
10 180 100
10 180 100
10 180 100
10 179 100
10 179 100
10 179 100
10 179 100
10 179 100
10 179 100
10 179 100
10 178 100
10 178 100
10 178 100
10 178 100
10 178 100
10 178 100
10 177 100
10 177 100
10 177 100
10 177 100
10 177 100
10 177 100
10 176 100
10 176 100
10 176 100
10 176 100
10 176 100
10 176 100
10 175 100
10 175 100
10 175 100
10 175 100
10 175 100
10 174 100
10 174 100
10 174 100
10 174 100
10 173 100
10 173 100
10 173 100
10 172 100
10 172 100
10 172 100
10 171 100
10 171 100
11 170 100
11 170 100
12 170 100
12 170 100
13 170 100
13 170 100
13 170 100
14 170 100
14 170 100
14 170 100
15 170 100
15 170 100
15 170 100
15 170 100
16 170 100
16 170 100
16 170 100
16 170 100
17 170 100
17 170 100
17 170 100
17 170 100
17 170 100
18 170 100
18 170 100
18 170 100
18 170 100
18 170 100
19 170 100
19 170 100
19 170 100
19 170 100
19 170 100
20 170 100
20 170 100
20 170 100
20 170 100
21 170 100
21 170 100
21 170 100
21 170 100
21 170 100
21 170 100
22 170 100
22 170 100
22 170 100
22 170 100
22 170 100
23 170 100
23 170 100
23 170 100
23 170 100
23 170 100
24 170 100
24 170 100
24 170 100
24 170 100
25 170 100
25 170 100
25 170 100
25 170 100
26 170 100
26 170 100
26 170 100
26 170 100
27 170 100
27 170 100
27 170 100
28 170 100
28 170 100
28 170 100
29 170 100
29 170 100
29 170 100
31 170 100
31 170 100
32 170 100
32 170 100
33 170 100
33 170 100
34 170 100
34 170 100
35 170 100
35 170 100
36 170 100
36 170 100
37 170 100
37 170 100
38 170 100
38 170 100
39 170 100
39 170 100
40 169 100
40 169 100
40 168 100
40 167 100
40 166 100
40 165 100
40 164 100
40 163 100
40 162 100
40 161 100
41 160 100
42 160 100
43 160 100
44 160 100
45 160 100
46 160 100
47 160 100
48 160 100
49 160 100
51 160 100
52 160 100
53 160 100
54 160 100
55 160 100
56 160 100
57 160 100
58 160 100
59 160 100
61 160 100
61 161 100
62 161 100
62 162 100
63 162 100
63 163 100
64 163 100
65 163 100
66 163 100
67 163 100
