# score 312092
70 130 100
80 130 100
90 130 100
100 130 100
110 130 100
120 130 100
130 130 100
140 130 100
150 130 100
70 140 100
80 140 100
90 140 100
100 140 100
110 140 100
120 140 100
130 140 100
140 140 100
150 140 100
70 150 100
80 150 100
90 150 100
100 150 100
110 150 100
120 150 100
130 150 100
140 150 100
150 150 100
70 160 100
80 160 100
90 160 100
100 160 100
110 160 100
120 160 100
130 160 100
140 160 100
150 160 100
70 170 100
80 170 100
90 170 100
100 170 100
110 170 100
120 170 100
130 170 100
140 170 100
150 170 100
70 180 100
80 180 100
90 180 100
100 180 100
110 180 100
120 180 100
130 180 100
140 180 100
150 180 100
70 190 100
80 190 100
90 190 100
100 190 100
110 190 100
120 190 100
130 190 100
140 190 100
150 190 100
150 50 100
160 50 100
170 50 100
180 50 100
190 50 100
150 60 100
160 60 100
170 60 100
180 60 100
190 60 100
150 70 100
160 70 100
170 70 100
180 70 100
190 70 100
150 80 100
160 80 100
170 80 100
180 80 100
190 80 100
150 90 100
160 90 100
170 90 100
180 90 100
190 90 100
150 100 100
160 100 100
170 100 100
180 100 100
190 100 100
150 110 100
160 110 100
170 110 100
180 110 100
190 110 100
150 120 100
160 120 100
170 120 100
180 120 100
190 120 100
150 130 100
160 130 100
170 130 100
180 130 100
190 130 100
20 0 100
30 0 100
40 0 100
50 0 100
60 0 100
70 0 100
80 0 100
90 0 100
100 0 100
20 10 100
30 10 100
40 10 100
50 10 100
60 10 100
70 10 100
80 10 100
90 10 100
100 10 100
20 20 100
30 20 100
40 20 100
50 20 100
60 20 100
70 20 100
80 20 100
90 20 100
100 20 100
20 30 100
30 30 100
40 30 100
50 30 100
60 30 100
70 30 100
80 30 100
90 30 100
100 30 100
20 40 100
30 40 100
40 40 100
50 40 100
60 40 100
70 40 100
80 40 100
90 40 100
100 40 100
20 50 100
30 50 100
40 50 100
50 50 100
60 50 100
70 50 100
80 50 100
90 50 100
100 50 100
20 60 100
30 60 100
40 60 100
50 60 100
60 60 100
70 60 100
80 60 100
90 60 100
100 60 100
80 0 100
90 0 100
110 0 100
120 0 100
130 0 100
140 0 100
150 0 100
80 10 100
90 10 100
110 10 100
120 10 100
130 10 100
140 10 100
150 10 100
90 20 100
100 20 100
110 20 100
120 20 100
130 20 100
140 20 100
150 20 100
110 30 100
120 30 100
130 30 100
140 30 100
150 30 100
80 40 100
90 40 100
110 40 100
120 40 100
130 40 100
140 40 100
150 40 100
110 150 100
120 150 100
130 150 100
140 150 100
150 150 100
160 150 100
170 150 100
180 150 100
190 150 100
140 160 100
150 160 100
160 160 100
170 160 100
180 160 100
190 160 100
140 170 100
150 170 100
160 170 100
170 170 100
180 170 100
190 170 100
140 180 100
150 180 100
160 180 100
170 180 100
180 180 100
190 180 100
110 190 100
120 190 100
130 190 100
140 190 100
150 190 100
160 190 100
170 190 100
180 190 100
190 190 100
0 40 100
10 40 100
20 40 100
30 40 100
50 40 100
60 40 100
0 50 100
10 50 100
30 50 100
50 50 100
60 50 100
0 60 100
10 60 100
20 60 100
30 60 100
40 60 100
50 60 100
60 60 100
0 70 100
10 70 100
20 70 100
30 70 100
40 70 100
50 70 100
60 70 100
0 80 100
10 80 100
20 80 100
30 80 100
40 80 100
50 80 100
60 80 100
0 90 100
10 90 100
20 90 100
30 90 100
40 90 100
50 90 100
60 90 100
0 100 100
10 100 100
20 100 100
30 100 100
40 100 100
50 100 100
60 100 100
0 110 100
10 110 100
20 110 100
30 110 100
40 110 100
50 110 100
60 110 100
0 120 100
10 120 100
20 120 100
30 120 100
40 120 100
50 120 100
60 120 100
0 100 100
20 100 100
30 100 100
40 100 100
0 110 100
10 110 100
20 110 100
30 110 100
40 110 100
50 110 100
0 120 100
10 120 100
20 120 100
30 120 100
40 120 100
0 130 100
10 130 100
20 130 100
30 130 100
40 130 100
50 130 100
0 140 100
10 140 100
20 140 100
30 140 100
40 140 100
50 140 100
0 150 100
10 150 100
20 150 100
30 150 100
40 150 100
50 150 100
0 160 100
10 160 100
20 160 100
30 160 100
40 160 100
50 160 100
0 170 100
10 170 100
20 170 100
30 170 100
40 170 100
50 170 100
0 180 100
10 180 100
20 180 100
30 180 100
40 180 100
50 180 100
50 40 100
60 40 100
110 40 100
120 40 100
130 40 100
60 50 100
70 50 100
80 50 100
90 50 100
100 50 100
110 50 100
120 50 100
130 50 100
60 60 100
70 60 100
80 60 100
90 60 100
100 60 100
110 60 100
120 60 100
130 60 100
50 70 100
60 70 100
70 70 100
80 70 100
90 70 100
100 70 100
110 70 100
120 70 100
130 70 100
70 80 100
80 80 100
90 80 100
100 80 100
110 80 100
120 80 100
130 80 100
70 90 100
80 90 100
90 90 100
100 90 100
110 90 100
120 90 100
130 90 100
60 100 100
70 100 100
80 100 100
90 100 100
100 100 100
110 100 100
120 100 100
130 100 100
50 110 100
60 110 100
70 110 100
80 110 100
90 110 100
100 110 100
110 110 100
120 110 100
130 110 100
70 120 100
80 120 100
90 120 100
100 120 100
110 120 100
120 120 100
130 120 100
198 95 100
197 95 100
197 94 100
196 94 100
196 93 100
195 93 100
195 92 100
194 92 100
194 92 100
194 91 100
194 91 100
193 91 100
193 91 100
193 91 100
193 91 100
193 90 100
193 90 100
193 90 100
193 90 100
192 90 100
192 90 100
192 90 100
192 90 100
192 90 100
192 90 100
191 90 100
191 90 100
191 90 100
191 90 100
191 90 100
191 90 100
191 90 100
191 90 100
190 90 100
190 90 100
190 90 100
190 90 100
190 90 100
190 90 100
190 90 100
190 90 100
190 90 100
189 90 100
189 90 100
189 90 100
189 90 100
189 90 100
189 90 100
189 90 100
189 90 100
189 90 100
189 90 100
189 90 100
189 90 100
188 90 100
188 90 100
188 90 100
188 90 100
188 90 100
188 90 100
188 90 100
188 90 100
188 90 100
188 90 100
188 90 100
188 90 100
188 90 100
188 90 100
188 90 100
187 90 100
187 90 100
187 90 100
187 90 100
187 90 100
187 90 100
187 90 100
187 90 100
187 90 100
187 90 100
187 90 100
187 90 100
187 90 100
187 90 100
187 90 100
187 90 100
187 90 100
187 90 100
186 90 100
186 90 100
186 90 100
186 90 100
186 90 100
186 90 100
186 90 100
186 90 100
186 90 100
186 90 100
186 90 100
186 90 100
186 90 100
186 90 100
186 90 100
186 90 100
186 90 100
186 90 100
186 90 100
186 90 100
185 90 100
185 90 100
185 90 100
185 90 100
185 90 100
185 90 100
185 90 100
185 90 100
185 90 100
185 90 100
185 90 100
185 90 100
185 90 100
185 90 100
185 90 100
185 90 100
185 90 100
185 90 100
185 90 100
185 90 100
185 90 100
184 90 100
184 90 100
184 90 100
184 90 100
184 90 100
184 90 100
184 90 100
184 90 100
184 90 100
184 90 100
184 90 100
184 90 100
184 90 100
184 90 100
184 90 100
184 90 100
184 90 100
184 90 100
184 90 100
184 90 100
184 90 100
184 90 100
183 90 100
183 90 100
183 90 100
183 90 100
183 90 100
183 90 100
183 90 100
183 90 100
183 90 100
183 90 100
183 90 100
183 90 100
183 90 100
183 90 100
183 90 100
183 90 100
183 90 100
183 90 100
183 90 100
183 90 100
183 90 100
182 90 100
182 90 100
182 90 100
182 90 100
182 90 100
182 90 100
182 90 100
182 90 100
182 90 100
182 90 100
182 90 100
182 90 100
182 90 100
182 90 100
182 90 100
182 90 100
182 90 100
182 90 100
182 90 100
181 90 100
181 90 100
181 90 100
181 90 100
181 90 100
181 90 100
181 90 100
181 90 100
181 90 100
181 90 100
181 90 100
181 90 100
181 90 100
181 90 100
181 90 100
181 90 100
181 90 100
180 90 100
180 90 100
180 90 100
180 90 100
180 90 100
180 90 100
180 90 100
180 90 100
180 90 100
180 90 100
180 90 100
180 90 100
180 90 100
179 90 100
179 90 100
179 90 100
179 90 100
179 90 100
179 90 100
179 90 100
179 90 100
179 90 100
179 90 100
179 90 100
178 90 100
178 90 100
178 90 100
178 90 100
178 90 100
178 90 100
178 90 100
178 90 100
177 90 100
177 90 100
177 90 100
177 90 100
177 90 100
177 90 100
176 90 100
176 90 100
176 90 100
176 90 100
175 90 100
175 90 100
175 90 100
174 90 100
174 90 100
173 90 100
172 90 100
171 90 100
169 90 100
168 90 100
167 90 100
166 90 100
165 90 100
164 90 100
163 90 100
162 90 100
161 90 100
160 91 100
160 92 100
160 93 100
160 94 100
160 95 100
160 96 100
160 97 100
160 98 100
160 99 100
159 100 100
158 100 100
157 100 100
156 100 100
155 100 100
154 100 100
153 100 100
152 100 100
151 100 100
150 101 100
150 102 100
150 103 100
150 104 100
150 105 100
150 106 100
150 107 100
150 108 100
150 109 100
150 111 100
150 112 100
150 113 100
150 114 100
150 115 100
150 116 100
150 117 100
150 118 100
150 119 100
149 120 100
148 120 100
147 120 100
146 120 100
145 120 100
144 120 100
143 120 100
142 120 100
141 120 100
140 120 100
139 120 100
138 120 100
137 120 100
136 120 100
135 120 100
134 120 100
133 120 100
132 120 100
131 120 100
130 121 100
130 122 100
130 123 100
130 124 100
130 125 100
130 126 100
130 127 100
130 128 100
130 129 100
129 130 100
128 130 100
127 130 100
126 130 100
125 130 100
124 130 100
123 130 100
122 130 100
121 130 100
120 131 100
120 132 100
120 133 100
120 134 100
120 135 100
120 136 100
120 137 100
120 138 100
120 139 100
120 141 100
120 142 100
120 142 100
120 143 100
120 143 100
120 144 100
120 144 100
120 145 100
120 145 100
120 145 100
120 146 100
120 146 100
120 146 100
120 147 100
120 147 100
120 147 100
120 147 100
120 148 100
120 148 100
120 148 100
120 148 100
120 149 100
120 149 100
120 149 100
120 149 100
120 149 100
120 150 100
120 150 100
120 150 100
120 151 100
120 151 100
120 151 100
120 151 100
120 151 100
120 152 100
120 152 100
120 152 100
120 152 100
120 152 100
120 153 100
120 153 100
120 153 100
120 153 100
120 154 100
120 154 100
120 154 100
120 155 100
120 155 100
120 156 100
120 157 100
120 158 100
120 159 100
120 161 100
120 162 100
120 163 100
120 164 100
120 165 100
120 166 100
120 167 100
120 168 100
120 169 100
119 170 100
119 171 100
118 171 100
117 171 100
116 171 100
115 171 100
114 171 100
113 171 100
64 22 100
63 22 100
63 21 100
62 21 100
62 20 100
61 20 100
60 21 100
60 22 100
60 23 100
60 24 100
60 25 100
60 26 100
60 27 100
60 28 100
60 29 100
60 31 100
60 32 100
60 33 100
60 34 100
60 34 100
60 35 100
60 35 100
60 35 100
60 36 100
60 36 100
60 36 100
60 36 100
60 37 100
60 37 100
60 37 100
60 37 100
60 37 100
60 38 100
60 38 100
60 38 100
60 38 100
60 38 100
60 38 100
60 38 100
60 39 100
60 39 100
60 39 100
60 39 100
60 39 100
60 39 100
60 39 100
60 40 100
60 40 100
60 40 100
60 40 100
60 41 100
60 41 100
60 41 100
60 41 100
60 41 100
60 41 100
60 41 100
60 41 100
60 42 100
60 42 100
60 42 100
60 42 100
60 42 100
60 42 100
60 42 100
60 43 100
60 43 100
60 43 100
60 43 100
60 43 100
60 43 100
60 44 100
60 44 100
60 44 100
60 44 100
60 44 100
60 44 100
60 45 100
60 45 100
60 45 100
60 45 100
60 45 100
60 46 100
60 46 100
60 46 100
60 46 100
60 47 100
60 47 100
60 47 100
60 48 100
60 48 100
60 48 100
60 49 100
60 49 100
59 50 100
59 50 100
59 50 100
58 50 100
58 50 100
58 50 100
57 50 100
57 50 100
56 50 100
56 50 100
55 50 100
55 50 100
54 50 100
54 50 100
53 50 100
53 50 100
52 50 100
51 50 100
51 50 100
50 51 100
50 52 100
50 53 100
50 54 100
50 55 100
50 56 100
50 57 100
50 58 100
50 59 100
50 61 100
50 61 100
50 62 100
50 62 100
50 63 100
50 63 100
50 63 100
50 64 100
50 64 100
50 64 100
50 64 100
50 65 100
50 65 100
50 65 100
50 65 100
50 66 100
50 66 100
50 66 100
50 66 100
50 66 100
50 67 100
50 67 100
50 67 100
50 67 100
50 67 100
50 68 100
50 68 100
50 68 100
50 68 100
50 68 100
50 69 100
50 69 100
50 69 100
50 69 100
50 70 100
50 70 100
50 71 100
50 71 100
50 71 100
50 72 100
50 72 100
50 73 100
50 73 100
50 74 100
50 75 100
50 76 100
50 77 100
50 78 100
50 79 100
50 81 100
50 82 100
50 83 100
50 84 100
50 85 100
50 86 100
50 87 100
50 88 100
50 89 100
50 91 100
50 92 100
50 93 100
50 94 100
50 95 100
50 96 100
50 97 100
50 98 100
50 99 100
50 101 100
50 102 100
50 103 100
50 104 100
50 105 100
50 105 100
50 106 100
50 106 100
50 107 100
50 107 100
50 108 100
50 108 100
50 108 100
50 109 100
50 109 100
50 109 100
50 111 100
50 111 100
50 111 100
50 112 100
50 112 100
50 112 100
50 113 100
50 113 100
50 113 100
50 114 100
50 114 100
50 114 100
50 115 100
50 115 100
50 116 100
50 116 100
50 117 100
50 117 100
50 118 100
50 119 100
51 120 100
52 120 100
53 120 100
54 120 100
55 120 100
56 120 100
57 120 100
58 120 100
59 120 100
61 120 100
62 120 100
63 120 100
64 120 100
65 120 100
66 120 100
67 120 100
68 120 100
69 120 100
71 120 100
72 120 100
73 120 100
74 120 100
75 120 100
76 120 100
77 120 100
78 120 100
79 120 100
80 121 100
80 122 100
80 123 100
80 124 100
80 125 100
80 126 100
80 127 100
80 128 100
80 129 100
81 130 100
82 130 100
83 130 100
84 130 100
85 130 100
86 130 100
87 130 100
88 130 100
89 130 100
91 130 100
92 130 100
93 130 100
94 130 100
95 130 100
95 130 100
96 130 100
96 130 100
97 130 100
97 130 100
98 130 100
98 130 100
99 130 100
99 130 100
100 130 100
101 130 100
101 130 100
102 130 100
103 130 100
104 130 100
105 130 100
106 130 100
107 130 100
108 130 100
109 130 100
111 130 100
112 130 100
113 130 100
114 130 100
115 130 100
116 130 100
117 130 100
118 130 100
119 130 100
119 1 100
118 1 100
118 0 100
117 0 100
116 0 100
115 0 100
114 0 100
113 0 100
112 0 100
111 0 100
109 0 100
108 0 100
107 0 100
106 0 100
105 0 100
104 0 100
103 0 100
102 0 100
101 0 100
100 1 100
100 2 100
100 3 100
100 4 100
100 5 100
100 6 100
100 7 100
100 8 100
100 9 100
100 11 100
100 12 100
100 13 100
100 14 100
100 15 100
100 16 100
100 16 100
100 17 100
100 17 100
100 17 100
100 18 100
100 18 100
100 18 100
100 18 100
100 19 100
100 19 100
100 19 100
100 19 100
100 19 100
100 20 100
100 20 100
100 20 100
100 21 100
100 21 100
100 21 100
100 21 100
100 21 100
100 22 100
100 22 100
100 22 100
100 22 100
100 22 100
100 23 100
100 23 100
100 23 100
100 23 100
100 24 100
100 24 100
100 24 100
100 24 100
100 25 100
100 25 100
100 25 100
100 26 100
100 26 100
100 27 100
100 27 100
100 28 100
100 28 100
100 29 100
99 30 100
98 30 100
97 30 100
96 30 100
95 30 100
94 30 100
93 30 100
92 30 100
91 30 100
89 30 100
88 30 100
87 30 100
86 30 100
85 30 100
84 30 100
83 30 100
82 30 100
81 30 100
79 30 100
78 30 100
77 30 100
76 30 100
75 30 100
74 30 100
73 30 100
72 30 100
71 30 100
69 30 100
68 30 100
67 30 100
66 30 100
65 30 100
64 30 100
63 30 100
62 30 100
61 30 100
157 199 100
156 199 100
156 198 100
155 198 100
155 197 100
154 197 100
154 196 100
154 196 100
153 196 100
153 196 100
153 195 100
153 195 100
152 195 100
152 195 100
152 194 100
152 194 100
152 194 100
151 194 100
151 194 100
151 194 100
151 193 100
151 193 100
151 193 100
151 193 100
150 193 100
150 193 100
150 193 100
150 193 100
150 192 100
150 192 100
150 192 100
150 192 100
150 192 100
149 192 100
149 192 100
149 192 100
149 192 100
149 192 100
149 192 100
149 191 100
149 191 100
149 191 100
149 191 100
149 191 100
149 191 100
148 191 100
148 191 100
148 191 100
148 191 100
148 191 100
148 191 100
148 191 100
148 191 100
148 190 100
148 190 100
148 190 100
148 190 100
148 190 100
148 190 100
148 190 100
148 190 100
148 190 100
147 190 100
147 190 100
147 190 100
147 190 100
147 190 100
147 190 100
147 190 100
147 190 100
147 190 100
147 190 100
147 190 100
146 190 100
146 190 100
146 190 100
146 190 100
146 190 100
146 190 100
146 190 100
146 190 100
146 190 100
146 190 100
146 190 100
146 190 100
146 190 100
146 190 100
145 190 100
145 190 100
145 190 100
145 190 100
145 190 100
145 190 100
145 190 100
145 190 100
145 190 100
145 190 100
145 190 100
145 190 100
145 190 100
145 190 100
145 190 100
145 190 100
145 190 100
144 190 100
144 190 100
144 190 100
144 190 100
144 190 100
144 190 100
144 190 100
144 190 100
144 190 100
144 190 100
144 190 100
144 190 100
144 190 100
144 190 100
144 190 100
144 190 100
144 190 100
144 190 100
143 190 100
143 190 100
143 190 100
143 190 100
143 190 100
143 190 100
143 190 100
143 190 100
143 190 100
143 190 100
143 190 100
143 190 100
143 190 100
143 190 100
143 190 100
143 190 100
143 190 100
143 190 100
142 190 100
142 190 100
142 190 100
142 190 100
142 190 100
142 190 100
142 190 100
142 190 100
142 190 100
142 190 100
142 190 100
142 190 100
142 190 100
142 190 100
142 190 100
142 190 100
142 190 100
141 190 100
141 190 100
141 190 100
141 190 100
141 190 100
141 190 100
141 190 100
141 190 100
141 190 100
141 190 100
141 190 100
141 190 100
141 190 100
141 190 100
141 190 100
140 190 100
140 190 100
140 190 100
140 190 100
140 190 100
140 190 100
140 190 100
140 190 100
140 190 100
140 190 100
139 190 100
139 190 100
139 190 100
139 190 100
139 190 100
139 190 100
139 190 100
139 190 100
139 190 100
139 190 100
138 190 100
138 190 100
138 190 100
138 190 100
138 190 100
138 190 100
138 190 100
138 190 100
137 190 100
137 190 100
137 190 100
137 190 100
137 190 100
137 190 100
136 190 100
136 190 100
136 190 100
136 190 100
135 190 100
135 190 100
135 190 100
134 190 100
134 190 100
133 190 100
133 190 100
132 190 100
132 190 100
131 190 100
131 190 100
130 189 100
130 189 100
130 188 100
130 188 100
130 187 100
130 187 100
130 186 100
130 185 100
130 184 100
130 183 100
130 182 100
130 181 100
130 179 100
130 178 100
130 177 100
130 176 100
130 175 100
130 174 100
130 173 100
130 172 100
130 171 100
129 170 100
128 170 100
127 170 100
126 170 100
125 170 100
124 170 100
123 170 100
122 170 100
121 170 100
20 83 100
20 84 100
20 85 100
20 86 100
20 87 100
20 88 100
20 89 100
21 90 100
22 90 100
23 90 100
24 90 100
25 90 100
26 90 100
26 90 100
27 90 100
27 90 100
28 90 100
28 90 100
28 90 100
29 90 100
29 90 100
29 90 100
30 90 100
30 90 100
30 90 100
31 90 100
31 90 100
31 90 100
31 90 100
32 90 100
32 90 100
32 90 100
32 90 100
33 90 100
33 90 100
33 90 100
34 90 100
34 90 100
35 90 100
35 90 100
36 90 100
37 90 100
38 90 100
39 90 100
41 90 100
42 90 100
43 90 100
44 90 100
45 90 100
46 90 100
47 90 100
48 90 100
49 90 100
15 148 100
14 148 100
14 149 100
13 149 100
13 150 100
12 150 100
11 150 100
10 149 100
10 148 100
10 147 100
10 146 100
10 145 100
10 144 100
10 143 100
10 142 100
10 141 100
10 139 100
10 138 100
10 137 100
10 136 100
10 135 100
10 134 100
10 133 100
10 132 100
10 131 100
10 131 100
10 130 100
10 130 100
10 129 100
10 129 100
10 129 100
10 129 100
10 128 100
10 128 100
10 128 100
10 128 100
10 128 100
10 127 100
10 127 100
10 127 100
10 127 100
10 127 100
10 127 100
10 126 100
10 126 100
10 126 100
10 126 100
10 126 100
10 126 100
10 126 100
10 125 100
10 125 100
10 125 100
10 125 100
10 125 100
10 125 100
10 125 100
10 125 100
10 124 100
10 124 100
10 124 100
10 124 100
10 124 100
10 124 100
10 124 100
10 124 100
10 123 100
10 123 100
10 123 100
10 123 100
10 123 100
10 123 100
10 123 100
10 123 100
10 123 100
10 122 100
10 122 100
10 122 100
10 122 100
10 122 100
10 122 100
10 122 100
10 122 100
10 122 100
10 122 100
10 121 100
10 121 100
10 121 100
10 121 100
10 121 100
10 121 100
10 121 100
10 121 100
10 121 100
10 121 100
10 121 100
10 120 100
10 120 100
10 120 100
10 120 100
10 120 100
10 120 100
10 120 100
10 120 100
10 120 100
10 120 100
10 119 100
10 119 100
10 119 100
10 119 100
10 119 100
10 119 100
10 119 100
10 119 100
10 119 100
10 119 100
10 119 100
10 119 100
10 119 100
10 119 100
10 118 100
10 118 100
10 118 100
10 118 100
10 118 100
10 118 100
10 118 100
10 118 100
10 118 100
10 118 100
10 118 100
10 118 100
10 118 100
10 118 100
10 118 100
10 118 100
10 117 100
10 117 100
10 117 100
10 117 100
10 117 100
10 117 100
10 117 100
10 117 100
10 117 100
10 117 100
10 117 100
10 117 100
10 117 100
10 117 100
10 117 100
10 117 100
10 117 100
10 116 100
10 116 100
10 116 100
10 116 100
10 116 100
10 116 100
10 116 100
10 116 100
10 116 100
10 116 100
10 116 100
10 116 100
10 116 100
10 116 100
10 116 100
10 116 100
10 116 100
10 115 100
10 115 100
10 115 100
10 115 100
10 115 100
10 115 100
10 115 100
10 115 100
10 115 100
10 115 100
10 115 100
10 115 100
10 115 100
10 115 100
10 115 100
10 115 100
10 114 100
10 114 100
10 114 100
10 114 100
10 114 100
10 114 100
10 114 100
10 114 100
10 114 100
10 114 100
10 114 100
10 114 100
10 114 100
10 114 100
10 114 100
10 113 100
10 113 100
10 113 100
10 113 100
10 113 100
10 113 100
10 113 100
10 113 100
10 113 100
10 113 100
10 113 100
10 113 100
10 113 100
10 112 100
10 112 100
10 112 100
10 112 100
10 112 100
10 112 100
10 112 100
10 112 100
10 112 100
10 112 100
10 112 100
10 111 100
10 111 100
10 111 100
10 111 100
10 111 100
10 111 100
10 111 100
10 111 100
10 110 100
10 110 100
10 110 100
10 110 100
10 109 100
10 109 100
10 109 100
10 109 100
10 108 100
10 108 100
10 108 100
10 107 100
10 107 100
10 106 100
10 106 100
10 105 100
10 105 100
10 104 100
10 103 100
10 102 100
10 101 100
10 99 100
10 98 100
10 97 100
10 96 100
10 95 100
10 94 100
10 93 100
10 92 100
10 91 100
11 90 100
12 90 100
13 90 100
14 90 100
15 90 100
16 90 100
17 90 100
18 90 100
19 90 100
92 82 100
91 82 100
91 83 100
90 83 100
90 84 100
90 85 100
90 86 100
90 87 100
90 88 100
90 89 100
91 90 100
92 90 100
93 90 100
94 90 100
95 90 100
96 90 100
97 90 100
98 90 100
99 90 100
101 90 100
102 90 100
103 90 100
104 90 100
105 90 100
106 90 100
107 90 100
108 90 100
109 90 100
110 91 100
110 92 100
110 93 100
110 94 100
110 95 100
110 96 100
110 97 100
110 98 100
110 99 100
110 101 100
110 102 100
110 103 100
110 104 100
110 105 100
110 106 100
110 107 100
110 108 100
110 109 100
110 111 100
110 111 100
110 112 100
110 112 100
110 113 100
110 113 100
110 114 100
110 114 100
110 115 100
110 115 100
110 116 100
110 116 100
110 117 100
110 117 100
110 118 100
110 118 100
110 119 100
110 119 100
110 121 100
110 122 100
110 123 100
110 124 100
110 125 100
110 126 100
110 127 100
110 128 100
110 129 100
