# score 252068
0 150 100
10 150 100
20 150 100
30 150 100
40 150 100
0 160 100
10 160 100
20 160 100
30 160 100
40 160 100
0 170 100
10 170 100
20 170 100
30 170 100
40 170 100
0 180 100
10 180 100
20 180 100
30 180 100
40 180 100
0 190 100
10 190 100
20 190 100
30 190 100
40 190 100
40 140 100
50 140 100
60 140 100
70 140 100
80 140 100
90 140 100
100 140 100
110 140 100
120 140 100
50 150 100
60 150 100
70 150 100
80 150 100
90 150 100
100 150 100
110 150 100
120 150 100
50 160 100
60 160 100
70 160 100
80 160 100
90 160 100
100 160 100
110 160 100
120 160 100
40 170 100
50 170 100
60 170 100
70 170 100
80 170 100
90 170 100
100 170 100
110 170 100
120 170 100
40 180 100
50 180 100
60 180 100
70 180 100
80 180 100
90 180 100
100 180 100
110 180 100
120 180 100
40 190 100
50 190 100
60 190 100
70 190 100
80 190 100
90 190 100
100 190 100
110 190 100
120 190 100
10 30 100
20 30 100
30 30 100
40 30 100
50 30 100
60 30 100
70 30 100
80 30 100
90 30 100
10 40 100
20 40 100
30 40 100
40 40 100
50 40 100
60 40 100
70 40 100
80 40 100
90 40 100
10 50 100
20 50 100
30 50 100
40 50 100
50 50 100
60 50 100
70 50 100
80 50 100
90 50 100
10 60 100
20 60 100
30 60 100
40 60 100
50 60 100
60 60 100
70 60 100
80 60 100
90 60 100
10 70 100
20 70 100
30 70 100
40 70 100
50 70 100
60 70 100
70 70 100
80 70 100
90 70 100
10 80 100
20 80 100
30 80 100
40 80 100
50 80 100
60 80 100
70 80 100
80 80 100
90 80 100
10 90 100
20 90 100
30 90 100
40 90 100
50 90 100
60 90 100
70 90 100
80 90 100
90 90 100
10 100 100
20 100 100
30 100 100
40 100 100
50 100 100
60 100 100
70 100 100
80 100 100
90 100 100
10 110 100
20 110 100
30 110 100
40 110 100
50 110 100
60 110 100
70 110 100
80 110 100
90 110 100
80 100 100
90 100 100
100 100 100
110 100 100
120 100 100
130 100 100
140 100 100
150 100 100
160 100 100
80 110 100
90 110 100
100 110 100
110 110 100
120 110 100
130 110 100
140 110 100
150 110 100
160 110 100
80 120 100
90 120 100
100 120 100
110 120 100
120 120 100
130 120 100
140 120 100
150 120 100
160 120 100
80 130 100
90 130 100
100 130 100
110 130 100
120 130 100
130 130 100
140 130 100
150 130 100
160 130 100
80 140 100
90 140 100
100 140 100
130 140 100
140 140 100
150 140 100
160 140 100
80 150 100
90 150 100
100 150 100
130 150 100
140 150 100
150 150 100
160 150 100
80 160 100
90 160 100
100 160 100
130 160 100
140 160 100
150 160 100
160 160 100
100 170 100
110 170 100
130 170 100
140 170 100
150 170 100
160 170 100
100 180 100
110 180 100
120 180 100
130 180 100
140 180 100
150 180 100
160 180 100
10 70 100
20 70 100
30 70 100
80 70 100
90 70 100
10 80 100
20 80 100
30 80 100
40 80 100
80 80 100
90 80 100
10 90 100
20 90 100
30 90 100
40 90 100
50 90 100
90 90 100
10 100 100
20 100 100
30 100 100
40 100 100
90 100 100
20 110 100
30 110 100
40 110 100
80 110 100
90 110 100
10 120 100
20 120 100
30 120 100
40 120 100
50 120 100
60 120 100
70 120 100
80 120 100
90 120 100
10 130 100
20 130 100
30 130 100
40 130 100
50 130 100
60 130 100
70 130 100
80 130 100
90 130 100
10 140 100
20 140 100
30 140 100
70 140 100
80 140 100
90 140 100
10 150 100
20 150 100
60 150 100
70 150 100
80 150 100
90 150 100
0 0 100
10 0 100
20 0 100
30 0 100
40 0 100
0 10 100
10 10 100
20 10 100
30 10 100
40 10 100
0 20 100
10 20 100
20 20 100
30 20 100
40 20 100
0 30 100
10 30 100
40 30 100
0 40 100
10 40 100
20 40 100
30 40 100
40 40 100
0 50 100
10 50 100
30 50 100
40 50 100
0 60 100
30 60 100
40 60 100
0 0 100
50 0 100
60 0 100
70 0 100
80 0 100
50 10 100
60 10 100
70 10 100
80 10 100
50 20 100
60 20 100
70 20 100
80 20 100
0 30 100
40 30 100
60 30 100
70 30 100
80 30 100
0 40 100
20 40 100
30 40 100
40 40 100
50 40 100
0 50 100
30 50 100
40 50 100
50 50 100
0 60 100
30 60 100
40 60 100
80 60 100
0 110 100
30 110 100
80 110 100
0 120 100
30 120 100
40 120 100
80 120 100
0 130 100
30 130 100
40 130 100
80 130 100
0 140 100
10 140 100
20 140 100
30 140 100
80 140 100
0 150 100
10 150 100
20 150 100
70 150 100
80 150 100
0 160 100
10 160 100
20 160 100
50 160 100
60 160 100
70 160 100
80 160 100
20 170 100
40 170 100
50 170 100
60 170 100
70 170 100
20 180 100
30 180 100
40 180 100
50 180 100
60 180 100
30 190 100
40 190 100
50 190 100
60 190 100
0 40 100
20 40 100
30 40 100
40 40 100
50 40 100
0 50 100
30 50 100
40 50 100
50 50 100
0 60 100
30 60 100
40 60 100
0 70 100
10 70 100
0 80 100
10 80 100
20 80 100
30 80 100
40 80 100
0 90 100
10 90 100
20 90 100
30 90 100
40 90 100
60 20 100
70 20 100
80 20 100
90 20 100
100 20 100
110 20 100
120 20 100
130 20 100
70 30 100
80 30 100
100 30 100
110 30 100
120 30 100
130 30 100
100 40 100
110 40 100
120 40 100
130 40 100
50 50 100
100 50 100
110 50 100
120 50 100
130 50 100
100 60 100
110 60 100
120 60 100
130 60 100
80 70 100
90 70 100
100 70 100
110 70 100
120 70 100
130 70 100
80 80 100
90 80 100
100 80 100
110 80 100
120 80 100
130 80 100
90 90 100
100 90 100
110 90 100
120 90 100
130 90 100
110 100 100
120 100 100
130 100 100
84 189 100
83 189 100
83 190 100
82 190 100
81 190 100
80 189 100
80 188 100
80 187 100
80 186 100
80 185 100
80 184 100
80 183 100
80 182 100
80 181 100
80 179 100
80 178 100
80 177 100
80 176 100
80 175 100
80 174 100
80 173 100
80 172 100
80 171 100
79 170 100
79 170 100
78 170 100
78 170 100
77 170 100
77 170 100
77 170 100
76 170 100
76 170 100
76 170 100
76 170 100
75 170 100
75 170 100
75 170 100
75 170 100
75 170 100
74 170 100
74 170 100
74 170 100
74 170 100
74 170 100
73 170 100
73 170 100
73 170 100
73 170 100
73 170 100
73 170 100
72 170 100
72 170 100
72 170 100
72 170 100
72 170 100
72 170 100
72 170 100
71 170 100
71 170 100
71 170 100
71 170 100
71 170 100
71 170 100
71 170 100
71 170 100
71 170 100
70 170 100
70 170 100
70 170 100
70 170 100
70 170 100
70 170 100
70 170 100
70 170 100
69 170 100
69 170 100
69 170 100
69 170 100
69 170 100
69 170 100
69 170 100
69 170 100
69 170 100
69 170 100
69 170 100
69 170 100
68 170 100
68 170 100
68 170 100
68 170 100
68 170 100
68 170 100
68 170 100
68 170 100
68 170 100
68 170 100
68 170 100
68 170 100
68 170 100
68 170 100
67 170 100
67 170 100
67 170 100
67 170 100
67 170 100
67 170 100
67 170 100
67 170 100
67 170 100
67 170 100
67 170 100
67 170 100
67 170 100
67 170 100
67 170 100
67 170 100
66 170 100
66 170 100
66 170 100
66 170 100
66 170 100
66 170 100
66 170 100
66 170 100
66 170 100
66 170 100
66 170 100
66 170 100
66 170 100
66 170 100
66 170 100
66 170 100
66 170 100
66 170 100
65 170 100
65 170 100
65 170 100
65 170 100
65 170 100
65 170 100
65 170 100
65 170 100
65 170 100
65 170 100
65 170 100
65 170 100
65 170 100
65 170 100
65 170 100
65 170 100
65 170 100
65 170 100
65 170 100
64 170 100
64 170 100
64 170 100
64 170 100
64 170 100
64 170 100
64 170 100
64 170 100
64 170 100
64 170 100
64 170 100
64 170 100
64 170 100
64 170 100
64 170 100
64 170 100
64 170 100
64 170 100
64 170 100
64 170 100
63 170 100
63 170 100
63 170 100
63 170 100
63 170 100
63 170 100
63 170 100
63 170 100
63 170 100
63 170 100
63 170 100
63 170 100
63 170 100
63 170 100
63 170 100
63 170 100
63 170 100
63 170 100
63 170 100
63 170 100
63 170 100
62 170 100
62 170 100
62 170 100
62 170 100
62 170 100
62 170 100
62 170 100
62 170 100
62 170 100
62 170 100
62 170 100
62 170 100
62 170 100
62 170 100
62 170 100
62 170 100
62 170 100
62 170 100
62 170 100
62 170 100
62 170 100
62 170 100
61 170 100
61 170 100
61 170 100
61 170 100
61 170 100
61 170 100
61 170 100
61 170 100
61 170 100
61 170 100
61 170 100
61 170 100
61 170 100
61 170 100
61 170 100
61 170 100
61 170 100
61 170 100
61 170 100
61 170 100
61 170 100
61 170 100
61 170 100
60 170 100
60 170 100
60 170 100
60 170 100
60 170 100
60 170 100
60 170 100
60 170 100
60 170 100
60 170 100
60 170 100
60 170 100
60 170 100
60 170 100
60 170 100
60 170 100
60 170 100
60 170 100
60 170 100
60 170 100
60 170 100
59 170 100
59 170 100
59 170 100
59 170 100
59 170 100
59 170 100
59 170 100
59 170 100
59 170 100
59 170 100
59 170 100
59 170 100
59 170 100
59 170 100
59 170 100
59 170 100
59 170 100
59 170 100
59 170 100
59 170 100
59 170 100
59 170 100
59 170 100
59 170 100
58 170 100
58 170 100
58 170 100
58 170 100
58 170 100
58 170 100
58 170 100
58 170 100
58 170 100
58 170 100
58 170 100
58 170 100
58 170 100
58 170 100
58 170 100
58 170 100
58 170 100
58 170 100
58 170 100
58 170 100
58 170 100
58 170 100
58 170 100
58 170 100
58 170 100
57 170 100
57 170 100
57 170 100
57 170 100
57 170 100
57 170 100
57 170 100
57 170 100
57 170 100
57 170 100
57 170 100
57 170 100
57 170 100
57 170 100
57 170 100
57 170 100
57 170 100
57 170 100
57 170 100
57 170 100
57 170 100
57 170 100
57 170 100
57 170 100
57 170 100
56 170 100
56 170 100
56 170 100
56 170 100
56 170 100
56 170 100
56 170 100
56 170 100
56 170 100
56 170 100
56 170 100
56 170 100
56 170 100
56 170 100
56 170 100
56 170 100
56 170 100
56 170 100
56 170 100
56 170 100
56 170 100
56 170 100
56 170 100
56 170 100
56 170 100
55 170 100
55 170 100
55 170 100
55 170 100
55 170 100
55 170 100
55 170 100
55 170 100
55 170 100
55 170 100
55 170 100
55 170 100
55 170 100
55 170 100
55 170 100
55 170 100
55 170 100
55 170 100
55 170 100
55 170 100
55 170 100
55 170 100
55 170 100
55 170 100
54 170 100
54 170 100
54 170 100
54 170 100
54 170 100
54 170 100
54 170 100
54 170 100
54 170 100
54 170 100
54 170 100
54 170 100
54 170 100
54 170 100
54 170 100
54 170 100
54 170 100
54 170 100
54 170 100
54 170 100
54 170 100
54 170 100
54 170 100
53 170 100
53 170 100
53 170 100
53 170 100
53 170 100
53 170 100
53 170 100
53 170 100
53 170 100
53 170 100
53 170 100
53 170 100
53 170 100
53 170 100
53 170 100
53 170 100
53 170 100
53 170 100
53 170 100
53 170 100
53 170 100
53 170 100
52 170 100
52 170 100
52 170 100
52 170 100
52 170 100
52 170 100
52 170 100
52 170 100
52 170 100
52 170 100
52 170 100
52 170 100
52 170 100
52 170 100
52 170 100
52 170 100
52 170 100
52 170 100
52 170 100
52 170 100
51 170 100
51 170 100
51 170 100
51 170 100
51 170 100
51 170 100
51 170 100
51 170 100
51 170 100
51 170 100
51 170 100
51 170 100
51 170 100
51 170 100
51 170 100
51 170 100
51 170 100
51 170 100
51 170 100
50 170 100
50 170 100
50 170 100
50 170 100
50 170 100
50 170 100
50 170 100
50 170 100
50 170 100
50 170 100
50 170 100
50 170 100
50 170 100
50 170 100
50 170 100
49 170 100
49 170 100
49 170 100
49 170 100
49 170 100
49 170 100
49 170 100
49 170 100
49 170 100
49 170 100
49 170 100
49 170 100
49 170 100
49 170 100
49 170 100
49 170 100
48 170 100
48 170 100
48 170 100
48 170 100
48 170 100
48 170 100
48 170 100
48 170 100
48 170 100
48 170 100
48 170 100
48 170 100
48 170 100
48 170 100
47 170 100
47 170 100
47 170 100
47 170 100
47 170 100
47 170 100
47 170 100
47 170 100
47 170 100
47 170 100
47 170 100
47 170 100
47 170 100
46 170 100
46 170 100
46 170 100
46 170 100
46 170 100
46 170 100
46 170 100
46 170 100
46 170 100
46 170 100
46 170 100
46 170 100
45 170 100
45 170 100
45 170 100
45 170 100
45 170 100
45 170 100
45 170 100
45 170 100
45 170 100
45 170 100
44 170 100
44 170 100
44 170 100
44 170 100
44 170 100
44 170 100
44 170 100
44 170 100
43 170 100
43 170 100
43 170 100
43 170 100
43 170 100
43 170 100
43 170 100
42 170 100
42 170 100
42 170 100
42 170 100
42 170 100
41 170 100
41 170 100
41 170 100
41 170 100
39 170 100
39 170 100
38 170 100
38 170 100
37 170 100
37 170 100
36 170 100
35 170 100
34 170 100
33 170 100
32 170 100
31 170 100
29 170 100
29 170 100
28 170 100
28 170 100
27 170 100
27 170 100
26 170 100
26 170 100
25 170 100
25 170 100
24 170 100
24 170 100
24 170 100
23 170 100
23 170 100
23 170 100
22 170 100
22 170 100
22 170 100
21 170 100
21 170 100
21 170 100
20 170 100
19 170 100
19 170 100
19 170 100
18 170 100
18 170 100
17 170 100
17 170 100
16 170 100
16 170 100
15 170 100
15 170 100
14 170 100
13 170 100
12 170 100
11 170 100
10 171 100
10 172 100
10 173 100
10 174 100
10 175 100
10 176 100
10 177 100
10 178 100
10 179 100
10 181 100
10 182 100
10 183 100
10 184 100
10 185 100
10 186 100
10 187 100
10 188 100
10 189 100
9 190 100
9 191 100
9 192 100
57 76 100
58 76 100
58 77 100
59 77 100
59 78 100
60 78 100
60 79 100
60 81 100
60 82 100
60 83 100
60 84 100
60 85 100
60 86 100
60 87 100
60 88 100
60 89 100
60 91 100
60 92 100
60 93 100
60 94 100
60 95 100
60 96 100
60 97 100
60 98 100
60 99 100
60 101 100
60 102 100
60 103 100
60 104 100
60 105 100
60 106 100
60 107 100
60 108 100
60 109 100
60 111 100
60 112 100
60 113 100
60 114 100
60 115 100
60 116 100
60 117 100
60 118 100
60 119 100
60 121 100
60 122 100
60 123 100
60 124 100
60 125 100
60 126 100
60 127 100
60 128 100
60 129 100
60 131 100
60 132 100
60 133 100
60 134 100
60 135 100
60 136 100
60 137 100
60 138 100
60 139 100
59 140 100
58 140 100
57 140 100
56 140 100
55 140 100
54 140 100
53 140 100
52 140 100
51 140 100
50 141 100
50 142 100
50 143 100
50 144 100
50 145 100
50 146 100
50 147 100
50 148 100
50 149 100
49 150 100
48 150 100
47 150 100
46 150 100
45 150 100
44 150 100
43 150 100
42 150 100
41 150 100
41 151 100
42 151 100
42 152 100
42 153 100
42 154 100
42 155 100
42 156 100
42 157 100
41 157 100
41 158 100
40 158 100
40 159 100
40 161 100
40 162 100
40 163 100
40 164 100
40 165 100
40 166 100
40 167 100
40 168 100
40 168 100
40 169 100
40 169 100
40 169 100
126 149 100
125 149 100
125 150 100
124 150 100
123 150 100
122 150 100
121 150 100
119 150 100
118 150 100
117 150 100
116 150 100
115 150 100
114 150 100
113 150 100
112 150 100
111 150 100
110 151 100
110 152 100
110 153 100
110 154 100
110 155 100
110 156 100
110 157 100
110 158 100
110 159 100
109 160 100
108 160 100
107 160 100
106 160 100
105 160 100
104 160 100
103 160 100
102 160 100
101 160 100
99 160 100
99 160 100
99 161 100
99 161 100
98 161 100
98 161 100
98 162 100
98 162 100
97 162 100
97 162 100
97 163 100
97 163 100
96 163 100
96 163 100
96 164 100
96 164 100
95 164 100
95 164 100
95 165 100
95 165 100
94 165 100
94 165 100
94 166 100
94 166 100
93 166 100
93 167 100
92 167 100
92 168 100
91 168 100
91 169 100
90 169 100
89 170 100
88 170 100
87 170 100
86 170 100
85 170 100
84 170 100
83 170 100
82 170 100
81 170 100
54 116 100
55 116 100
55 117 100
56 117 100
56 118 100
57 118 100
57 119 100
58 119 100
58 120 100
59 120 100
4 21 100
5 21 100
5 20 100
6 20 100
7 20 100
8 20 100
9 20 100
10 21 100
10 22 100
10 23 100
10 24 100
10 25 100
10 26 100
10 27 100
10 28 100
10 29 100
10 29 100
10 31 100
10 31 100
10 32 100
10 32 100
10 33 100
10 33 100
10 34 100
10 34 100
10 35 100
10 35 100
10 36 100
10 36 100
10 37 100
10 37 100
10 38 100
10 38 100
10 39 100
10 39 100
10 41 100
10 41 100
10 41 100
10 42 100
10 42 100
10 42 100
10 43 100
10 43 100
10 43 100
10 44 100
10 44 100
10 45 100
10 45 100
10 46 100
10 46 100
10 47 100
10 47 100
10 48 100
10 48 100
10 49 100
10 49 100
10 51 100
10 52 100
10 53 100
10 54 100
10 55 100
10 56 100
10 57 100
10 58 100
10 59 100
11 60 100
11 59 100
12 59 100
13 59 100
14 59 100
15 59 100
16 59 100
17 59 100
17 60 100
18 60 100
19 60 100
20 61 100
20 62 100
20 63 100
20 64 100
20 65 100
20 66 100
20 67 100
20 68 100
20 69 100
20 69 100
21 70 100
21 70 100
22 70 100
22 70 100
23 70 100
23 70 100
24 70 100
24 70 100
25 70 100
25 70 100
26 70 100
26 70 100
27 70 100
27 70 100
28 70 100
28 70 100
29 70 100
29 70 100
31 70 100
31 70 100
32 70 100
32 70 100
33 70 100
33 70 100
34 70 100
34 70 100
35 70 100
35 70 100
36 70 100
36 70 100
37 70 100
37 70 100
38 70 100
39 70 100
41 70 100
42 70 100
43 70 100
44 70 100
45 70 100
46 70 100
47 70 100
48 70 100
49 70 100
51 70 100
52 70 100
53 70 100
54 70 100
55 70 100
56 70 100
57 70 100
58 70 100
59 70 100
59 71 100
58 71 100
58 72 100
57 72 100
57 73 100
57 74 100
57 75 100
47 21 100
46 21 100
46 20 100
45 20 100
44 20 100
43 20 100
42 20 100
41 20 100
39 20 100
38 20 100
37 20 100
36 20 100
35 20 100
34 20 100
33 20 100
32 20 100
31 20 100
29 20 100
28 20 100
27 20 100
26 20 100
25 20 100
24 20 100
23 20 100
22 20 100
21 20 100
19 20 100
18 20 100
17 20 100
16 20 100
15 20 100
14 20 100
13 20 100
12 20 100
11 20 100
98 67 100
99 67 100
99 66 100
100 66 100
100 65 100
100 64 100
100 63 100
100 62 100
100 61 100
99 60 100
98 60 100
97 60 100
96 60 100
95 60 100
94 60 100
93 60 100
92 60 100
91 60 100
89 60 100
88 60 100
87 60 100
86 60 100
85 60 100
85 60 100
84 60 100
84 60 100
83 60 100
83 60 100
82 60 100
82 60 100
81 60 100
81 60 100
79 60 100
79 60 100
78 60 100
77 60 100
76 60 100
75 60 100
74 60 100
73 60 100
72 60 100
71 60 100
70 61 100
70 62 100
70 63 100
70 64 100
70 65 100
70 66 100
70 67 100
70 68 100
70 69 100
69 70 100
68 70 100
67 70 100
66 70 100
65 70 100
64 70 100
63 70 100
62 70 100
61 70 100
