# score 178980
150 0 100
160 0 100
170 0 100
180 0 100
190 0 100
150 10 100
160 10 100
170 10 100
180 10 100
190 10 100
150 20 100
160 20 100
170 20 100
180 20 100
190 20 100
150 30 100
160 30 100
170 30 100
180 30 100
190 30 100
150 40 100
160 40 100
170 40 100
180 40 100
190 40 100
150 50 100
160 50 100
170 50 100
180 50 100
190 50 100
40 20 100
50 20 100
60 20 100
70 20 100
80 20 100
90 20 100
100 20 100
110 20 100
120 20 100
40 30 100
50 30 100
60 30 100
70 30 100
80 30 100
90 30 100
100 30 100
110 30 100
120 30 100
40 40 100
50 40 100
60 40 100
70 40 100
80 40 100
90 40 100
100 40 100
110 40 100
120 40 100
40 50 100
50 50 100
60 50 100
70 50 100
80 50 100
90 50 100
100 50 100
110 50 100
120 50 100
40 60 100
50 60 100
60 60 100
70 60 100
80 60 100
90 60 100
100 60 100
110 60 100
120 60 100
40 70 100
50 70 100
60 70 100
70 70 100
80 70 100
90 70 100
100 70 100
110 70 100
120 70 100
40 80 100
50 80 100
60 80 100
70 80 100
80 80 100
90 80 100
100 80 100
110 80 100
120 80 100
40 90 100
50 90 100
60 90 100
70 90 100
80 90 100
90 90 100
100 90 100
110 90 100
120 90 100
40 100 100
50 100 100
60 100 100
70 100 100
80 100 100
90 100 100
100 100 100
110 100 100
120 100 100
120 80 100
130 80 100
140 80 100
130 90 100
140 90 100
130 100 100
140 100 100
60 110 100
70 110 100
80 110 100
90 110 100
100 110 100
110 110 100
120 110 100
130 110 100
140 110 100
60 120 100
70 120 100
80 120 100
90 120 100
100 120 100
110 120 100
120 120 100
130 120 100
140 120 100
60 130 100
70 130 100
80 130 100
90 130 100
100 130 100
110 130 100
120 130 100
130 130 100
140 130 100
60 140 100
70 140 100
80 140 100
90 140 100
100 140 100
110 140 100
120 140 100
130 140 100
140 140 100
60 150 100
70 150 100
80 150 100
90 150 100
100 150 100
110 150 100
120 150 100
130 150 100
140 150 100
60 160 100
70 160 100
80 160 100
90 160 100
100 160 100
110 160 100
120 160 100
130 160 100
140 160 100
0 40 100
10 40 100
20 40 100
30 40 100
40 40 100
50 40 100
60 40 100
70 40 100
0 50 100
10 50 100
20 50 100
30 50 100
40 50 100
50 50 100
60 50 100
70 50 100
0 60 100
10 60 100
20 60 100
30 60 100
40 60 100
50 60 100
0 70 100
10 70 100
20 70 100
30 70 100
40 70 100
50 70 100
0 80 100
10 80 100
20 80 100
30 80 100
0 90 100
10 90 100
20 90 100
30 90 100
0 100 100
10 100 100
20 100 100
30 100 100
0 110 100
10 110 100
20 110 100
30 110 100
40 110 100
50 110 100
0 120 100
10 120 100
20 120 100
30 120 100
40 120 100
50 120 100
60 120 100
110 0 100
120 0 100
130 0 100
140 0 100
150 0 100
110 10 100
120 10 100
130 10 100
140 10 100
150 10 100
160 10 100
110 20 100
120 20 100
130 20 100
140 20 100
150 20 100
110 30 100
120 30 100
130 30 100
140 30 100
150 30 100
120 40 100
130 40 100
140 40 100
150 40 100
120 50 100
130 50 100
140 50 100
150 50 100
160 50 100
120 60 100
130 60 100
140 60 100
150 60 100
160 60 100
170 60 100
180 60 100
190 60 100
120 70 100
130 70 100
140 70 100
150 70 100
160 70 100
170 70 100
130 80 100
140 80 100
150 80 100
160 80 100
170 80 100
130 90 100
140 90 100
150 90 100
160 90 100
170 90 100
130 100 100
140 100 100
150 100 100
160 100 100
170 100 100
140 110 100
150 110 100
160 110 100
170 110 100
150 120 100
160 120 100
170 120 100
150 130 100
160 130 100
170 130 100
90 140 100
150 140 100
160 140 100
170 140 100
90 150 100
150 150 100
160 150 100
170 150 100
170 140 100
180 140 100
190 140 100
180 150 100
190 150 100
150 160 100
160 160 100
170 160 100
180 160 100
190 160 100
110 170 100
120 170 100
130 170 100
140 170 100
150 170 100
160 170 100
170 170 100
180 170 100
190 170 100
110 180 100
120 180 100
130 180 100
140 180 100
150 180 100
160 180 100
170 180 100
180 180 100
190 180 100
110 190 100
120 190 100
130 190 100
140 190 100
150 190 100
160 190 100
170 190 100
180 190 100
190 190 100
70 150 100
80 150 100
90 150 100
70 160 100
80 160 100
90 160 100
100 160 100
70 170 100
80 170 100
90 170 100
100 170 100
70 180 100
80 180 100
90 180 100
100 180 100
70 190 100
80 190 100
90 190 100
100 190 100
20 70 100
30 70 100
30 80 100
50 110 100
20 120 100
30 120 100
40 120 100
50 120 100
10 130 100
20 130 100
30 130 100
40 130 100
50 130 100
60 130 100
70 130 100
80 130 100
10 140 100
20 140 100
30 140 100
40 140 100
50 140 100
60 140 100
70 140 100
80 140 100
10 150 100
20 150 100
30 150 100
40 150 100
50 150 100
60 150 100
70 150 100
80 150 100
0 50 100
10 50 100
20 50 100
30 50 100
40 50 100
0 60 100
10 60 100
20 60 100
30 60 100
40 60 100
30 70 100
0 130 100
20 130 100
30 130 100
40 130 100
102 123 100
101 123 100
101 122 100
100 122 100
100 121 100
100 119 100
100 118 100
100 117 100
100 116 100
100 115 100
100 114 100
100 113 100
100 112 100
100 111 100
99 110 100
98 110 100
97 110 100
96 110 100
95 110 100
94 110 100
93 110 100
92 110 100
91 110 100
90 109 100
90 108 100
90 107 100
90 106 100
90 105 100
90 104 100
90 103 100
90 102 100
90 101 100
90 99 100
90 98 100
90 97 100
90 96 100
90 95 100
90 94 100
90 93 100
90 92 100
90 91 100
90 89 100
90 88 100
90 87 100
90 86 100
90 85 100
90 84 100
90 83 100
90 82 100
90 81 100
90 79 100
90 78 100
90 77 100
90 76 100
90 75 100
90 74 100
90 73 100
90 72 100
90 71 100
89 70 100
89 69 100
88 69 100
88 68 100
87 68 100
87 67 100
86 67 100
42 89 100
43 89 100
43 90 100
44 90 100
45 90 100
46 90 100
47 90 100
48 90 100
49 90 100
51 90 100
52 90 100
53 90 100
54 90 100
55 90 100
56 90 100
57 90 100
58 90 100
59 90 100
61 90 100
62 90 100
63 90 100
64 90 100
65 90 100
66 90 100
67 90 100
68 90 100
69 90 100
71 90 100
72 90 100
73 90 100
74 90 100
75 90 100
76 90 100
77 90 100
78 90 100
79 90 100
81 90 100
82 90 100
83 90 100
84 90 100
85 90 100
86 90 100
87 90 100
88 90 100
89 90 100
158 28 100
159 28 100
159 27 100
160 27 100
160 26 100
160 25 100
160 24 100
160 23 100
160 22 100
160 21 100
161 20 100
162 20 100
163 20 100
164 20 100
165 20 100
166 20 100
167 20 100
168 20 100
169 20 100
171 20 100
172 20 100
173 20 100
174 20 100
175 20 100
176 20 100
177 20 100
178 20 100
179 20 100
181 20 100
182 20 100
183 20 100
184 20 100
185 20 100
186 20 100
187 20 100
188 20 100
189 20 100
191 20 100
191 19 100
192 19 100
192 18 100
193 18 100
193 17 100
194 17 100
194 16 100
195 16 100
195 15 100
196 15 100
197 15 100
198 15 100
199 15 100
137 118 100
136 118 100
136 119 100
135 119 100
135 120 100
134 120 100
133 120 100
132 120 100
131 120 100
129 120 100
128 120 100
127 120 100
126 120 100
125 120 100
124 120 100
123 120 100
122 120 100
121 120 100
119 120 100
118 120 100
117 120 100
116 120 100
115 120 100
114 120 100
113 120 100
112 120 100
111 120 100
109 120 100
108 120 100
107 120 100
106 120 100
105 120 100
104 120 100
103 120 100
102 120 100
101 120 100
153 187 100
152 187 100
152 186 100
151 186 100
151 185 100
150 185 100
150 184 100
150 183 100
150 182 100
150 181 100
150 179 100
150 178 100
150 177 100
150 176 100
150 175 100
150 174 100
150 173 100
150 172 100
150 171 100
150 169 100
150 168 100
150 167 100
150 166 100
150 165 100
150 164 100
150 163 100
150 162 100
150 161 100
150 159 100
150 158 100
150 157 100
150 156 100
150 155 100
150 154 100
150 153 100
150 152 100
150 151 100
149 150 100
148 150 100
147 150 100
146 150 100
145 150 100
144 150 100
143 150 100
142 150 100
141 150 100
140 149 100
140 148 100
140 147 100
140 146 100
140 145 100
140 144 100
140 143 100
140 142 100
140 141 100
140 139 100
140 138 100
140 137 100
140 136 100
140 135 100
140 134 100
140 133 100
140 132 100
140 131 100
140 129 100
140 128 100
140 127 100
140 126 100
140 125 100
140 124 100
140 123 100
140 122 100
140 121 100
139 120 100
139 119 100
138 119 100
138 118 100
118 198 100
119 198 100
119 197 100
120 197 100
120 196 100
120 195 100
120 194 100
120 193 100
120 192 100
120 191 100
121 190 100
122 190 100
123 190 100
124 190 100
125 190 100
126 190 100
127 190 100
128 190 100
129 190 100
131 190 100
132 190 100
133 190 100
134 190 100
135 190 100
136 190 100
137 190 100
138 190 100
139 190 100
141 190 100
142 190 100
143 190 100
144 190 100
145 190 100
146 190 100
147 190 100
148 190 100
149 190 100
151 190 100
151 189 100
152 189 100
152 188 100
153 188 100
59 115 100
60 115 100
60 114 100
60 113 100
60 112 100
60 111 100
60 109 100
60 108 100
60 107 100
60 106 100
60 105 100
60 104 100
60 103 100
60 102 100
60 101 100
60 99 100
60 98 100
60 97 100
60 96 100
60 95 100
60 94 100
60 93 100
60 92 100
60 91 100
5 95 100
6 95 100
6 94 100
7 94 100
7 93 100
8 93 100
8 92 100
9 92 100
9 91 100
10 91 100
11 90 100
12 90 100
13 90 100
14 90 100
15 90 100
16 90 100
17 90 100
18 90 100
19 90 100
21 90 100
22 90 100
23 90 100
24 90 100
25 90 100
26 90 100
27 90 100
28 90 100
29 90 100
31 90 100
32 90 100
33 90 100
34 90 100
35 90 100
36 90 100
37 90 100
38 90 100
39 90 100
41 90 100
41 89 100
