# score 84638
20 10 100
30 10 100
40 10 100
50 10 100
60 10 100
70 10 100
80 10 100
90 10 100
100 10 100
20 20 100
30 20 100
40 20 100
50 20 100
60 20 100
70 20 100
80 20 100
90 20 100
100 20 100
20 30 100
30 30 100
40 30 100
50 30 100
60 30 100
70 30 100
80 30 100
90 30 100
100 30 100
20 40 100
30 40 100
40 40 100
50 40 100
60 40 100
70 40 100
80 40 100
90 40 100
100 40 100
20 50 100
30 50 100
40 50 100
50 50 100
60 50 100
70 50 100
80 50 100
90 50 100
100 50 100
20 60 100
30 60 100
40 60 100
50 60 100
60 60 100
70 60 100
80 60 100
90 60 100
100 60 100
20 70 100
30 70 100
40 70 100
50 70 100
60 70 100
70 70 100
80 70 100
90 70 100
100 70 100
20 80 100
30 80 100
40 80 100
50 80 100
60 80 100
70 80 100
80 80 100
90 80 100
100 80 100
20 90 100
30 90 100
40 90 100
50 90 100
60 90 100
70 90 100
80 90 100
90 90 100
100 90 100
140 50 100
150 50 100
160 50 100
170 50 100
180 50 100
190 50 100
140 60 100
150 60 100
160 60 100
170 60 100
180 60 100
190 60 100
140 70 100
150 70 100
160 70 100
170 70 100
180 70 100
190 70 100
140 80 100
150 80 100
160 80 100
170 80 100
180 80 100
190 80 100
140 90 100
150 90 100
160 90 100
170 90 100
180 90 100
190 90 100
140 100 100
150 100 100
160 100 100
170 100 100
180 100 100
190 100 100
140 110 100
150 110 100
160 110 100
170 110 100
180 110 100
190 110 100
140 120 100
150 120 100
160 120 100
170 120 100
180 120 100
190 120 100
140 130 100
150 130 100
160 130 100
170 130 100
180 130 100
190 130 100
90 0 100
100 0 100
110 0 100
120 0 100
130 0 100
140 0 100
150 0 100
160 0 100
170 0 100
100 10 100
110 10 100
120 10 100
130 10 100
140 10 100
150 10 100
160 10 100
170 10 100
90 20 100
100 20 100
110 20 100
120 20 100
130 20 100
140 20 100
150 20 100
160 20 100
170 20 100
90 30 100
110 30 100
120 30 100
130 30 100
140 30 100
150 30 100
160 30 100
170 30 100
110 40 100
120 40 100
130 40 100
140 40 100
150 40 100
160 40 100
170 40 100
110 50 100
120 50 100
130 50 100
140 50 100
160 50 100
170 50 100
90 60 100
100 60 100
110 60 100
120 60 100
130 60 100
140 60 100
150 60 100
160 60 100
70 140 100
80 140 100
90 140 100
100 140 100
110 140 100
120 140 100
130 140 100
140 140 100
150 140 100
70 150 100
80 150 100
90 150 100
100 150 100
110 150 100
120 150 100
130 150 100
140 150 100
150 150 100
70 160 100
80 160 100
90 160 100
100 160 100
110 160 100
120 160 100
130 160 100
140 160 100
150 160 100
70 170 100
80 170 100
90 170 100
100 170 100
110 170 100
120 170 100
130 170 100
140 170 100
150 170 100
70 180 100
80 180 100
90 180 100
100 180 100
110 180 100
120 180 100
130 180 100
140 180 100
150 180 100
70 190 100
80 190 100
90 190 100
100 190 100
110 190 100
120 190 100
130 190 100
140 190 100
150 190 100
0 70 100
10 70 100
40 70 100
50 70 100
60 70 100
0 80 100
10 80 100
40 80 100
50 80 100
0 90 100
10 90 100
40 90 100
50 90 100
0 100 100
10 100 100
20 100 100
30 100 100
40 100 100
50 100 100
60 100 100
0 110 100
10 110 100
20 110 100
30 110 100
40 110 100
50 110 100
60 110 100
0 120 100
10 120 100
20 120 100
30 120 100
40 120 100
50 120 100
60 120 100
0 130 100
10 130 100
20 130 100
30 130 100
40 130 100
50 130 100
60 130 100
0 140 100
10 140 100
20 140 100
30 140 100
40 140 100
50 140 100
60 140 100
0 150 100
10 150 100
20 150 100
30 150 100
40 150 100
50 150 100
60 150 100
136 22 100
136 22 100
136 22 100
135 22 100
135 22 100
135 22 100
135 21 100
135 21 100
134 21 100
134 21 100
134 20 100
134 20 100
133 20 100
133 20 100
132 20 100
132 20 100
131 20 100
129 20 100
128 20 100
127 20 100
126 20 100
125 20 100
124 20 100
123 20 100
122 20 100
121 20 100
119 20 100
118 20 100
117 20 100
116 20 100
116 20 100
115 20 100
115 20 100
114 20 100
114 20 100
114 20 100
113 20 100
113 20 100
113 20 100
112 20 100
112 20 100
112 20 100
112 20 100
111 20 100
111 20 100
111 20 100
111 20 100
111 20 100
110 20 100
110 20 100
110 20 100
110 20 100
109 20 100
109 20 100
109 20 100
109 20 100
109 20 100
108 20 100
108 20 100
108 20 100
108 20 100
108 20 100
107 20 100
107 20 100
107 20 100
107 20 100
106 20 100
106 20 100
106 20 100
106 20 100
105 20 100
105 20 100
105 20 100
104 20 100
104 20 100
104 20 100
103 20 100
103 20 100
102 20 100
102 20 100
101 20 100
101 20 100
100 21 100
100 22 100
100 23 100
100 24 100
100 25 100
100 26 100
100 27 100
100 28 100
100 29 100
100 31 100
100 32 100
100 33 100
100 34 100
100 35 100
100 36 100
100 37 100
100 38 100
100 39 100
99 40 100
98 40 100
97 40 100
96 40 100
95 40 100
94 40 100
93 40 100
92 40 100
91 40 100
89 40 100
88 40 100
87 40 100
86 40 100
85 40 100
84 40 100
83 40 100
82 40 100
81 40 100
79 40 100
78 40 100
77 40 100
76 40 100
75 40 100
74 40 100
73 40 100
72 40 100
71 40 100
69 40 100
69 41 100
68 41 100
68 42 100
68 43 100
68 44 100
68 45 100
68 46 100
68 47 100
68 48 100
68 49 100
68 49 100
68 50 100
68 50 100
110 186 100
110 185 100
110 184 100
110 183 100
110 182 100
110 181 100
109 180 100
108 180 100
107 180 100
106 180 100
105 180 100
104 180 100
103 180 100
102 180 100
101 180 100
100 179 100
100 179 100
100 178 100
100 178 100
100 177 100
100 177 100
100 177 100
100 176 100
100 176 100
100 176 100
100 175 100
100 175 100
100 175 100
100 175 100
100 174 100
100 174 100
100 174 100
100 174 100
100 174 100
100 173 100
100 173 100
100 173 100
100 173 100
100 173 100
100 173 100
100 172 100
100 172 100
100 172 100
100 172 100
100 172 100
100 172 100
100 171 100
100 171 100
100 171 100
100 171 100
100 171 100
100 170 100
100 170 100
100 170 100
100 170 100
100 169 100
100 169 100
100 169 100
100 169 100
100 168 100
100 168 100
100 168 100
100 167 100
100 167 100
100 166 100
100 166 100
100 165 100
100 165 100
100 164 100
100 164 100
100 163 100
100 163 100
100 162 100
100 161 100
100 159 100
100 158 100
100 157 100
100 156 100
100 155 100
100 154 100
100 153 100
100 152 100
100 151 100
99 150 100
98 150 100
97 150 100
96 150 100
95 150 100
94 150 100
93 150 100
92 150 100
91 150 100
89 150 100
88 150 100
87 150 100
86 150 100
85 150 100
84 150 100
83 150 100
82 150 100
81 150 100
79 150 100
78 150 100
77 150 100
76 150 100
75 150 100
74 150 100
73 150 100
72 150 100
71 150 100
69 150 100
68 150 100
67 150 100
66 150 100
65 150 100
64 150 100
63 150 100
62 150 100
61 150 100
59 150 100
58 150 100
57 150 100
56 150 100
55 150 100
54 150 100
53 150 100
52 150 100
51 150 100
49 150 100
48 150 100
47 150 100
46 150 100
45 150 100
44 150 100
43 150 100
42 150 100
41 150 100
39 150 100
38 150 100
37 150 100
36 150 100
35 150 100
34 150 100
33 150 100
32 150 100
31 150 100
30 149 100
30 148 100
30 147 100
30 146 100
30 145 100
30 144 100
30 143 100
30 142 100
30 141 100
30 140 100
30 139 100
30 139 100
30 138 100
30 138 100
30 138 100
30 137 100
30 137 100
30 137 100
30 136 100
30 136 100
30 136 100
30 136 100
30 135 100
30 135 100
30 135 100
30 135 100
30 134 100
30 134 100
30 134 100
30 134 100
30 134 100
30 133 100
30 133 100
30 133 100
30 133 100
30 133 100
30 133 100
30 133 100
30 132 100
30 132 100
30 132 100
30 132 100
30 132 100
30 132 100
30 132 100
30 132 100
30 131 100
30 131 100
30 131 100
30 131 100
30 131 100
30 131 100
30 131 100
30 131 100
30 131 100
30 131 100
30 131 100
30 130 100
30 130 100
30 130 100
30 130 100
30 130 100
30 130 100
30 130 100
30 130 100
30 130 100
30 130 100
30 130 100
30 130 100
30 129 100
30 129 100
30 129 100
30 129 100
30 129 100
30 129 100
30 129 100
30 129 100
30 129 100
30 129 100
30 129 100
30 129 100
30 129 100
30 129 100
30 129 100
30 128 100
30 128 100
30 128 100
30 128 100
30 128 100
30 128 100
30 128 100
30 128 100
30 128 100
30 128 100
30 128 100
30 128 100
30 128 100
30 128 100
30 128 100
30 127 100
30 127 100
30 127 100
30 127 100
30 127 100
30 127 100
30 127 100
30 127 100
30 127 100
30 127 100
30 127 100
30 127 100
30 127 100
30 127 100
30 126 100
30 126 100
30 126 100
30 126 100
30 126 100
30 126 100
30 126 100
30 126 100
30 126 100
30 126 100
30 126 100
30 125 100
30 125 100
30 125 100
30 125 100
30 125 100
30 125 100
30 125 100
30 125 100
30 124 100
30 124 100
30 124 100
30 124 100
30 124 100
30 123 100
30 123 100
30 123 100
30 122 100
30 122 100
30 121 100
30 119 100
30 118 100
30 117 100
30 116 100
30 115 100
30 114 100
30 113 100
30 112 100
30 111 100
30 109 100
30 108 100
30 107 100
30 106 100
30 105 100
30 104 100
30 103 100
30 102 100
30 101 100
30 99 100
30 99 100
30 98 100
30 98 100
30 97 100
30 96 100
30 95 100
30 94 100
30 93 100
30 92 100
30 91 100
30 89 100
30 88 100
30 87 100
30 86 100
30 85 100
30 84 100
30 83 100
30 82 100
30 81 100
30 79 100
30 78 100
30 77 100
30 76 100
30 75 100
30 74 100
30 73 100
30 72 100
30 71 100
31 70 100
31 69 100
32 69 100
32 68 100
33 68 100
33 67 100
34 67 100
34 66 100
35 66 100
35 65 100
36 65 100
36 64 100
37 64 100
37 63 100
38 63 100
38 62 100
39 62 100
39 61 100
40 61 100
41 60 100
42 60 100
43 60 100
44 60 100
45 60 100
46 60 100
47 60 100
48 60 100
49 60 100
50 59 100
50 58 100
50 57 100
50 56 100
50 55 100
50 54 100
50 53 100
50 52 100
50 51 100
51 50 100
52 50 100
53 50 100
54 50 100
55 50 100
56 50 100
57 50 100
58 50 100
59 50 100
61 50 100
62 50 100
63 50 100
64 50 100
65 50 100
66 50 100
67 50 100
67 50 100
24 118 100
25 118 100
25 119 100
26 119 100
26 120 100
27 120 100
28 120 100
29 120 100
