# score 116424
150 60 100
160 60 100
170 60 100
180 60 100
190 60 100
150 70 100
160 70 100
170 70 100
180 70 100
190 70 100
150 80 100
160 80 100
170 80 100
180 80 100
190 80 100
150 90 100
160 90 100
170 90 100
180 90 100
190 90 100
150 100 100
160 100 100
170 100 100
180 100 100
190 100 100
150 110 100
160 110 100
170 110 100
180 110 100
190 110 100
150 120 100
160 120 100
170 120 100
180 120 100
190 120 100
150 130 100
160 130 100
170 130 100
180 130 100
190 130 100
150 140 100
160 140 100
170 140 100
180 140 100
190 140 100
50 90 100
60 90 100
70 90 100
80 90 100
90 90 100
100 90 100
110 90 100
120 90 100
130 90 100
50 100 100
60 100 100
70 100 100
80 100 100
90 100 100
100 100 100
110 100 100
120 100 100
130 100 100
50 110 100
60 110 100
70 110 100
80 110 100
90 110 100
100 110 100
110 110 100
120 110 100
130 110 100
50 120 100
60 120 100
70 120 100
80 120 100
90 120 100
100 120 100
110 120 100
120 120 100
130 120 100
50 130 100
60 130 100
70 130 100
80 130 100
90 130 100
100 130 100
110 130 100
120 130 100
130 130 100
50 140 100
60 140 100
70 140 100
80 140 100
90 140 100
100 140 100
110 140 100
120 140 100
130 140 100
50 150 100
60 150 100
70 150 100
80 150 100
90 150 100
100 150 100
110 150 100
120 150 100
130 150 100
50 160 100
60 160 100
70 160 100
80 160 100
90 160 100
100 160 100
110 160 100
120 160 100
130 160 100
50 170 100
60 170 100
70 170 100
80 170 100
90 170 100
100 170 100
110 170 100
120 170 100
130 170 100
70 30 100
80 30 100
90 30 100
100 30 100
110 30 100
120 30 100
130 30 100
140 30 100
150 30 100
70 40 100
80 40 100
90 40 100
100 40 100
110 40 100
120 40 100
130 40 100
140 40 100
150 40 100
70 50 100
80 50 100
90 50 100
100 50 100
110 50 100
120 50 100
130 50 100
140 50 100
150 50 100
70 60 100
80 60 100
90 60 100
100 60 100
110 60 100
120 60 100
130 60 100
140 60 100
150 60 100
70 70 100
80 70 100
90 70 100
100 70 100
110 70 100
120 70 100
130 70 100
140 70 100
70 80 100
80 80 100
90 80 100
100 80 100
110 80 100
120 80 100
130 80 100
140 80 100
80 90 100
90 90 100
100 90 100
140 90 100
80 100 100
90 100 100
100 100 100
130 100 100
140 100 100
150 100 100
90 110 100
100 110 100
120 110 100
130 110 100
140 110 100
150 110 100
150 0 100
160 0 100
170 0 100
180 0 100
190 0 100
150 10 100
160 10 100
170 10 100
180 10 100
190 10 100
150 20 100
160 20 100
170 20 100
180 20 100
190 20 100
160 30 100
170 30 100
180 30 100
190 30 100
160 40 100
170 40 100
180 40 100
190 40 100
0 150 100
10 150 100
20 150 100
30 150 100
40 150 100
0 160 100
10 160 100
20 160 100
30 160 100
40 160 100
80 160 100
0 170 100
10 170 100
20 170 100
30 170 100
40 170 100
50 170 100
80 170 100
0 180 100
10 180 100
20 180 100
30 180 100
40 180 100
50 180 100
60 180 100
70 180 100
80 180 100
0 190 100
10 190 100
20 190 100
30 190 100
40 190 100
50 190 100
60 190 100
70 190 100
80 190 100
0 10 100
10 10 100
20 10 100
30 10 100
40 10 100
50 10 100
0 20 100
10 20 100
20 20 100
30 20 100
40 20 100
50 20 100
0 30 100
10 30 100
20 30 100
30 30 100
40 30 100
50 30 100
0 40 100
10 40 100
20 40 100
30 40 100
40 40 100
50 40 100
0 50 100
10 50 100
20 50 100
30 50 100
40 50 100
50 50 100
0 60 100
10 60 100
20 60 100
30 60 100
40 60 100
50 60 100
0 70 100
10 70 100
20 70 100
30 70 100
40 70 100
50 70 100
0 80 100
10 80 100
20 80 100
30 80 100
40 80 100
50 80 100
0 90 100
10 90 100
20 90 100
30 90 100
40 90 100
110 140 100
120 140 100
130 140 100
140 140 100
150 140 100
190 140 100
110 150 100
120 150 100
140 150 100
150 150 100
160 150 100
170 150 100
180 150 100
190 150 100
110 160 100
120 160 100
140 160 100
150 160 100
160 160 100
170 160 100
180 160 100
190 160 100
110 170 100
120 170 100
130 170 100
140 170 100
150 170 100
160 170 100
170 170 100
180 170 100
190 170 100
110 180 100
120 180 100
130 180 100
140 180 100
150 180 100
160 180 100
170 180 100
180 180 100
190 180 100
110 190 100
120 190 100
130 190 100
140 190 100
150 190 100
160 190 100
170 190 100
180 190 100
190 190 100
47 197 100
48 197 100
48 196 100
49 196 100
49 195 100
50 195 100
50 194 100
50 193 100
50 192 100
50 191 100
51 190 100
51 189 100
52 189 100
52 188 100
53 188 100
53 187 100
54 187 100
54 186 100
55 186 100
55 185 100
56 185 100
56 184 100
57 184 100
57 183 100
58 183 100
58 182 100
59 182 100
59 181 100
60 181 100
60 179 100
60 178 100
60 177 100
60 176 100
60 175 100
60 174 100
60 173 100
60 172 100
60 171 100
60 169 100
60 168 100
60 167 100
60 166 100
60 165 100
60 164 100
60 163 100
60 162 100
60 161 100
60 159 100
60 158 100
60 157 100
60 156 100
60 155 100
60 154 100
60 153 100
60 152 100
60 151 100
60 149 100
60 148 100
60 147 100
60 146 100
60 145 100
60 144 100
60 143 100
60 142 100
60 141 100
61 140 100
62 140 100
63 140 100
64 140 100
65 140 100
66 140 100
67 140 100
68 140 100
69 140 100
71 140 100
72 140 100
73 140 100
74 140 100
74 140 100
75 140 100
75 140 100
76 140 100
76 140 100
76 140 100
77 140 100
77 140 100
77 140 100
77 140 100
78 140 100
78 140 100
78 140 100
78 140 100
78 140 100
79 140 100
79 140 100
79 140 100
79 140 100
79 140 100
79 140 100
79 140 100
80 140 100
80 140 100
80 140 100
80 140 100
80 140 100
80 140 100
80 140 100
80 140 100
81 140 100
81 140 100
81 140 100
81 140 100
81 140 100
81 140 100
81 140 100
81 140 100
81 140 100
81 140 100
81 140 100
82 140 100
82 140 100
82 140 100
82 140 100
82 140 100
82 140 100
82 140 100
82 140 100
82 140 100
82 140 100
82 140 100
83 140 100
83 140 100
83 140 100
83 140 100
83 140 100
83 140 100
83 140 100
83 140 100
83 140 100
83 140 100
83 140 100
84 140 100
84 140 100
84 140 100
84 140 100
84 140 100
84 140 100
84 140 100
84 140 100
84 140 100
85 140 100
85 140 100
85 140 100
85 140 100
85 140 100
85 140 100
85 140 100
86 140 100
86 140 100
86 140 100
86 140 100
86 140 100
87 140 100
87 140 100
87 140 100
88 140 100
88 140 100
89 140 100
89 140 100
91 140 100
91 139 100
92 139 100
92 138 100
93 138 100
94 138 100
14 54 100
15 54 100
15 53 100
16 53 100
16 52 100
17 52 100
17 51 100
18 51 100
18 50 100
19 50 100
21 50 100
22 50 100
23 50 100
24 50 100
25 50 100
26 50 100
27 50 100
28 50 100
29 50 100
31 50 100
32 50 100
33 50 100
34 50 100
35 50 100
36 50 100
37 50 100
38 50 100
39 50 100
40 51 100
40 52 100
40 53 100
40 54 100
40 55 100
40 56 100
40 57 100
40 58 100
40 59 100
41 60 100
42 60 100
43 60 100
44 60 100
45 60 100
46 60 100
47 60 100
48 60 100
49 60 100
50 61 100
50 62 100
50 63 100
50 64 100
50 64 100
50 65 100
50 65 100
50 66 100
50 66 100
50 67 100
50 67 100
50 68 100
50 68 100
50 68 100
50 69 100
50 69 100
50 69 100
50 70 100
50 70 100
50 71 100
50 71 100
50 71 100
50 72 100
50 72 100
50 72 100
50 72 100
50 73 100
50 73 100
50 73 100
50 73 100
50 74 100
50 74 100
50 74 100
50 75 100
50 75 100
50 75 100
50 76 100
50 76 100
50 77 100
50 77 100
50 78 100
50 79 100
50 81 100
50 82 100
50 83 100
50 84 100
50 85 100
50 86 100
50 87 100
50 88 100
50 89 100
51 90 100
52 90 100
53 90 100
54 90 100
55 90 100
56 90 100
57 90 100
58 90 100
59 90 100
61 90 100
62 90 100
63 90 100
64 90 100
65 90 100
66 90 100
67 90 100
68 90 100
69 90 100
70 91 100
70 92 100
70 93 100
70 94 100
70 95 100
70 96 100
70 97 100
70 98 100
70 99 100
70 101 100
70 102 100
70 102 100
70 103 100
70 103 100
70 104 100
70 104 100
70 105 100
70 105 100
70 106 100
70 106 100
70 107 100
70 107 100
70 108 100
70 109 100
71 110 100
72 110 100
73 110 100
74 110 100
75 110 100
76 110 100
77 110 100
78 110 100
79 110 100
81 110 100
82 110 100
83 110 100
84 110 100
85 110 100
86 110 100
87 110 100
88 110 100
89 110 100
90 111 100
90 111 100
90 112 100
90 112 100
90 113 100
90 113 100
90 114 100
90 114 100
90 115 100
90 115 100
90 116 100
90 116 100
90 117 100
90 117 100
90 118 100
90 118 100
90 119 100
90 119 100
90 121 100
90 122 100
90 123 100
90 124 100
90 125 100
90 126 100
90 127 100
90 128 100
90 129 100
90 131 100
90 131 100
90 132 100
90 132 100
90 133 100
90 133 100
90 134 100
90 134 100
90 135 100
90 135 100
90 136 100
90 136 100
90 137 100
90 137 100
90 138 100
90 138 100
90 139 100
158 181 100
157 181 100
157 180 100
156 180 100
155 180 100
154 180 100
153 180 100
152 180 100
151 180 100
150 179 100
150 178 100
150 177 100
150 176 100
150 175 100
150 174 100
150 173 100
150 172 100
150 171 100
150 169 100
150 168 100
150 167 100
150 166 100
150 165 100
150 164 100
150 163 100
150 162 100
150 161 100
150 159 100
150 158 100
150 157 100
150 156 100
150 155 100
150 154 100
150 153 100
150 152 100
150 151 100
151 150 100
152 150 100
153 150 100
154 150 100
155 150 100
156 150 100
157 150 100
158 150 100
159 150 100
160 149 100
160 148 100
160 147 100
160 146 100
160 145 100
160 144 100
160 143 100
160 142 100
160 141 100
160 139 100
160 138 100
160 137 100
160 136 100
160 135 100
160 134 100
160 133 100
160 132 100
160 131 100
161 130 100
162 130 100
163 130 100
164 130 100
165 130 100
166 130 100
167 130 100
168 130 100
169 130 100
171 130 100
172 130 100
173 130 100
174 130 100
175 130 100
176 130 100
177 130 100
178 130 100
179 130 100
180 129 100
180 128 100
180 127 100
180 126 100
180 125 100
180 124 100
180 123 100
180 122 100
180 121 100
180 119 100
180 118 100
180 117 100
180 116 100
180 115 100
180 114 100
180 113 100
180 112 100
180 111 100
181 110 100
181 109 100
182 109 100
182 108 100
183 108 100
183 108 100
183 107 100
183 107 100
184 107 100
184 107 100
184 107 100
184 106 100
184 106 100
184 106 100
185 106 100
185 106 100
185 106 100
185 106 100
185 105 100
185 105 100
185 105 100
186 105 100
186 105 100
186 105 100
186 105 100
186 104 100
186 104 100
186 104 100
187 104 100
187 104 100
187 104 100
187 103 100
187 103 100
188 103 100
188 102 100
189 102 100
189 101 100
190 101 100
191 100 100
191 101 100
192 101 100
192 102 100
193 102 100
193 103 100
194 103 100
194 104 100
195 104 100
195 105 100
196 105 100
196 106 100
197 106 100
198 106 100
