# score 369588
50 50 100
60 50 100
70 50 100
80 50 100
90 50 100
100 50 100
110 50 100
120 50 100
130 50 100
50 60 100
60 60 100
70 60 100
80 60 100
90 60 100
100 60 100
110 60 100
120 60 100
130 60 100
50 70 100
60 70 100
70 70 100
80 70 100
90 70 100
100 70 100
110 70 100
120 70 100
130 70 100
50 80 100
60 80 100
70 80 100
80 80 100
90 80 100
100 80 100
110 80 100
120 80 100
130 80 100
50 90 100
60 90 100
70 90 100
80 90 100
90 90 100
100 90 100
110 90 100
120 90 100
130 90 100
50 100 100
60 100 100
70 100 100
80 100 100
90 100 100
100 100 100
110 100 100
120 100 100
130 100 100
50 110 100
60 110 100
70 110 100
80 110 100
90 110 100
100 110 100
110 110 100
120 110 100
130 110 100
50 120 100
60 120 100
70 120 100
80 120 100
90 120 100
100 120 100
110 120 100
120 120 100
130 120 100
50 130 100
60 130 100
70 130 100
80 130 100
90 130 100
100 130 100
110 130 100
120 130 100
130 130 100
110 50 100
120 50 100
130 50 100
140 50 100
150 50 100
160 50 100
170 50 100
180 50 100
100 60 100
110 60 100
120 60 100
130 60 100
140 60 100
150 60 100
160 60 100
170 60 100
180 60 100
100 70 100
120 70 100
130 70 100
140 70 100
150 70 100
160 70 100
170 70 100
180 70 100
120 80 100
130 80 100
140 80 100
150 80 100
160 80 100
170 80 100
180 80 100
130 90 100
140 90 100
150 90 100
160 90 100
170 90 100
180 90 100
140 100 100
150 100 100
160 100 100
170 100 100
180 100 100
120 110 100
130 110 100
140 110 100
150 110 100
160 110 100
170 110 100
180 110 100
110 120 100
120 120 100
130 120 100
140 120 100
150 120 100
160 120 100
170 120 100
180 120 100
100 130 100
110 130 100
120 130 100
130 130 100
140 130 100
150 130 100
160 130 100
170 130 100
180 130 100
0 110 100
10 110 100
20 110 100
30 110 100
40 110 100
0 120 100
10 120 100
20 120 100
30 120 100
40 120 100
0 130 100
10 130 100
20 130 100
30 130 100
40 130 100
0 140 100
10 140 100
20 140 100
30 140 100
40 140 100
0 150 100
10 150 100
20 150 100
30 150 100
40 150 100
0 160 100
10 160 100
20 160 100
30 160 100
40 160 100
0 170 100
10 170 100
20 170 100
30 170 100
40 170 100
0 180 100
10 180 100
20 180 100
30 180 100
40 180 100
0 190 100
10 190 100
20 190 100
30 190 100
40 190 100
140 120 100
150 120 100
160 120 100
170 120 100
180 120 100
190 120 100
140 130 100
150 130 100
160 130 100
170 130 100
180 130 100
190 130 100
140 140 100
150 140 100
160 140 100
170 140 100
180 140 100
190 140 100
140 150 100
150 150 100
160 150 100
170 150 100
180 150 100
190 150 100
140 160 100
150 160 100
160 160 100
170 160 100
180 160 100
190 160 100
140 170 100
150 170 100
160 170 100
170 170 100
180 170 100
190 170 100
140 180 100
150 180 100
160 180 100
170 180 100
180 180 100
190 180 100
140 190 100
150 190 100
160 190 100
170 190 100
180 190 100
190 190 100
0 0 100
10 0 100
20 0 100
30 0 100
40 0 100
50 0 100
0 10 100
10 10 100
20 10 100
30 10 100
40 10 100
50 10 100
0 20 100
10 20 100
20 20 100
30 20 100
40 20 100
50 20 100
0 30 100
10 30 100
20 30 100
30 30 100
40 30 100
50 30 100
0 40 100
10 40 100
20 40 100
30 40 100
40 40 100
50 40 100
20 10 100
30 10 100
40 10 100
0 20 100
10 20 100
20 20 100
30 20 100
40 20 100
0 30 100
10 30 100
20 30 100
40 30 100
0 40 100
10 40 100
40 40 100
0 50 100
10 50 100
20 50 100
30 50 100
40 50 100
0 60 100
10 60 100
20 60 100
30 60 100
40 60 100
0 70 100
10 70 100
20 70 100
30 70 100
40 70 100
0 80 100
10 80 100
20 80 100
30 80 100
40 80 100
0 90 100
10 90 100
20 90 100
30 90 100
40 90 100
40 20 100
50 20 100
60 20 100
70 20 100
80 20 100
90 20 100
100 20 100
110 20 100
120 20 100
40 30 100
50 30 100
60 30 100
70 30 100
80 30 100
90 30 100
100 30 100
110 30 100
120 30 100
40 40 100
50 40 100
60 40 100
70 40 100
80 40 100
90 40 100
100 40 100
110 40 100
120 40 100
110 50 100
120 50 100
100 60 100
110 60 100
120 60 100
80 70 100
90 70 100
100 70 100
120 70 100
40 80 100
60 80 100
70 80 100
80 80 100
90 80 100
50 90 100
60 90 100
70 90 100
80 90 100
90 90 100
40 100 100
50 100 100
60 100 100
70 100 100
80 100 100
40 0 100
50 0 100
60 0 100
70 0 100
80 0 100
90 0 100
100 0 100
110 0 100
120 0 100
40 10 100
50 10 100
60 10 100
70 10 100
80 10 100
90 10 100
100 10 100
110 10 100
120 10 100
40 20 100
50 20 100
60 20 100
70 20 100
40 30 100
50 30 100
60 30 100
70 30 100
120 30 100
50 40 100
60 40 100
110 40 100
120 40 100
110 50 100
120 50 100
110 60 100
120 60 100
60 120 100
70 120 100
110 120 100
120 120 100
130 120 100
140 120 100
60 130 100
70 130 100
80 130 100
90 130 100
100 130 100
110 130 100
120 130 100
130 130 100
140 130 100
60 140 100
70 140 100
80 140 100
90 140 100
100 140 100
110 140 100
120 140 100
130 140 100
140 140 100
60 150 100
70 150 100
80 150 100
90 150 100
100 150 100
110 150 100
120 150 100
130 150 100
140 150 100
60 160 100
70 160 100
80 160 100
90 160 100
100 160 100
110 160 100
120 160 100
130 160 100
140 160 100
60 170 100
70 170 100
80 170 100
90 170 100
100 170 100
110 170 100
120 170 100
130 170 100
140 170 100
60 180 100
70 180 100
80 180 100
90 180 100
100 180 100
110 180 100
120 180 100
130 180 100
140 180 100
60 190 100
70 190 100
80 190 100
90 190 100
100 190 100
110 190 100
120 190 100
130 190 100
140 190 100
70 0 100
130 0 100
140 0 100
150 0 100
70 10 100
130 10 100
140 10 100
150 10 100
70 20 100
130 20 100
140 20 100
150 20 100
70 30 100
120 30 100
130 30 100
140 30 100
150 30 100
110 40 100
120 40 100
130 40 100
140 40 100
150 40 100
110 50 100
120 50 100
130 50 100
140 50 100
150 50 100
110 60 100
120 60 100
130 60 100
140 60 100
150 60 100
20 80 100
30 80 100
70 80 100
80 80 100
90 80 100
30 90 100
50 90 100
60 90 100
70 90 100
80 90 100
10 100 100
20 100 100
30 100 100
40 100 100
50 100 100
60 100 100
70 100 100
80 100 100
10 110 100
40 110 100
50 110 100
60 110 100
70 110 100
10 120 100
20 120 100
30 120 100
40 120 100
50 120 100
60 120 100
70 120 100
30 130 100
40 130 100
50 130 100
60 130 100
90 130 100
50 140 100
60 140 100
70 140 100
80 140 100
90 140 100
40 150 100
50 150 100
80 150 100
90 150 100
30 160 100
40 160 100
50 160 100
0 50 100
0 60 100
10 60 100
0 70 100
20 70 100
30 70 100
20 80 100
30 80 100
30 90 100
0 100 100
40 100 100
0 110 100
10 110 100
40 110 100
0 120 100
10 120 100
20 120 100
30 120 100
40 120 100
0 130 100
40 130 100
185 163 100
184 163 100
184 162 100
183 162 100
183 161 100
182 161 100
182 160 100
181 160 100
180 159 100
180 158 100
180 157 100
180 156 100
180 155 100
180 154 100
180 153 100
180 152 100
180 151 100
180 149 100
180 148 100
180 147 100
180 146 100
180 145 100
180 144 100
180 143 100
180 142 100
180 141 100
180 141 100
180 140 100
180 139 100
180 139 100
180 139 100
180 138 100
180 138 100
180 138 100
180 138 100
180 138 100
180 137 100
180 137 100
180 137 100
180 137 100
180 137 100
180 137 100
180 136 100
180 136 100
180 136 100
180 136 100
180 136 100
180 136 100
180 136 100
180 136 100
180 135 100
180 135 100
180 135 100
180 135 100
180 135 100
180 135 100
180 135 100
180 135 100
180 135 100
180 135 100
180 135 100
180 134 100
180 134 100
180 134 100
180 134 100
180 134 100
180 134 100
180 134 100
180 134 100
180 134 100
180 134 100
180 134 100
180 134 100
180 134 100
180 134 100
180 133 100
180 133 100
180 133 100
180 133 100
180 133 100
180 133 100
180 133 100
180 133 100
180 133 100
180 133 100
180 133 100
180 133 100
180 133 100
180 133 100
180 133 100
180 133 100
180 133 100
180 132 100
180 132 100
180 132 100
180 132 100
180 132 100
180 132 100
180 132 100
180 132 100
180 132 100
180 132 100
180 132 100
180 132 100
180 132 100
180 132 100
180 132 100
180 132 100
180 132 100
180 132 100
180 132 100
180 131 100
180 131 100
180 131 100
180 131 100
180 131 100
180 131 100
180 131 100
180 131 100
180 131 100
180 131 100
180 131 100
180 131 100
180 131 100
180 131 100
180 131 100
180 131 100
180 131 100
180 131 100
180 131 100
180 131 100
180 130 100
180 130 100
180 130 100
180 130 100
180 130 100
180 130 100
180 130 100
180 130 100
180 130 100
180 130 100
180 130 100
180 130 100
180 130 100
180 130 100
180 130 100
180 130 100
180 130 100
180 130 100
180 129 100
180 129 100
180 129 100
180 129 100
180 129 100
180 129 100
180 129 100
180 129 100
180 129 100
180 129 100
180 129 100
180 129 100
180 129 100
180 129 100
180 129 100
180 129 100
180 129 100
180 129 100
180 129 100
180 128 100
180 128 100
180 128 100
180 128 100
180 128 100
180 128 100
180 128 100
180 128 100
180 128 100
180 128 100
180 128 100
180 128 100
180 128 100
180 128 100
180 128 100
180 128 100
180 128 100
180 127 100
180 127 100
180 127 100
180 127 100
180 127 100
180 127 100
180 127 100
180 127 100
180 127 100
180 127 100
180 127 100
180 127 100
180 127 100
180 127 100
180 127 100
180 126 100
180 126 100
180 126 100
180 126 100
180 126 100
180 126 100
180 126 100
180 126 100
180 126 100
180 126 100
180 126 100
180 126 100
180 126 100
180 125 100
180 125 100
180 125 100
180 125 100
180 125 100
180 125 100
180 125 100
180 125 100
180 125 100
180 125 100
180 125 100
180 124 100
180 124 100
180 124 100
180 124 100
180 124 100
180 124 100
180 124 100
180 124 100
180 124 100
180 123 100
180 123 100
180 123 100
180 123 100
180 123 100
180 123 100
180 123 100
180 123 100
180 122 100
180 122 100
180 122 100
180 122 100
180 122 100
180 122 100
180 122 100
180 122 100
180 121 100
180 121 100
180 121 100
180 121 100
180 121 100
180 121 100
180 121 100
180 120 100
180 120 100
180 120 100
180 120 100
180 120 100
180 119 100
180 119 100
180 119 100
180 119 100
180 119 100
180 119 100
180 118 100
180 118 100
180 118 100
180 118 100
180 118 100
180 117 100
180 117 100
180 117 100
180 117 100
180 116 100
180 116 100
180 116 100
180 115 100
180 115 100
180 114 100
180 114 100
180 113 100
180 112 100
180 111 100
180 109 100
180 108 100
180 107 100
180 106 100
180 105 100
180 104 100
180 103 100
180 102 100
180 101 100
179 100 100
178 100 100
177 100 100
176 100 100
175 100 100
174 100 100
173 100 100
172 100 100
171 100 100
169 100 100
168 100 100
167 100 100
166 100 100
165 100 100
164 100 100
163 100 100
162 100 100
161 100 100
159 100 100
158 100 100
157 100 100
156 100 100
155 100 100
154 100 100
153 100 100
152 100 100
151 100 100
149 100 100
149 99 100
149 98 100
149 97 100
149 96 100
149 95 100
149 94 100
149 93 100
149 92 100
13 5 100
12 5 100
12 6 100
11 6 100
11 7 100
10 7 100
10 8 100
10 9 100
10 11 100
10 12 100
10 13 100
10 13 100
10 14 100
10 14 100
10 14 100
10 15 100
10 15 100
10 15 100
10 15 100
10 16 100
10 16 100
10 16 100
10 16 100
10 16 100
10 16 100
10 17 100
10 17 100
10 17 100
10 17 100
10 17 100
10 17 100
10 17 100
10 17 100
10 18 100
10 18 100
10 18 100
10 18 100
10 18 100
10 18 100
10 18 100
10 18 100
10 18 100
10 18 100
10 18 100
10 19 100
10 19 100
10 19 100
10 19 100
10 19 100
10 19 100
10 19 100
10 19 100
10 19 100
10 19 100
10 19 100
10 19 100
10 19 100
10 20 100
10 20 100
10 20 100
10 20 100
10 20 100
10 20 100
10 20 100
10 20 100
10 20 100
10 20 100
10 20 100
10 20 100
10 21 100
10 21 100
10 21 100
10 21 100
10 21 100
10 21 100
10 21 100
10 21 100
10 21 100
10 21 100
10 21 100
10 21 100
10 21 100
10 21 100
10 22 100
10 22 100
10 22 100
10 22 100
10 22 100
10 22 100
10 22 100
10 22 100
10 22 100
10 22 100
10 22 100
10 22 100
10 22 100
10 23 100
10 23 100
10 23 100
10 23 100
10 23 100
10 23 100
10 23 100
10 23 100
10 23 100
10 23 100
10 23 100
10 23 100
10 24 100
10 24 100
10 24 100
10 24 100
10 24 100
10 24 100
10 24 100
10 24 100
10 24 100
10 24 100
10 25 100
10 25 100
10 25 100
10 25 100
10 25 100
10 25 100
10 25 100
10 25 100
10 25 100
10 26 100
10 26 100
10 26 100
10 26 100
10 26 100
10 26 100
10 26 100
10 26 100
10 27 100
10 27 100
10 27 100
10 27 100
10 27 100
10 27 100
10 28 100
10 28 100
10 28 100
10 28 100
10 29 100
10 29 100
10 29 100
10 29 100
10 30 100
10 31 100
10 31 100
10 31 100
10 32 100
10 32 100
10 32 100
10 33 100
10 33 100
10 33 100
10 34 100
10 34 100
10 34 100
10 35 100
10 35 100
10 35 100
10 36 100
10 36 100
10 36 100
10 37 100
10 37 100
10 37 100
10 38 100
10 38 100
10 38 100
10 39 100
10 39 100
10 39 100
11 40 100
11 40 100
12 40 100
13 40 100
14 40 100
15 40 100
16 40 100
17 40 100
18 40 100
19 40 100
21 40 100
22 40 100
23 40 100
24 40 100
25 40 100
26 40 100
27 40 100
28 40 100
29 40 100
30 41 100
30 42 100
30 43 100
30 44 100
30 45 100
30 46 100
30 47 100
30 48 100
30 49 100
31 50 100
32 50 100
33 50 100
34 50 100
35 50 100
36 50 100
37 50 100
38 50 100
39 50 100
41 50 100
42 50 100
43 50 100
44 50 100
45 50 100
46 50 100
47 50 100
48 50 100
49 50 100
51 50 100
52 50 100
53 50 100
54 50 100
55 50 100
56 50 100
57 50 100
58 50 100
59 50 100
61 50 100
62 50 100
63 50 100
64 50 100
65 50 100
66 50 100
67 50 100
68 50 100
69 50 100
71 50 100
72 50 100
73 50 100
74 50 100
75 50 100
76 50 100
77 50 100
78 50 100
79 50 100
80 51 100
80 52 100
80 53 100
80 54 100
80 55 100
80 56 100
80 57 100
80 58 100
80 59 100
81 60 100
82 60 100
83 60 100
84 60 100
85 60 100
86 60 100
87 60 100
88 60 100
89 60 100
91 60 100
92 60 100
93 60 100
94 60 100
95 60 100
95 60 100
96 60 100
96 60 100
97 60 100
97 60 100
98 60 100
98 60 100
99 60 100
99 60 100
99 60 100
100 61 100
100 61 100
100 61 100
100 62 100
100 62 100
100 62 100
100 63 100
100 63 100
100 64 100
100 64 100
100 65 100
100 65 100
100 66 100
100 66 100
100 67 100
100 67 100
100 67 100
100 68 100
100 68 100
100 68 100
100 69 100
100 69 100
100 69 100
100 71 100
100 71 100
100 72 100
100 72 100
100 73 100
100 74 100
100 75 100
100 76 100
100 77 100
100 78 100
100 79 100
100 81 100
100 82 100
100 83 100
100 84 100
100 85 100
100 86 100
100 87 100
100 88 100
100 89 100
99 90 100
99 91 100
98 91 100
98 92 100
98 93 100
98 94 100
98 95 100
98 96 100
98 97 100
9 56 100
9 56 100
10 56 100
10 55 100
10 54 100
10 53 100
10 52 100
10 51 100
10 49 100
10 48 100
10 47 100
10 46 100
10 45 100
10 44 100
10 43 100
10 42 100
10 41 100
10 41 100
89 64 100
89 64 100
90 64 100
90 64 100
90 63 100
90 63 100
90 62 100
90 61 100
87 29 100
86 29 100
86 30 100
85 30 100
84 30 100
83 30 100
82 30 100
81 30 100
80 31 100
80 32 100
80 33 100
80 34 100
80 35 100
80 36 100
80 37 100
80 38 100
80 39 100
80 41 100
80 42 100
80 43 100
80 44 100
80 45 100
80 46 100
80 47 100
80 48 100
80 49 100
101 164 100
100 164 100
100 163 100
100 162 100
100 161 100
100 159 100
100 158 100
100 157 100
100 156 100
100 155 100
100 154 100
100 153 100
100 152 100
100 151 100
100 149 100
100 148 100
100 147 100
100 147 100
100 146 100
100 146 100
100 146 100
100 145 100
100 145 100
100 145 100
100 145 100
100 144 100
100 144 100
100 144 100
100 144 100
100 144 100
100 143 100
100 143 100
100 143 100
100 143 100
100 143 100
100 143 100
100 143 100
100 142 100
100 142 100
100 142 100
100 142 100
100 142 100
100 142 100
100 142 100
100 142 100
100 141 100
100 141 100
100 141 100
100 141 100
100 141 100
100 141 100
100 141 100
100 141 100
100 141 100
100 140 100
100 140 100
100 140 100
100 140 100
100 140 100
100 140 100
100 140 100
100 140 100
100 139 100
100 139 100
100 139 100
100 139 100
100 139 100
100 139 100
100 139 100
100 139 100
100 139 100
100 138 100
100 138 100
100 138 100
100 138 100
100 138 100
100 138 100
100 138 100
100 138 100
100 137 100
100 137 100
100 137 100
100 137 100
100 137 100
100 137 100
100 137 100
100 136 100
100 136 100
100 136 100
100 136 100
100 136 100
100 136 100
100 135 100
100 135 100
100 135 100
100 135 100
100 135 100
100 135 100
100 134 100
100 134 100
100 134 100
100 134 100
100 134 100
100 133 100
100 133 100
100 133 100
100 133 100
100 132 100
100 132 100
100 132 100
100 131 100
100 131 100
100 131 100
100 129 100
100 129 100
100 129 100
100 128 100
100 128 100
100 128 100
100 127 100
100 127 100
100 127 100
100 126 100
100 126 100
100 126 100
100 125 100
100 125 100
100 125 100
100 124 100
100 124 100
100 123 100
100 123 100
100 122 100
100 121 100
100 119 100
100 118 100
100 117 100
100 116 100
100 115 100
100 114 100
100 113 100
100 112 100
100 111 100
100 109 100
100 108 100
100 107 100
100 106 100
100 105 100
100 104 100
100 103 100
100 102 100
100 101 100
99 100 100
99 99 100
98 99 100
98 98 100
119 21 100
118 21 100
118 20 100
117 20 100
116 20 100
115 20 100
114 20 100
113 20 100
112 20 100
111 20 100
109 20 100
108 20 100
107 20 100
106 20 100
105 20 100
104 20 100
103 20 100
102 20 100
101 20 100
100 21 100
100 22 100
100 23 100
100 24 100
100 25 100
100 26 100
100 27 100
100 28 100
100 29 100
99 30 100
98 30 100
97 30 100
96 30 100
95 30 100
94 30 100
93 30 100
92 30 100
91 30 100
89 30 100
89 29 100
88 29 100
59 120 100
59 120 100
59 120 100
59 120 100
59 120 100
59 120 100
59 120 100
59 120 100
60 120 100
60 120 100
60 120 100
60 120 100
61 120 100
61 120 100
61 120 100
61 120 100
61 120 100
61 120 100
61 120 100
62 120 100
62 120 100
62 120 100
62 120 100
62 120 100
62 120 100
63 120 100
63 120 100
63 120 100
63 120 100
63 120 100
63 120 100
64 120 100
64 120 100
64 120 100
64 120 100
64 120 100
64 120 100
65 120 100
65 120 100
65 120 100
65 120 100
65 120 100
65 120 100
66 120 100
66 120 100
66 120 100
66 120 100
66 120 100
66 120 100
67 120 100
67 120 100
67 120 100
67 120 100
67 120 100
68 120 100
68 120 100
68 120 100
68 120 100
69 120 100
69 120 100
69 120 100
71 120 100
71 120 100
72 120 100
72 120 100
73 120 100
74 120 100
75 120 100
76 120 100
77 120 100
78 120 100
79 120 100
81 120 100
82 120 100
83 120 100
84 120 100
85 120 100
86 120 100
87 120 100
88 120 100
89 120 100
91 120 100
92 120 100
93 120 100
94 120 100
95 120 100
96 120 100
97 120 100
98 120 100
99 120 100
9 96 100
10 96 100
10 95 100
10 94 100
10 93 100
10 92 100
10 91 100
10 89 100
10 88 100
10 87 100
10 86 100
10 85 100
10 84 100
10 83 100
10 82 100
10 81 100
10 79 100
10 78 100
10 77 100
10 76 100
10 75 100
10 74 100
10 73 100
10 72 100
10 71 100
9 70 100
9 69 100
9 68 100
9 67 100
9 66 100
9 65 100
9 65 100
9 64 100
9 64 100
9 63 100
9 63 100
9 62 100
9 62 100
9 61 100
9 61 100
9 61 100
9 60 100
9 60 100
9 60 100
9 59 100
9 59 100
9 59 100
9 58 100
9 58 100
9 57 100
9 57 100
