# score 83200
10 0 100
20 0 100
30 0 100
40 0 100
50 0 100
60 0 100
70 0 100
80 0 100
90 0 100
10 10 100
20 10 100
30 10 100
40 10 100
50 10 100
60 10 100
70 10 100
80 10 100
90 10 100
10 20 100
20 20 100
30 20 100
40 20 100
50 20 100
60 20 100
70 20 100
80 20 100
90 20 100
10 30 100
20 30 100
30 30 100
40 30 100
50 30 100
60 30 100
70 30 100
80 30 100
90 30 100
10 40 100
20 40 100
30 40 100
40 40 100
50 40 100
60 40 100
70 40 100
80 40 100
90 40 100
10 50 100
20 50 100
30 50 100
40 50 100
50 50 100
60 50 100
70 50 100
80 50 100
90 50 100
100 0 100
110 0 100
120 0 100
130 0 100
140 0 100
150 0 100
160 0 100
170 0 100
100 10 100
110 10 100
120 10 100
130 10 100
140 10 100
150 10 100
160 10 100
170 10 100
100 20 100
110 20 100
120 20 100
130 20 100
140 20 100
150 20 100
160 20 100
170 20 100
90 30 100
100 30 100
110 30 100
120 30 100
130 30 100
140 30 100
150 30 100
160 30 100
170 30 100
90 40 100
100 40 100
110 40 100
120 40 100
130 40 100
140 40 100
150 40 100
160 40 100
170 40 100
90 50 100
100 50 100
110 50 100
120 50 100
130 50 100
140 50 100
150 50 100
160 50 100
170 50 100
90 60 100
100 60 100
110 60 100
120 60 100
130 60 100
140 60 100
150 60 100
160 60 100
170 60 100
90 70 100
100 70 100
110 70 100
120 70 100
130 70 100
140 70 100
150 70 100
160 70 100
170 70 100
40 120 100
50 120 100
60 120 100
70 120 100
80 120 100
90 120 100
100 120 100
110 120 100
120 120 100
40 130 100
50 130 100
60 130 100
70 130 100
80 130 100
90 130 100
100 130 100
110 130 100
120 130 100
40 140 100
50 140 100
60 140 100
70 140 100
80 140 100
90 140 100
100 140 100
110 140 100
120 140 100
40 150 100
50 150 100
60 150 100
70 150 100
80 150 100
90 150 100
100 150 100
110 150 100
120 150 100
40 160 100
50 160 100
60 160 100
70 160 100
80 160 100
90 160 100
100 160 100
110 160 100
120 160 100
40 170 100
50 170 100
60 170 100
70 170 100
80 170 100
90 170 100
100 170 100
110 170 100
120 170 100
40 180 100
50 180 100
60 180 100
70 180 100
80 180 100
90 180 100
100 180 100
110 180 100
120 180 100
40 190 100
50 190 100
60 190 100
70 190 100
80 190 100
90 190 100
100 190 100
110 190 100
120 190 100
0 30 100
10 30 100
20 30 100
40 30 100
50 30 100
0 40 100
10 40 100
20 40 100
30 40 100
40 40 100
50 40 100
60 40 100
0 50 100
10 50 100
20 50 100
30 50 100
40 50 100
50 50 100
60 50 100
0 60 100
10 60 100
20 60 100
30 60 100
40 60 100
50 60 100
60 60 100
0 70 100
10 70 100
20 70 100
30 70 100
40 70 100
50 70 100
60 70 100
0 80 100
10 80 100
20 80 100
30 80 100
40 80 100
50 80 100
60 80 100
0 90 100
10 90 100
20 90 100
30 90 100
40 90 100
50 90 100
60 90 100
0 100 100
10 100 100
20 100 100
30 100 100
40 100 100
50 100 100
60 100 100
0 110 100
10 110 100
20 110 100
30 110 100
40 110 100
50 110 100
60 110 100
100 50 100
110 50 100
120 50 100
130 50 100
140 50 100
150 50 100
160 50 100
180 50 100
100 60 100
130 60 100
140 60 100
150 60 100
160 60 100
180 60 100
140 70 100
150 70 100
180 70 100
100 80 100
110 80 100
120 80 100
130 80 100
140 80 100
150 80 100
160 80 100
170 80 100
180 80 100
100 90 100
110 90 100
120 90 100
130 90 100
140 90 100
150 90 100
160 90 100
170 90 100
180 90 100
100 100 100
110 100 100
120 100 100
130 100 100
140 100 100
150 100 100
160 100 100
170 100 100
180 100 100
100 110 100
110 110 100
120 110 100
130 110 100
140 110 100
150 110 100
160 110 100
170 110 100
180 110 100
100 120 100
110 120 100
120 120 100
130 120 100
140 120 100
150 120 100
160 120 100
170 120 100
180 120 100
110 130 100
120 130 100
130 130 100
140 130 100
150 130 100
160 130 100
170 130 100
180 130 100
150 10 100
160 10 100
170 10 100
180 10 100
190 10 100
160 20 100
170 20 100
180 20 100
190 20 100
170 30 100
180 30 100
190 30 100
160 40 100
180 40 100
190 40 100
140 50 100
150 50 100
190 50 100
140 60 100
150 60 100
160 60 100
190 60 100
140 70 100
150 70 100
190 70 100
160 80 100
170 80 100
180 80 100
190 80 100
160 90 100
170 90 100
180 90 100
190 90 100
86 169 100
87 169 100
87 170 100
88 170 100
89 170 100
91 170 100
92 170 100
93 170 100
94 170 100
95 170 100
96 170 100
97 170 100
98 170 100
99 170 100
100 169 100
100 168 100
100 167 100
100 166 100
100 165 100
100 164 100
100 163 100
100 162 100
100 161 100
100 159 100
100 158 100
100 157 100
100 156 100
100 155 100
100 154 100
100 153 100
100 152 100
100 151 100
100 149 100
100 148 100
100 147 100
100 146 100
100 145 100
100 144 100
100 143 100
100 142 100
100 141 100
100 139 100
100 138 100
100 137 100
100 136 100
100 135 100
100 134 100
100 133 100
100 132 100
100 131 100
100 129 100
100 128 100
100 127 100
100 126 100
100 125 100
100 125 100
100 124 100
100 124 100
100 123 100
100 123 100
100 123 100
100 122 100
100 122 100
100 122 100
100 121 100
100 121 100
100 121 100
100 120 100
100 119 100
100 119 100
100 119 100
100 118 100
100 118 100
100 117 100
100 117 100
100 116 100
100 116 100
100 115 100
100 114 100
100 113 100
100 112 100
100 111 100
100 109 100
100 108 100
100 107 100
100 106 100
100 105 100
100 104 100
100 103 100
100 102 100
100 101 100
100 99 100
100 98 100
100 97 100
100 96 100
100 95 100
100 94 100
100 93 100
100 92 100
100 91 100
100 89 100
100 88 100
100 87 100
100 86 100
100 85 100
100 84 100
100 83 100
100 82 100
100 81 100
101 80 100
102 80 100
103 80 100
104 80 100
105 80 100
106 80 100
107 80 100
108 80 100
109 80 100
111 80 100
112 80 100
113 80 100
114 80 100
115 80 100
116 80 100
117 80 100
118 80 100
119 80 100
121 80 100
122 80 100
123 80 100
124 80 100
125 80 100
126 80 100
127 80 100
128 80 100
129 80 100
131 80 100
132 80 100
133 80 100
134 80 100
135 80 100
136 80 100
137 80 100
138 80 100
139 80 100
141 80 100
142 80 100
143 80 100
144 80 100
145 80 100
146 80 100
147 80 100
148 80 100
149 80 100
150 79 100
150 78 100
150 77 100
150 76 100
150 75 100
150 74 100
150 74 100
150 73 100
150 73 100
150 72 100
150 72 100
150 71 100
150 71 100
150 71 100
151 70 100
151 70 100
152 70 100
152 70 100
153 70 100
154 70 100
155 70 100
156 70 100
157 70 100
158 70 100
159 70 100
160 69 100
160 68 100
160 67 100
160 66 100
160 65 100
160 64 100
160 63 100
160 62 100
160 62 100
160 61 100
160 61 100
160 59 100
160 59 100
160 59 100
160 59 100
160 58 100
160 58 100
160 58 100
160 58 100
160 58 100
160 57 100
160 57 100
160 57 100
160 57 100
160 57 100
160 56 100
160 56 100
160 56 100
160 56 100
160 56 100
160 55 100
160 55 100
160 55 100
160 55 100
160 55 100
160 54 100
160 54 100
160 54 100
160 54 100
160 53 100
160 53 100
160 53 100
160 52 100
160 52 100
160 52 100
160 51 100
160 51 100
160 49 100
160 49 100
160 48 100
160 48 100
160 47 100
160 47 100
160 46 100
160 46 100
160 45 100
160 45 100
160 44 100
160 44 100
160 43 100
160 43 100
160 42 100
160 42 100
160 41 100
160 41 100
159 40 100
159 40 100
158 40 100
158 40 100
157 40 100
157 40 100
156 40 100
156 40 100
155 40 100
154 40 100
153 40 100
152 40 100
151 40 100
149 40 100
148 40 100
147 40 100
146 40 100
145 40 100
144 40 100
143 40 100
142 40 100
141 40 100
139 40 100
139 39 100
138 39 100
138 38 100
137 38 100
137 37 100
137 36 100
137 35 100
137 34 100
28 78 100
29 78 100
29 79 100
30 79 100
31 80 100
32 80 100
33 80 100
34 80 100
35 80 100
36 80 100
37 80 100
38 80 100
39 80 100
41 80 100
42 80 100
43 80 100
44 80 100
45 80 100
46 80 100
47 80 100
48 80 100
49 80 100
50 79 100
50 78 100
50 77 100
50 76 100
50 75 100
50 74 100
50 73 100
50 72 100
50 71 100
51 70 100
52 70 100
53 70 100
54 70 100
55 70 100
56 70 100
57 70 100
58 70 100
59 70 100
60 69 100
60 68 100
60 67 100
60 66 100
60 65 100
60 64 100
60 63 100
60 62 100
60 61 100
60 59 100
60 58 100
60 57 100
60 56 100
60 55 100
60 54 100
60 53 100
60 52 100
60 51 100
61 50 100
61 50 100
62 50 100
63 50 100
64 50 100
65 50 100
66 50 100
67 50 100
68 50 100
69 50 100
70 49 100
70 48 100
70 47 100
70 46 100
70 45 100
70 44 100
70 43 100
70 42 100
70 41 100
70 39 100
70 38 100
70 37 100
70 36 100
70 35 100
70 34 100
70 33 100
70 32 100
70 31 100
69 30 100
68 30 100
67 30 100
66 30 100
65 30 100
64 30 100
63 30 100
62 30 100
61 30 100
60 29 100
60 28 100
60 27 100
60 26 100
60 25 100
60 24 100
60 23 100
60 22 100
60 21 100
59 20 100
58 20 100
57 20 100
56 20 100
55 20 100
54 20 100
53 20 100
52 20 100
51 20 100
51 19 100
51 18 100
51 17 100
51 16 100
51 15 100
51 14 100
144 94 100
143 94 100
143 93 100
142 93 100
142 92 100
141 92 100
141 91 100
140 91 100
140 89 100
140 88 100
140 87 100
140 86 100
140 85 100
140 84 100
140 83 100
140 82 100
140 81 100
185 57 100
184 57 100
184 58 100
183 58 100
183 59 100
182 59 100
182 60 100
181 60 100
179 60 100
178 60 100
177 60 100
176 60 100
175 60 100
174 60 100
173 60 100
172 60 100
171 60 100
169 60 100
168 60 100
167 60 100
166 60 100
165 60 100
164 60 100
163 60 100
163 60 100
162 60 100
162 60 100
161 60 100
161 60 100
161 60 100
