# score 137344
50 0 100
60 0 100
70 0 100
80 0 100
90 0 100
100 0 100
110 0 100
120 0 100
130 0 100
50 10 100
60 10 100
70 10 100
80 10 100
90 10 100
100 10 100
110 10 100
120 10 100
130 10 100
50 20 100
60 20 100
70 20 100
80 20 100
90 20 100
100 20 100
110 20 100
120 20 100
130 20 100
50 30 100
60 30 100
70 30 100
80 30 100
90 30 100
100 30 100
110 30 100
120 30 100
130 30 100
50 40 100
60 40 100
70 40 100
80 40 100
90 40 100
100 40 100
110 40 100
120 40 100
130 40 100
100 10 100
110 10 100
140 10 100
150 10 100
160 10 100
170 10 100
180 10 100
100 20 100
140 20 100
150 20 100
160 20 100
170 20 100
180 20 100
140 30 100
150 30 100
160 30 100
170 30 100
180 30 100
140 40 100
150 40 100
160 40 100
170 40 100
180 40 100
100 50 100
110 50 100
120 50 100
130 50 100
140 50 100
150 50 100
160 50 100
170 50 100
180 50 100
100 60 100
110 60 100
120 60 100
130 60 100
140 60 100
150 60 100
160 60 100
170 60 100
180 60 100
100 70 100
110 70 100
120 70 100
130 70 100
140 70 100
150 70 100
160 70 100
170 70 100
180 70 100
100 80 100
110 80 100
120 80 100
130 80 100
140 80 100
150 80 100
160 80 100
170 80 100
180 80 100
100 90 100
110 90 100
120 90 100
130 90 100
140 90 100
150 90 100
160 90 100
170 90 100
180 90 100
70 30 100
80 30 100
90 30 100
70 50 100
80 50 100
90 50 100
70 60 100
80 60 100
90 60 100
150 60 100
70 70 100
80 70 100
90 70 100
150 70 100
70 80 100
80 80 100
90 80 100
130 80 100
140 80 100
150 80 100
70 90 100
80 90 100
90 90 100
120 90 100
130 90 100
140 90 100
150 90 100
70 100 100
80 100 100
90 100 100
100 100 100
110 100 100
120 100 100
130 100 100
140 100 100
150 100 100
70 110 100
80 110 100
90 110 100
100 110 100
110 110 100
120 110 100
130 110 100
140 110 100
150 110 100
80 110 100
90 110 100
110 110 100
120 110 100
130 110 100
140 110 100
150 110 100
160 110 100
80 120 100
90 120 100
100 120 100
110 120 100
120 120 100
130 120 100
140 120 100
150 120 100
160 120 100
80 130 100
90 130 100
100 130 100
110 130 100
120 130 100
130 130 100
140 130 100
150 130 100
160 130 100
80 140 100
90 140 100
100 140 100
110 140 100
120 140 100
130 140 100
140 140 100
150 140 100
160 140 100
80 150 100
90 150 100
100 150 100
110 150 100
120 150 100
130 150 100
140 150 100
150 150 100
160 150 100
80 160 100
90 160 100
100 160 100
110 160 100
120 160 100
130 160 100
140 160 100
150 160 100
160 160 100
80 170 100
90 170 100
100 170 100
110 170 100
120 170 100
130 170 100
140 170 100
150 170 100
160 170 100
80 180 100
90 180 100
100 180 100
110 180 100
120 180 100
130 180 100
140 180 100
150 180 100
160 180 100
80 190 100
90 190 100
100 190 100
110 190 100
120 190 100
130 190 100
140 190 100
150 190 100
160 190 100
0 60 100
10 60 100
20 60 100
30 60 100
40 60 100
0 70 100
10 70 100
20 70 100
30 70 100
40 70 100
0 80 100
10 80 100
20 80 100
30 80 100
40 80 100
0 90 100
10 90 100
20 90 100
30 90 100
40 90 100
0 100 100
10 100 100
20 100 100
30 100 100
40 100 100
0 110 100
10 110 100
20 110 100
30 110 100
40 110 100
0 120 100
10 120 100
20 120 100
30 120 100
40 120 100
0 130 100
10 130 100
20 130 100
30 130 100
40 130 100
0 140 100
10 140 100
20 140 100
30 140 100
40 140 100
50 130 100
60 130 100
70 130 100
80 130 100
50 140 100
60 140 100
70 140 100
50 150 100
60 150 100
70 150 100
50 160 100
60 160 100
70 160 100
50 170 100
60 170 100
70 170 100
110 170 100
120 170 100
130 170 100
50 180 100
60 180 100
70 180 100
100 180 100
110 180 100
120 180 100
130 180 100
50 190 100
60 190 100
70 190 100
80 190 100
90 190 100
100 190 100
110 190 100
120 190 100
130 190 100
0 0 100
10 0 100
20 0 100
30 0 100
40 0 100
0 10 100
10 10 100
20 10 100
30 10 100
40 10 100
0 20 100
10 20 100
20 20 100
30 20 100
40 20 100
0 30 100
10 30 100
20 30 100
30 30 100
40 30 100
0 40 100
10 40 100
20 40 100
30 40 100
40 40 100
0 50 100
10 50 100
20 50 100
30 50 100
40 50 100
10 60 100
20 60 100
30 60 100
40 60 100
20 70 100
30 70 100
40 70 100
140 10 100
150 10 100
160 10 100
190 10 100
150 20 100
160 20 100
190 20 100
190 30 100
190 40 100
190 50 100
150 60 100
160 60 100
190 60 100
150 70 100
160 70 100
180 70 100
190 70 100
140 80 100
150 80 100
160 80 100
170 80 100
190 80 100
140 90 100
150 90 100
160 90 100
170 90 100
190 90 100
150 120 100
160 120 100
170 120 100
180 120 100
190 120 100
150 130 100
160 130 100
170 130 100
180 130 100
190 130 100
150 140 100
160 140 100
170 140 100
180 140 100
190 140 100
150 150 100
160 150 100
170 150 100
180 150 100
190 150 100
160 160 100
170 160 100
180 160 100
190 160 100
150 170 100
160 170 100
170 170 100
180 170 100
190 170 100
150 180 100
170 180 100
180 180 100
190 180 100
150 190 100
170 190 100
180 190 100
190 190 100
90 0 100
100 0 100
110 0 100
120 0 100
130 0 100
140 0 100
150 0 100
160 0 100
170 0 100
90 10 100
100 10 100
110 10 100
150 10 100
160 10 100
90 20 100
100 20 100
90 30 100
150 60 100
160 60 100
10 0 100
20 0 100
90 0 100
10 10 100
80 10 100
90 10 100
10 20 100
70 20 100
80 20 100
90 20 100
10 30 100
60 30 100
70 30 100
80 30 100
90 30 100
10 40 100
20 40 100
30 40 100
40 40 100
50 40 100
60 40 100
10 50 100
20 50 100
30 50 100
40 50 100
50 50 100
60 50 100
10 60 100
20 60 100
30 60 100
40 60 100
50 60 100
60 60 100
70 60 100
20 70 100
30 70 100
40 70 100
50 70 100
60 70 100
70 70 100
20 80 100
30 80 100
40 80 100
50 80 100
60 80 100
70 80 100
80 80 100
90 80 100
116 73 100
117 73 100
117 72 100
118 72 100
118 71 100
119 71 100
119 70 100
120 69 100
120 68 100
120 67 100
120 66 100
120 65 100
120 64 100
120 63 100
120 62 100
120 61 100
121 60 100
122 60 100
123 60 100
124 60 100
125 60 100
126 60 100
127 60 100
128 60 100
129 60 100
131 60 100
132 60 100
133 60 100
134 60 100
135 60 100
136 60 100
137 60 100
138 60 100
139 60 100
141 60 100
142 60 100
143 60 100
144 60 100
144 60 100
145 60 100
145 60 100
146 60 100
146 60 100
147 60 100
147 60 100
148 60 100
148 60 100
148 60 100
149 60 100
149 60 100
149 60 100
149 59 100
149 59 100
149 59 100
149 58 100
149 58 100
149 57 100
149 57 100
149 56 100
149 55 100
149 54 100
149 53 100
122 155 100
121 155 100
121 154 100
120 154 100
120 153 100
120 152 100
120 151 100
119 150 100
118 150 100
117 150 100
116 150 100
115 150 100
114 150 100
113 150 100
112 150 100
111 150 100
110 149 100
110 148 100
110 147 100
110 146 100
110 145 100
110 144 100
110 143 100
110 142 100
110 141 100
110 139 100
110 138 100
110 137 100
110 136 100
110 135 100
110 134 100
110 133 100
110 132 100
110 131 100
110 129 100
110 128 100
110 127 100
110 126 100
110 125 100
110 124 100
110 123 100
110 122 100
110 121 100
110 119 100
110 118 100
110 117 100
110 116 100
110 115 100
110 114 100
110 113 100
110 112 100
110 111 100
110 111 100
110 109 100
110 109 100
110 108 100
110 108 100
110 107 100
110 107 100
110 106 100
110 106 100
110 105 100
110 105 100
110 104 100
110 104 100
110 103 100
110 103 100
110 102 100
110 102 100
110 101 100
110 101 100
110 100 100
110 99 100
110 99 100
110 98 100
110 98 100
110 97 100
110 96 100
110 95 100
110 94 100
110 93 100
110 92 100
110 91 100
110 89 100
110 88 100
110 87 100
110 86 100
110 85 100
110 84 100
110 83 100
110 82 100
110 81 100
110 79 100
110 78 100
110 77 100
110 76 100
110 75 100
110 74 100
110 73 100
110 72 100
110 71 100
111 70 100
111 71 100
112 71 100
112 72 100
113 72 100
113 73 100
114 73 100
115 73 100
0 103 100
0 102 100
0 101 100
0 99 100
0 98 100
0 97 100
0 96 100
0 95 100
0 94 100
0 93 100
0 92 100
0 91 100
0 89 100
0 88 100
0 87 100
0 86 100
0 85 100
0 84 100
0 83 100
0 82 100
0 81 100
0 79 100
0 78 100
0 77 100
0 76 100
0 75 100
0 74 100
0 73 100
0 72 100
0 71 100
0 69 100
0 68 100
0 67 100
0 66 100
0 65 100
0 64 100
0 63 100
0 62 100
0 61 100
0 59 100
0 58 100
0 57 100
0 56 100
0 55 100
0 54 100
0 53 100
0 52 100
0 51 100
0 49 100
0 48 100
0 47 100
0 46 100
0 46 100
0 45 100
0 44 100
0 43 100
0 42 100
0 41 100
1 40 100
2 40 100
3 40 100
4 40 100
5 40 100
6 40 100
7 40 100
7 40 100
8 40 100
8 40 100
9 40 100
9 40 100
10 39 100
10 39 100
10 38 100
10 38 100
10 37 100
10 37 100
10 36 100
10 36 100
10 35 100
10 35 100
10 34 100
10 34 100
10 33 100
10 33 100
10 32 100
10 32 100
10 31 100
10 31 100
10 29 100
10 29 100
10 28 100
10 28 100
10 27 100
10 27 100
10 27 100
10 26 100
10 26 100
10 26 100
10 25 100
10 25 100
10 25 100
10 24 100
10 24 100
10 24 100
10 23 100
10 23 100
10 23 100
10 22 100
10 22 100
10 21 100
10 21 100
11 20 100
11 20 100
12 20 100
12 20 100
13 20 100
13 20 100
14 20 100
15 20 100
16 20 100
17 20 100
18 20 100
19 20 100
21 20 100
22 20 100
23 20 100
24 20 100
25 20 100
26 20 100
27 20 100
28 20 100
29 20 100
31 20 100
32 20 100
33 20 100
34 20 100
35 20 100
36 20 100
37 20 100
38 20 100
39 20 100
41 20 100
42 20 100
43 20 100
44 20 100
45 20 100
46 20 100
47 20 100
48 20 100
49 20 100
50 19 100
50 18 100
50 17 100
50 16 100
50 15 100
50 14 100
50 13 100
50 12 100
50 11 100
51 10 100
52 10 100
53 10 100
54 10 100
55 10 100
56 10 100
57 10 100
58 10 100
59 10 100
60 9 100
60 8 100
60 7 100
60 6 100
60 5 100
60 4 100
60 3 100
60 2 100
60 1 100
61 0 100
62 0 100
63 0 100
64 0 100
65 0 100
66 0 100
67 0 100
68 0 100
69 0 100
71 0 100
72 0 100
73 0 100
74 0 100
75 0 100
76 0 100
77 0 100
78 0 100
79 0 100
81 0 100
82 0 100
83 0 100
84 0 100
85 0 100
85 0 100
86 0 100
86 0 100
87 0 100
87 0 100
88 0 100
88 0 100
89 0 100
89 0 100
91 0 100
91 0 100
91 0 100
92 0 100
92 0 100
92 0 100
93 0 100
93 0 100
93 0 100
94 0 100
94 0 100
94 0 100
94 0 100
95 0 100
95 0 100
95 0 100
96 0 100
96 0 100
96 0 100
97 0 100
97 0 100
97 0 100
98 0 100
98 0 100
98 0 100
99 0 100
99 0 100
99 0 100
99 1 100
99 1 100
99 1 100
99 2 100
99 2 100
99 2 100
96 170 100
97 170 100
98 170 100
99 170 100
100 169 100
100 168 100
100 167 100
100 166 100
100 165 100
100 164 100
100 163 100
100 162 100
100 161 100
100 159 100
100 158 100
100 157 100
100 156 100
100 155 100
100 154 100
100 153 100
100 152 100
100 151 100
101 150 100
102 150 100
103 150 100
104 150 100
105 150 100
106 150 100
107 150 100
108 150 100
109 150 100
2 37 100
1 37 100
1 38 100
0 38 100
0 39 100
184 56 100
183 56 100
183 55 100
182 55 100
182 54 100
181 54 100
181 53 100
180 53 100
180 52 100
180 51 100
179 50 100
178 50 100
177 50 100
176 50 100
175 50 100
174 50 100
173 50 100
172 50 100
171 50 100
169 50 100
168 50 100
167 50 100
166 50 100
165 50 100
164 50 100
163 50 100
162 50 100
161 50 100
159 50 100
158 50 100
157 50 100
156 50 100
155 50 100
154 50 100
153 50 100
152 50 100
151 50 100
149 50 100
149 51 100
149 52 100
197 164 100
197 164 100
196 164 100
196 164 100
196 164 100
196 165 100
196 165 100
195 165 100
195 165 100
195 166 100
195 166 100
194 166 100
194 166 100
194 167 100
194 167 100
193 167 100
193 167 100
193 168 100
193 168 100
192 168 100
192 168 100
192 169 100
191 169 100
191 170 100
189 170 100
188 170 100
187 170 100
186 170 100
185 170 100
184 170 100
183 170 100
182 170 100
181 170 100
180 171 100
180 172 100
180 173 100
180 174 100
180 175 100
180 176 100
180 177 100
180 178 100
180 179 100
179 180 100
178 180 100
177 180 100
176 180 100
175 180 100
174 180 100
173 180 100
172 180 100
171 180 100
169 180 100
168 180 100
167 180 100
166 180 100
165 180 100
164 180 100
163 180 100
162 180 100
161 180 100
159 180 100
158 180 100
157 180 100
156 180 100
155 180 100
154 180 100
153 180 100
152 180 100
151 180 100
150 179 100
150 178 100
150 177 100
150 176 100
150 175 100
150 175 100
150 174 100
150 174 100
150 173 100
150 173 100
150 172 100
150 172 100
150 171 100
150 171 100
150 169 100
150 169 100
150 168 100
150 168 100
150 167 100
150 167 100
150 166 100
150 166 100
150 165 100
150 165 100
150 164 100
150 164 100
150 163 100
150 163 100
150 162 100
150 162 100
150 161 100
150 159 100
150 158 100
150 157 100
150 156 100
150 155 100
150 154 100
150 153 100
150 152 100
150 151 100
150 151 100
149 150 100
149 150 100
148 150 100
147 150 100
146 150 100
145 150 100
144 150 100
143 150 100
142 150 100
141 150 100
139 150 100
138 150 100
137 150 100
136 150 100
135 150 100
134 150 100
133 150 100
132 150 100
131 150 100
129 150 100
128 150 100
127 150 100
126 150 100
125 150 100
124 150 100
123 150 100
122 150 100
121 150 100
130 28 100
130 29 100
130 31 100
130 32 100
130 33 100
130 34 100
130 35 100
130 36 100
130 37 100
130 38 100
130 39 100
130 41 100
130 42 100
130 43 100
130 44 100
130 45 100
130 46 100
130 47 100
130 48 100
130 49 100
130 51 100
130 52 100
130 53 100
130 54 100
130 55 100
130 56 100
130 57 100
130 58 100
130 59 100
57 43 100
57 43 100
56 43 100
56 43 100
56 42 100
56 42 100
55 42 100
55 42 100
55 41 100
55 41 100
54 41 100
54 41 100
54 40 100
54 40 100
53 40 100
53 40 100
52 40 100
52 40 100
51 40 100
51 40 100
50 39 100
50 39 100
50 38 100
50 38 100
50 37 100
50 37 100
50 36 100
50 35 100
50 34 100
50 33 100
50 32 100
50 31 100
50 29 100
50 28 100
50 27 100
50 26 100
50 25 100
50 24 100
50 23 100
50 22 100
50 21 100
