# score 328092
0 40 100
10 40 100
20 40 100
30 40 100
40 40 100
50 40 100
60 40 100
0 50 100
10 50 100
20 50 100
30 50 100
40 50 100
50 50 100
60 50 100
0 60 100
10 60 100
20 60 100
30 60 100
40 60 100
50 60 100
60 60 100
0 70 100
10 70 100
20 70 100
30 70 100
40 70 100
50 70 100
60 70 100
0 80 100
10 80 100
20 80 100
30 80 100
40 80 100
50 80 100
60 80 100
0 90 100
10 90 100
20 90 100
30 90 100
40 90 100
50 90 100
60 90 100
0 100 100
10 100 100
20 100 100
30 100 100
40 100 100
50 100 100
60 100 100
0 110 100
10 110 100
20 110 100
30 110 100
40 110 100
50 110 100
60 110 100
0 120 100
10 120 100
20 120 100
30 120 100
40 120 100
50 120 100
60 120 100
30 0 100
40 0 100
50 0 100
60 0 100
70 0 100
80 0 100
90 0 100
100 0 100
110 0 100
30 10 100
40 10 100
50 10 100
60 10 100
70 10 100
80 10 100
90 10 100
100 10 100
110 10 100
30 20 100
40 20 100
50 20 100
60 20 100
70 20 100
80 20 100
90 20 100
100 20 100
110 20 100
30 30 100
40 30 100
50 30 100
60 30 100
70 30 100
80 30 100
90 30 100
100 30 100
110 30 100
30 40 100
40 40 100
70 40 100
80 40 100
90 40 100
100 40 100
110 40 100
10 0 100
20 0 100
40 0 100
50 0 100
70 0 100
80 0 100
90 0 100
10 10 100
20 10 100
40 10 100
50 10 100
60 10 100
70 10 100
90 10 100
10 20 100
20 20 100
30 20 100
40 20 100
50 20 100
60 20 100
70 20 100
80 20 100
90 20 100
10 30 100
20 30 100
40 30 100
70 30 100
80 30 100
10 40 100
20 40 100
30 40 100
20 50 100
30 50 100
70 50 100
80 50 100
90 50 100
10 60 100
20 60 100
30 60 100
60 60 100
70 60 100
80 60 100
90 60 100
10 70 100
20 70 100
30 70 100
40 70 100
70 70 100
80 70 100
90 70 100
90 0 100
100 0 100
120 0 100
130 0 100
140 0 100
150 0 100
160 0 100
170 0 100
90 10 100
100 10 100
110 10 100
120 10 100
130 10 100
140 10 100
150 10 100
160 10 100
170 10 100
90 20 100
100 20 100
110 20 100
120 20 100
130 20 100
140 20 100
150 20 100
160 20 100
170 20 100
100 30 100
110 30 100
120 30 100
130 30 100
140 30 100
150 30 100
160 30 100
170 30 100
100 40 100
110 40 100
120 40 100
130 40 100
140 40 100
150 40 100
160 40 100
170 40 100
100 50 100
110 50 100
120 50 100
130 50 100
140 50 100
150 50 100
160 50 100
170 50 100
90 60 100
100 60 100
110 60 100
120 60 100
130 60 100
140 60 100
150 60 100
160 60 100
170 60 100
100 70 100
110 70 100
120 70 100
130 70 100
140 70 100
150 70 100
160 70 100
170 70 100
90 80 100
100 80 100
110 80 100
120 80 100
130 80 100
140 80 100
150 80 100
160 80 100
170 80 100
130 50 100
160 50 100
170 50 100
180 50 100
190 50 100
130 60 100
140 60 100
170 60 100
180 60 100
190 60 100
130 70 100
160 70 100
170 70 100
180 70 100
190 70 100
130 80 100
140 80 100
150 80 100
160 80 100
170 80 100
180 80 100
190 80 100
130 90 100
140 90 100
150 90 100
160 90 100
170 90 100
180 90 100
190 90 100
130 100 100
140 100 100
150 100 100
160 100 100
170 100 100
180 100 100
190 100 100
130 110 100
140 110 100
150 110 100
160 110 100
170 110 100
180 110 100
190 110 100
130 120 100
140 120 100
150 120 100
160 120 100
170 120 100
180 120 100
190 120 100
130 130 100
140 130 100
150 130 100
160 130 100
170 130 100
180 130 100
190 130 100
30 40 100
110 40 100
30 50 100
70 50 100
80 50 100
110 50 100
60 60 100
70 60 100
80 60 100
90 60 100
40 70 100
70 70 100
100 70 100
40 80 100
60 80 100
70 80 100
80 80 100
90 80 100
100 80 100
110 80 100
30 90 100
40 90 100
50 90 100
60 90 100
70 90 100
80 90 100
90 90 100
100 90 100
110 90 100
30 100 100
50 100 100
60 100 100
70 100 100
80 100 100
90 100 100
100 100 100
110 100 100
30 110 100
60 110 100
70 110 100
80 110 100
90 110 100
100 110 100
110 110 100
30 120 100
40 120 100
50 120 100
60 120 100
70 120 100
80 120 100
90 120 100
100 120 100
110 120 100
110 100 100
120 100 100
140 100 100
150 100 100
170 100 100
190 100 100
120 110 100
150 110 100
160 110 100
170 110 100
180 110 100
190 110 100
110 120 100
120 120 100
130 120 100
140 120 100
160 120 100
170 120 100
180 120 100
190 120 100
110 130 100
120 130 100
130 130 100
170 130 100
180 130 100
110 140 100
120 140 100
130 140 100
140 140 100
150 140 100
160 140 100
170 140 100
180 140 100
190 140 100
110 150 100
120 150 100
130 150 100
140 150 100
150 150 100
160 150 100
170 150 100
180 150 100
190 150 100
110 160 100
120 160 100
130 160 100
140 160 100
150 160 100
160 160 100
170 160 100
180 160 100
190 160 100
110 170 100
120 170 100
130 170 100
140 170 100
150 170 100
160 170 100
170 170 100
180 170 100
190 170 100
110 180 100
120 180 100
130 180 100
140 180 100
150 180 100
160 180 100
170 180 100
180 180 100
190 180 100
80 60 100
120 60 100
130 60 100
100 70 100
160 70 100
80 80 100
90 80 100
100 80 100
120 80 100
130 80 100
140 80 100
150 80 100
90 90 100
100 90 100
110 90 100
120 90 100
130 90 100
140 90 100
90 100 100
100 100 100
110 100 100
140 100 100
90 110 100
100 110 100
150 110 100
160 110 100
80 120 100
100 120 100
110 120 100
120 120 100
130 120 100
140 120 100
160 120 100
80 130 100
90 130 100
100 130 100
130 130 100
80 140 100
90 140 100
100 140 100
130 140 100
140 90 100
180 90 100
190 90 100
140 100 100
190 100 100
150 110 100
160 110 100
170 110 100
180 110 100
190 110 100
140 120 100
160 120 100
170 120 100
180 120 100
190 120 100
170 130 100
180 130 100
170 140 100
170 150 100
180 150 100
160 160 100
170 160 100
180 160 100
190 160 100
140 170 100
150 170 100
160 170 100
170 170 100
190 170 100
0 0 100
10 0 100
40 0 100
0 10 100
40 10 100
0 20 100
40 20 100
0 30 100
10 30 100
20 30 100
40 30 100
20 40 100
20 50 100
30 50 100
0 60 100
10 60 100
20 60 100
0 70 100
10 70 100
20 70 100
40 70 100
60 110 100
90 110 100
100 110 100
50 120 100
60 120 100
80 120 100
100 120 100
110 120 100
120 120 100
130 120 100
50 130 100
60 130 100
70 130 100
80 130 100
90 130 100
100 130 100
130 130 100
50 140 100
60 140 100
70 140 100
80 140 100
90 140 100
130 140 100
50 150 100
60 150 100
70 150 100
80 150 100
90 150 100
100 150 100
130 150 100
50 160 100
60 160 100
70 160 100
80 160 100
90 160 100
100 160 100
110 160 100
130 160 100
50 170 100
60 170 100
70 170 100
80 170 100
90 170 100
100 170 100
50 180 100
60 180 100
70 180 100
80 180 100
90 180 100
100 180 100
110 180 100
50 190 100
60 190 100
70 190 100
80 190 100
90 190 100
100 190 100
110 190 100
120 190 100
130 190 100
50 31 100
50 32 100
50 33 100
50 34 100
50 35 100
50 36 100
50 37 100
50 38 100
50 39 100
49 40 100
48 40 100
47 40 100
46 40 100
45 40 100
44 40 100
43 40 100
42 40 100
41 40 100
41 40 100
40 41 100
40 41 100
40 42 100
40 42 100
40 43 100
40 43 100
40 44 100
40 44 100
40 45 100
40 45 100
40 46 100
40 46 100
40 47 100
40 48 100
40 49 100
40 51 100
40 52 100
40 53 100
40 54 100
40 55 100
40 56 100
40 57 100
40 58 100
40 59 100
39 60 100
38 60 100
37 60 100
36 60 100
35 60 100
34 60 100
33 60 100
32 60 100
31 60 100
31 60 100
30 61 100
30 61 100
30 62 100
30 62 100
30 62 100
30 63 100
30 63 100
30 63 100
30 64 100
30 64 100
30 64 100
30 65 100
30 65 100
30 65 100
30 65 100
30 66 100
30 66 100
30 66 100
30 66 100
30 67 100
30 67 100
30 67 100
30 67 100
30 68 100
30 68 100
30 68 100
30 69 100
30 69 100
30 69 100
30 71 100
30 71 100
30 72 100
30 73 100
30 74 100
30 75 100
30 76 100
30 77 100
30 78 100
30 79 100
29 80 100
28 80 100
27 80 100
26 80 100
25 80 100
24 80 100
23 80 100
22 80 100
21 80 100
20 81 100
20 82 100
20 83 100
20 84 100
136 48 100
137 48 100
137 49 100
138 49 100
138 50 100
139 50 100
140 51 100
140 52 100
140 53 100
140 54 100
140 55 100
140 56 100
140 57 100
140 58 100
140 58 100
140 59 100
140 59 100
140 61 100
140 61 100
140 62 100
140 63 100
140 64 100
140 65 100
140 66 100
140 67 100
140 68 100
140 69 100
139 70 100
138 70 100
137 70 100
136 70 100
135 70 100
134 70 100
133 70 100
132 70 100
131 70 100
131 70 100
129 70 100
129 70 100
128 70 100
128 70 100
127 70 100
127 70 100
126 70 100
126 70 100
125 70 100
125 70 100
124 70 100
124 70 100
123 70 100
123 70 100
122 70 100
121 70 100
119 70 100
118 70 100
117 70 100
116 70 100
115 70 100
114 70 100
113 70 100
112 70 100
111 70 100
110 69 100
110 68 100
110 67 100
110 66 100
110 65 100
110 64 100
110 63 100
110 62 100
110 61 100
109 60 100
108 60 100
107 60 100
106 60 100
105 60 100
104 60 100
103 60 100
102 60 100
101 60 100
99 60 100
98 60 100
97 60 100
96 60 100
95 60 100
94 60 100
93 60 100
92 60 100
91 60 100
91 60 100
90 59 100
90 59 100
90 58 100
90 58 100
90 57 100
90 56 100
90 55 100
90 54 100
90 53 100
90 52 100
90 51 100
90 49 100
90 48 100
90 47 100
90 46 100
90 45 100
90 44 100
90 43 100
90 42 100
90 41 100
89 40 100
88 40 100
87 40 100
86 40 100
85 40 100
84 40 100
83 40 100
82 40 100
81 40 100
79 40 100
78 40 100
77 40 100
76 40 100
75 40 100
74 40 100
73 40 100
72 40 100
71 40 100
69 40 100
68 40 100
67 40 100
66 40 100
65 40 100
64 40 100
63 40 100
62 40 100
61 40 100
59 40 100
58 40 100
57 40 100
56 40 100
55 40 100
54 40 100
53 40 100
52 40 100
51 40 100
179 99 100
178 99 100
178 100 100
177 100 100
176 100 100
175 100 100
174 100 100
173 100 100
172 100 100
171 100 100
171 100 100
170 99 100
170 99 100
170 98 100
170 97 100
170 96 100
170 95 100
170 94 100
170 93 100
170 92 100
170 91 100
170 89 100
170 88 100
170 87 100
170 86 100
170 85 100
170 84 100
170 83 100
170 82 100
170 81 100
170 79 100
170 79 100
170 78 100
170 78 100
170 77 100
170 77 100
170 77 100
170 76 100
170 76 100
170 76 100
170 75 100
170 75 100
170 75 100
170 74 100
170 74 100
170 74 100
170 73 100
170 73 100
170 72 100
170 72 100
170 71 100
170 71 100
170 69 100
170 69 100
170 68 100
170 68 100
170 67 100
170 67 100
170 66 100
170 66 100
170 65 100
170 65 100
170 64 100
170 64 100
170 63 100
170 63 100
170 62 100
170 62 100
170 61 100
170 61 100
169 60 100
169 60 100
168 60 100
167 60 100
166 60 100
165 60 100
164 60 100
163 60 100
162 60 100
161 60 100
159 60 100
158 60 100
157 60 100
156 60 100
155 60 100
154 60 100
153 60 100
152 60 100
151 60 100
149 60 100
148 60 100
147 60 100
146 60 100
145 60 100
144 60 100
143 60 100
142 60 100
141 60 100
75 80 100
75 80 100
75 80 100
75 80 100
75 80 100
75 80 100
75 80 100
76 80 100
76 80 100
76 80 100
76 80 100
76 80 100
76 80 100
76 79 100
76 79 100
76 79 100
76 79 100
77 79 100
77 79 100
77 79 100
77 78 100
77 78 100
78 78 100
78 78 100
78 77 100
79 77 100
79 76 100
80 76 100
80 75 100
80 74 100
80 73 100
80 72 100
80 71 100
81 70 100
82 70 100
83 70 100
84 70 100
85 70 100
86 70 100
87 70 100
88 70 100
89 70 100
90 69 100
90 68 100
90 67 100
90 67 100
90 66 100
90 66 100
90 65 100
90 65 100
90 64 100
90 64 100
90 63 100
90 63 100
90 63 100
90 62 100
90 62 100
90 62 100
90 61 100
90 61 100
90 61 100
159 148 100
160 148 100
160 147 100
160 146 100
160 145 100
160 144 100
160 143 100
160 142 100
160 141 100
160 139 100
160 138 100
160 137 100
160 136 100
160 135 100
160 134 100
160 133 100
160 132 100
160 131 100
159 130 100
158 130 100
157 130 100
156 130 100
155 130 100
154 130 100
153 130 100
152 130 100
151 130 100
150 129 100
150 128 100
150 127 100
150 126 100
150 125 100
150 124 100
150 123 100
150 122 100
150 121 100
150 119 100
150 119 100
150 118 100
150 118 100
150 117 100
150 117 100
150 116 100
150 116 100
150 116 100
150 115 100
150 115 100
150 115 100
150 114 100
150 114 100
150 114 100
150 114 100
150 113 100
150 113 100
150 113 100
150 113 100
150 112 100
150 112 100
150 112 100
150 112 100
150 112 100
150 111 100
150 111 100
150 111 100
150 111 100
150 111 100
150 110 100
150 110 100
150 109 100
150 109 100
150 109 100
150 109 100
150 109 100
150 109 100
150 108 100
150 108 100
150 108 100
150 108 100
150 108 100
150 108 100
150 107 100
150 107 100
150 107 100
150 107 100
150 107 100
150 106 100
150 106 100
150 106 100
150 106 100
150 106 100
150 105 100
150 105 100
150 105 100
150 105 100
150 104 100
150 104 100
150 104 100
150 103 100
150 103 100
150 103 100
150 102 100
150 102 100
150 101 100
150 101 100
151 100 100
152 100 100
153 100 100
154 100 100
155 100 100
156 100 100
157 100 100
158 100 100
159 100 100
161 100 100
162 100 100
163 100 100
163 100 100
164 100 100
164 100 100
164 100 100
165 100 100
165 100 100
165 100 100
166 100 100
166 100 100
166 100 100
166 100 100
167 100 100
167 100 100
167 100 100
167 100 100
168 100 100
168 100 100
168 100 100
168 100 100
169 100 100
169 100 100
169 100 100
128 107 100
129 107 100
129 108 100
130 108 100
130 109 100
131 110 100
132 110 100
133 110 100
134 110 100
135 110 100
136 110 100
137 110 100
138 110 100
139 110 100
140 111 100
140 111 100
140 112 100
140 112 100
140 113 100
140 113 100
140 114 100
140 114 100
140 115 100
140 115 100
140 115 100
140 116 100
140 116 100
140 116 100
140 116 100
140 117 100
140 117 100
140 117 100
140 117 100
140 118 100
140 118 100
140 118 100
140 118 100
140 118 100
140 119 100
140 119 100
140 119 100
140 119 100
140 119 100
141 120 100
141 120 100
141 120 100
141 120 100
142 120 100
142 120 100
142 120 100
143 120 100
143 120 100
144 120 100
144 120 100
145 120 100
145 120 100
146 120 100
146 120 100
147 120 100
148 120 100
149 120 100
187 138 100
186 138 100
186 139 100
185 139 100
185 140 100
184 140 100
183 140 100
182 140 100
181 140 100
179 140 100
178 140 100
177 140 100
177 140 100
176 140 100
176 140 100
176 140 100
175 140 100
175 140 100
175 140 100
175 140 100
174 140 100
174 140 100
174 140 100
174 140 100
173 140 100
173 140 100
173 140 100
173 140 100
172 140 100
172 140 100
172 140 100
172 140 100
171 140 100
171 140 100
171 140 100
170 140 100
169 140 100
169 140 100
168 140 100
167 140 100
166 140 100
165 140 100
164 140 100
163 140 100
162 140 100
161 140 100
0 37 100
0 36 100
0 35 100
0 34 100
0 33 100
0 32 100
0 31 100
0 29 100
0 28 100
0 27 100
0 26 100
0 25 100
0 24 100
0 23 100
0 22 100
0 21 100
1 20 100
2 20 100
3 20 100
4 20 100
5 20 100
6 20 100
7 20 100
8 20 100
9 20 100
11 20 100
12 20 100
13 20 100
14 20 100
15 20 100
16 20 100
17 20 100
18 20 100
19 20 100
21 20 100
22 20 100
23 20 100
24 20 100
25 20 100
26 20 100
27 20 100
28 20 100
29 20 100
29 20 100
30 21 100
30 21 100
30 22 100
30 22 100
30 23 100
30 23 100
30 24 100
30 24 100
30 25 100
30 25 100
30 26 100
30 26 100
30 27 100
30 28 100
30 29 100
30 31 100
30 32 100
30 33 100
30 34 100
30 35 100
30 36 100
30 37 100
30 38 100
30 39 100
30 39 100
31 40 100
31 40 100
31 40 100
32 40 100
32 40 100
32 40 100
33 40 100
33 40 100
33 40 100
33 40 100
34 40 100
34 40 100
34 40 100
34 40 100
35 40 100
35 40 100
35 40 100
35 40 100
36 40 100
36 40 100
36 40 100
36 40 100
36 40 100
37 40 100
37 40 100
37 40 100
37 40 100
37 40 100
38 40 100
38 40 100
38 40 100
38 40 100
39 40 100
39 40 100
39 40 100
95 157 100
94 157 100
94 158 100
93 158 100
93 159 100
92 159 100
92 160 100
91 160 100
90 161 100
90 162 100
90 163 100
90 164 100
90 165 100
90 166 100
90 167 100
90 168 100
90 169 100
91 170 100
92 170 100
93 170 100
94 170 100
95 170 100
96 170 100
97 170 100
98 170 100
99 170 100
101 170 100
102 170 100
103 170 100
104 170 100
105 170 100
106 170 100
107 170 100
108 170 100
109 170 100
111 170 100
112 170 100
113 170 100
114 170 100
115 170 100
116 170 100
117 170 100
118 170 100
119 170 100
120 169 100
120 168 100
120 167 100
120 166 100
120 165 100
120 164 100
120 163 100
120 162 100
120 161 100
120 159 100
120 158 100
120 157 100
120 156 100
120 155 100
120 154 100
120 153 100
120 152 100
120 151 100
120 149 100
120 148 100
120 147 100
120 146 100
120 145 100
120 144 100
120 143 100
120 142 100
120 141 100
120 139 100
120 138 100
120 137 100
120 136 100
120 135 100
120 134 100
120 133 100
120 132 100
120 131 100
120 129 100
120 128 100
120 127 100
120 126 100
120 125 100
120 125 100
120 124 100
120 124 100
120 123 100
120 123 100
120 123 100
120 122 100
120 122 100
120 122 100
120 121 100
120 121 100
120 121 100
120 119 100
120 119 100
120 118 100
120 118 100
120 117 100
120 116 100
120 115 100
120 114 100
120 113 100
120 112 100
120 111 100
121 110 100
122 110 100
123 110 100
124 110 100
125 110 100
126 110 100
127 110 100
128 110 100
129 110 100
