# score 80392
40 0 100
50 0 100
60 0 100
70 0 100
80 0 100
90 0 100
100 0 100
110 0 100
120 0 100
40 10 100
50 10 100
60 10 100
70 10 100
80 10 100
90 10 100
100 10 100
110 10 100
120 10 100
40 20 100
50 20 100
60 20 100
70 20 100
80 20 100
90 20 100
100 20 100
110 20 100
120 20 100
40 30 100
50 30 100
60 30 100
70 30 100
80 30 100
90 30 100
100 30 100
110 30 100
120 30 100
40 40 100
50 40 100
60 40 100
70 40 100
80 40 100
90 40 100
100 40 100
110 40 100
120 40 100
40 50 100
50 50 100
60 50 100
70 50 100
80 50 100
90 50 100
100 50 100
110 50 100
120 50 100
70 110 100
80 110 100
90 110 100
100 110 100
110 110 100
120 110 100
130 110 100
140 110 100
150 110 100
70 120 100
80 120 100
90 120 100
100 120 100
110 120 100
120 120 100
130 120 100
140 120 100
150 120 100
70 130 100
80 130 100
90 130 100
100 130 100
110 130 100
120 130 100
130 130 100
140 130 100
150 130 100
70 140 100
80 140 100
90 140 100
100 140 100
110 140 100
120 140 100
130 140 100
140 140 100
150 140 100
70 150 100
80 150 100
90 150 100
100 150 100
110 150 100
120 150 100
130 150 100
140 150 100
150 150 100
70 160 100
80 160 100
90 160 100
100 160 100
110 160 100
120 160 100
130 160 100
140 160 100
150 160 100
70 170 100
80 170 100
90 170 100
100 170 100
110 170 100
120 170 100
130 170 100
140 170 100
150 170 100
70 180 100
80 180 100
90 180 100
100 180 100
110 180 100
120 180 100
130 180 100
140 180 100
150 180 100
70 190 100
80 190 100
90 190 100
100 190 100
110 190 100
120 190 100
130 190 100
140 190 100
150 190 100
120 70 100
130 70 100
140 70 100
150 70 100
160 70 100
170 70 100
180 70 100
190 70 100
120 80 100
130 80 100
140 80 100
150 80 100
160 80 100
170 80 100
180 80 100
190 80 100
120 90 100
130 90 100
140 90 100
150 90 100
160 90 100
170 90 100
180 90 100
190 90 100
120 100 100
130 100 100
140 100 100
150 100 100
160 100 100
170 100 100
180 100 100
190 100 100
160 110 100
170 110 100
180 110 100
190 110 100
160 120 100
170 120 100
180 120 100
190 120 100
160 130 100
170 130 100
180 130 100
190 130 100
160 140 100
170 140 100
180 140 100
190 140 100
140 150 100
150 150 100
160 150 100
170 150 100
180 150 100
190 150 100
100 100 100
110 100 100
120 100 100
130 100 100
140 100 100
100 110 100
110 110 100
100 120 100
110 120 100
160 140 100
170 140 100
180 140 100
150 150 100
160 150 100
170 150 100
180 150 100
140 160 100
150 160 100
160 160 100
170 160 100
180 160 100
120 170 100
130 170 100
140 170 100
150 170 100
160 170 100
170 170 100
180 170 100
120 180 100
130 180 100
140 180 100
150 180 100
160 180 100
170 180 100
180 180 100
0 0 100
10 0 100
20 0 100
30 0 100
40 0 100
50 0 100
0 10 100
10 10 100
20 10 100
30 10 100
40 10 100
50 10 100
0 20 100
10 20 100
20 20 100
30 20 100
40 20 100
50 20 100
0 30 100
10 30 100
20 30 100
30 30 100
0 40 100
10 40 100
20 40 100
30 40 100
0 50 100
10 50 100
20 50 100
30 50 100
30 0 100
40 0 100
50 0 100
60 0 100
70 0 100
80 0 100
30 10 100
40 10 100
50 10 100
60 10 100
70 10 100
80 10 100
50 20 100
60 20 100
70 20 100
80 20 100
70 30 100
0 60 100
10 60 100
20 60 100
30 60 100
40 60 100
50 60 100
60 60 100
70 60 100
80 60 100
0 70 100
10 70 100
20 70 100
30 70 100
40 70 100
50 70 100
60 70 100
70 70 100
80 70 100
20 150 100
30 150 100
40 150 100
50 150 100
60 150 100
70 150 100
20 160 100
30 160 100
40 160 100
50 160 100
60 160 100
70 160 100
20 170 100
30 170 100
40 170 100
50 170 100
60 170 100
20 180 100
30 180 100
40 180 100
50 180 100
60 180 100
20 190 100
30 190 100
40 190 100
50 190 100
60 190 100
130 30 100
140 30 100
150 30 100
160 30 100
170 30 100
180 30 100
190 30 100
130 40 100
140 40 100
150 40 100
160 40 100
170 40 100
180 40 100
190 40 100
130 50 100
140 50 100
150 50 100
160 50 100
170 50 100
180 50 100
190 50 100
130 60 100
140 60 100
150 60 100
160 60 100
170 60 100
180 60 100
190 60 100
130 70 100
140 70 100
150 70 100
130 80 100
140 80 100
150 80 100
130 90 100
140 90 100
190 110 100
80 70 100
90 70 100
100 70 100
110 70 100
120 70 100
130 70 100
140 70 100
150 70 100
80 80 100
90 80 100
100 80 100
110 80 100
120 80 100
130 80 100
140 80 100
80 90 100
90 90 100
100 90 100
110 90 100
120 90 100
130 90 100
140 90 100
80 100 100
90 100 100
100 100 100
110 100 100
120 100 100
80 110 100
90 110 100
100 110 100
110 110 100
80 120 100
90 120 100
80 130 100
160 150 100
40 120 100
50 120 100
60 120 100
70 120 100
80 120 100
40 130 100
50 130 100
60 130 100
70 130 100
40 140 100
50 140 100
60 140 100
70 140 100
40 150 100
50 150 100
60 150 100
40 160 100
50 160 100
60 160 100
40 170 100
50 170 100
60 170 100
40 180 100
120 180 100
40 190 100
110 190 100
120 190 100
144 145 100
143 145 100
143 146 100
142 146 100
142 147 100
142 147 100
141 147 100
141 147 100
141 148 100
141 148 100
140 148 100
140 148 100
140 149 100
140 149 100
139 150 100
139 150 100
138 150 100
138 150 100
137 150 100
137 150 100
136 150 100
135 150 100
134 150 100
133 150 100
132 150 100
131 150 100
129 150 100
128 150 100
127 150 100
126 150 100
125 150 100
124 150 100
123 150 100
122 150 100
121 150 100
119 150 100
118 150 100
117 150 100
116 150 100
115 150 100
114 150 100
113 150 100
112 150 100
111 150 100
111 151 100
112 151 100
112 152 100
112 153 100
112 154 100
15 18 100
16 18 100
16 19 100
17 19 100
17 20 100
18 20 100
19 20 100
21 20 100
22 20 100
23 20 100
24 20 100
25 20 100
26 20 100
27 20 100
28 20 100
29 20 100
31 20 100
32 20 100
33 20 100
34 20 100
35 20 100
36 20 100
37 20 100
38 20 100
39 20 100
40 21 100
40 21 100
40 22 100
40 22 100
40 23 100
40 24 100
40 25 100
40 26 100
40 27 100
40 28 100
40 29 100
41 30 100
42 30 100
43 30 100
44 30 100
45 30 100
46 30 100
47 30 100
48 30 100
49 30 100
51 30 100
52 30 100
53 30 100
54 30 100
55 30 100
56 30 100
57 30 100
58 30 100
59 30 100
61 30 100
62 30 100
63 30 100
64 30 100
65 30 100
66 30 100
66 30 100
67 30 100
67 30 100
68 30 100
68 30 100
69 30 100
69 30 100
71 30 100
71 30 100
72 30 100
72 30 100
73 30 100
74 30 100
75 30 100
76 30 100
77 30 100
78 30 100
79 30 100
80 29 100
80 28 100
80 27 100
80 26 100
80 25 100
80 24 100
80 23 100
80 23 100
80 22 100
80 22 100
80 21 100
80 21 100
81 20 100
81 20 100
81 19 100
81 19 100
82 19 100
82 19 100
82 18 100
82 18 100
82 18 100
83 18 100
83 18 100
83 18 100
83 17 100
83 17 100
83 17 100
83 16 100
83 16 100
83 16 100
83 16 100
83 15 100
83 15 100
83 15 100
83 15 100
83 14 100
83 14 100
83 14 100
83 14 100
83 14 100
83 13 100
83 13 100
83 13 100
83 13 100
83 13 100
83 12 100
83 12 100
83 12 100
83 12 100
83 12 100
83 12 100
83 11 100
83 11 100
83 11 100
83 11 100
83 11 100
83 11 100
83 10 100
83 10 100
83 10 100
83 10 100
83 10 100
83 10 100
46 38 100
47 38 100
47 39 100
48 39 100
48 40 100
49 40 100
50 39 100
50 38 100
50 37 100
50 36 100
50 35 100
50 34 100
50 33 100
50 32 100
50 31 100
69 199 100
70 199 100
70 198 100
70 197 100
70 196 100
70 195 100
70 194 100
70 193 100
70 192 100
70 191 100
70 189 100
70 188 100
70 187 100
70 186 100
70 185 100
70 184 100
70 183 100
70 182 100
70 181 100
70 179 100
70 178 100
70 177 100
70 176 100
70 175 100
70 174 100
70 173 100
70 172 100
70 171 100
71 170 100
72 170 100
73 170 100
74 170 100
75 170 100
76 170 100
77 170 100
78 170 100
79 170 100
81 170 100
81 169 100
81 168 100
81 167 100
81 166 100
81 165 100
81 164 100
80 164 100
80 163 100
80 162 100
80 161 100
81 160 100
82 160 100
83 160 100
84 160 100
85 160 100
86 160 100
87 160 100
88 160 100
89 160 100
91 160 100
92 160 100
93 160 100
94 160 100
95 160 100
96 160 100
97 160 100
98 160 100
99 160 100
101 160 100
102 160 100
103 160 100
104 160 100
105 160 100
106 160 100
107 160 100
108 160 100
109 160 100
111 160 100
111 159 100
112 159 100
112 158 100
112 157 100
112 156 100
112 155 100
172 75 100
171 75 100
171 76 100
170 76 100
170 77 100
170 78 100
170 79 100
170 81 100
170 82 100
170 83 100
170 84 100
170 85 100
170 86 100
170 87 100
170 88 100
170 89 100
170 91 100
170 92 100
170 93 100
170 94 100
170 95 100
170 96 100
170 97 100
170 98 100
170 99 100
170 101 100
170 102 100
170 103 100
170 104 100
170 105 100
170 106 100
170 107 100
170 108 100
170 109 100
169 110 100
168 110 100
167 110 100
166 110 100
165 110 100
164 110 100
163 110 100
162 110 100
120 118 100
120 119 100
120 121 100
120 122 100
120 123 100
120 124 100
120 125 100
120 126 100
120 127 100
120 128 100
120 129 100
120 131 100
120 132 100
120 133 100
120 134 100
120 135 100
120 136 100
120 137 100
120 138 100
120 139 100
120 141 100
120 142 100
120 143 100
120 144 100
120 145 100
120 146 100
120 147 100
120 148 100
120 149 100
