# score 61098
0 150 100
10 150 100
20 150 100
30 150 100
40 150 100
0 160 100
10 160 100
20 160 100
30 160 100
40 160 100
0 170 100
10 170 100
20 170 100
30 170 100
40 170 100
0 180 100
10 180 100
20 180 100
30 180 100
40 180 100
0 190 100
10 190 100
20 190 100
30 190 100
40 190 100
0 70 100
10 70 100
20 70 100
30 70 100
40 70 100
50 70 100
60 70 100
70 70 100
0 80 100
10 80 100
20 80 100
30 80 100
40 80 100
50 80 100
60 80 100
70 80 100
0 90 100
10 90 100
20 90 100
30 90 100
40 90 100
50 90 100
60 90 100
70 90 100
0 100 100
10 100 100
20 100 100
30 100 100
40 100 100
50 100 100
60 100 100
70 100 100
0 110 100
10 110 100
20 110 100
30 110 100
40 110 100
50 110 100
60 110 100
70 110 100
0 120 100
10 120 100
20 120 100
30 120 100
40 120 100
50 120 100
60 120 100
70 120 100
0 130 100
10 130 100
20 130 100
30 130 100
40 130 100
50 130 100
60 130 100
70 130 100
0 140 100
10 140 100
20 140 100
30 140 100
40 140 100
50 140 100
60 140 100
70 140 100
0 150 100
10 150 100
20 150 100
30 150 100
40 150 100
50 150 100
60 150 100
70 150 100
90 120 100
100 120 100
110 120 100
120 120 100
130 120 100
140 120 100
150 120 100
160 120 100
170 120 100
90 130 100
100 130 100
110 130 100
120 130 100
130 130 100
140 130 100
150 130 100
160 130 100
170 130 100
90 140 100
100 140 100
110 140 100
120 140 100
130 140 100
140 140 100
150 140 100
160 140 100
170 140 100
90 150 100
100 150 100
110 150 100
120 150 100
130 150 100
140 150 100
150 150 100
160 150 100
170 150 100
90 160 100
100 160 100
110 160 100
120 160 100
130 160 100
140 160 100
150 160 100
160 160 100
170 160 100
90 170 100
100 170 100
110 170 100
120 170 100
130 170 100
140 170 100
150 170 100
160 170 100
170 170 100
90 180 100
100 180 100
110 180 100
120 180 100
130 180 100
140 180 100
150 180 100
160 180 100
170 180 100
90 190 100
100 190 100
110 190 100
120 190 100
130 190 100
140 190 100
150 190 100
160 190 100
170 190 100
50 0 100
60 0 100
70 0 100
80 0 100
90 0 100
100 0 100
110 0 100
120 0 100
130 0 100
50 10 100
60 10 100
70 10 100
80 10 100
90 10 100
100 10 100
110 10 100
120 10 100
130 10 100
50 20 100
60 20 100
70 20 100
80 20 100
90 20 100
100 20 100
110 20 100
120 20 100
130 20 100
50 30 100
60 30 100
70 30 100
80 30 100
90 30 100
100 30 100
110 30 100
120 30 100
130 30 100
50 40 100
60 40 100
70 40 100
80 40 100
90 40 100
100 40 100
110 40 100
120 40 100
130 40 100
50 50 100
60 50 100
70 50 100
80 50 100
90 50 100
100 50 100
110 50 100
120 50 100
130 50 100
92 16 100
92 16 100
92 16 100
91 16 100
91 16 100
91 16 100
91 17 100
91 17 100
91 17 100
90 17 100
90 17 100
90 17 100
90 18 100
90 18 100
90 18 100
89 18 100
89 18 100
89 18 100
89 19 100
89 19 100
89 19 100
88 19 100
88 19 100
88 19 100
88 20 100
88 20 100
88 20 100
87 20 100
87 20 100
86 20 100
86 20 100
85 20 100
85 20 100
84 20 100
84 20 100
83 20 100
82 20 100
81 20 100
79 20 100
78 20 100
77 20 100
76 20 100
75 20 100
74 20 100
73 20 100
72 20 100
71 20 100
69 20 100
69 20 100
69 21 100
69 21 100
68 21 100
68 21 100
68 22 100
68 22 100
67 22 100
67 22 100
67 22 100
67 23 100
67 23 100
67 23 100
66 23 100
66 23 100
66 23 100
66 24 100
66 24 100
66 24 100
65 24 100
65 24 100
65 24 100
65 24 100
65 25 100
65 25 100
65 25 100
65 25 100
64 25 100
64 25 100
64 25 100
64 25 100
64 26 100
64 26 100
64 26 100
64 26 100
63 26 100
63 26 100
63 26 100
63 26 100
63 27 100
63 27 100
63 27 100
63 27 100
62 27 100
62 27 100
62 27 100
62 27 100
62 28 100
62 28 100
62 28 100
62 28 100
61 28 100
61 28 100
61 28 100
61 28 100
61 29 100
61 29 100
61 29 100
60 29 100
60 29 100
60 29 100
60 30 100
60 30 100
59 30 100
59 30 100
59 30 100
59 31 100
59 31 100
59 31 100
58 31 100
58 31 100
58 31 100
58 32 100
58 32 100
57 32 100
57 32 100
57 33 100
57 33 100
56 33 100
56 33 100
56 34 100
56 34 100
55 34 100
55 34 100
55 35 100
55 35 100
55 35 100
54 35 100
54 35 100
54 35 100
54 36 100
54 36 100
54 36 100
53 36 100
53 36 100
53 36 100
53 37 100
53 37 100
53 37 100
52 37 100
52 37 100
52 37 100
52 37 100
52 38 100
52 38 100
52 38 100
52 38 100
51 38 100
51 38 100
51 38 100
51 38 100
51 39 100
51 39 100
51 39 100
51 39 100
51 39 100
50 39 100
50 39 100
50 39 100
50 39 100
50 39 100
50 40 100
50 40 100
50 40 100
50 40 100
50 41 100
50 41 100
50 41 100
50 41 100
50 41 100
50 41 100
50 42 100
50 42 100
50 42 100
50 42 100
50 42 100
50 42 100
50 43 100
50 43 100
50 43 100
50 43 100
50 43 100
50 43 100
50 44 100
50 44 100
50 44 100
50 44 100
50 44 100
50 44 100
50 45 100
50 45 100
50 45 100
50 45 100
50 45 100
50 45 100
50 46 100
50 46 100
50 46 100
50 46 100
50 46 100
50 46 100
50 47 100
50 47 100
50 47 100
50 47 100
50 47 100
50 48 100
50 48 100
50 48 100
50 48 100
50 48 100
50 49 100
50 49 100
50 49 100
50 49 100
50 50 100
50 50 100
50 50 100
50 51 100
50 51 100
50 51 100
50 51 100
50 52 100
50 52 100
50 52 100
50 53 100
50 53 100
50 53 100
50 54 100
50 54 100
50 54 100
50 55 100
50 55 100
50 55 100
50 56 100
50 56 100
50 56 100
50 57 100
50 57 100
50 57 100
50 58 100
50 58 100
50 58 100
50 59 100
50 59 100
50 59 100
50 60 100
50 60 100
50 60 100
50 61 100
50 61 100
50 61 100
50 61 100
50 62 100
50 62 100
50 62 100
50 62 100
50 63 100
50 63 100
50 63 100
50 63 100
50 64 100
50 64 100
50 64 100
50 64 100
50 65 100
50 65 100
50 65 100
50 65 100
50 66 100
50 66 100
50 66 100
50 66 100
50 67 100
50 67 100
50 67 100
50 67 100
50 68 100
50 68 100
50 68 100
50 69 100
50 69 100
50 69 100
50 70 100
50 70 100
50 71 100
50 71 100
50 71 100
50 72 100
50 72 100
50 72 100
50 73 100
50 73 100
50 73 100
50 74 100
50 74 100
50 74 100
50 75 100
50 75 100
50 75 100
50 76 100
50 76 100
50 76 100
50 77 100
50 77 100
50 77 100
50 78 100
50 78 100
50 78 100
50 79 100
50 79 100
50 79 100
50 80 100
50 80 100
50 81 100
50 81 100
50 81 100
50 82 100
50 82 100
50 82 100
50 83 100
50 83 100
50 83 100
50 84 100
50 84 100
50 85 100
50 85 100
50 86 100
50 86 100
50 87 100
50 87 100
50 88 100
50 88 100
50 89 100
50 91 100
50 92 100
50 93 100
50 94 100
50 95 100
50 96 100
50 97 100
50 98 100
50 99 100
49 100 100
48 100 100
47 100 100
46 100 100
45 100 100
44 100 100
43 100 100
42 100 100
41 100 100
40 101 100
40 102 100
40 103 100
40 104 100
40 105 100
40 106 100
40 107 100
40 108 100
40 109 100
39 110 100
39 111 100
38 111 100
38 112 100
37 112 100
37 113 100
36 113 100
