# score 220440
150 150 100
160 150 100
170 150 100
180 150 100
190 150 100
150 160 100
160 160 100
170 160 100
180 160 100
190 160 100
150 170 100
160 170 100
170 170 100
180 170 100
190 170 100
150 180 100
160 180 100
170 180 100
180 180 100
190 180 100
150 190 100
160 190 100
170 190 100
180 190 100
190 190 100
20 50 100
30 50 100
40 50 100
50 50 100
60 50 100
70 50 100
80 50 100
90 50 100
100 50 100
20 60 100
30 60 100
40 60 100
50 60 100
60 60 100
70 60 100
80 60 100
90 60 100
100 60 100
20 70 100
30 70 100
40 70 100
50 70 100
60 70 100
70 70 100
80 70 100
90 70 100
100 70 100
20 80 100
30 80 100
40 80 100
50 80 100
60 80 100
70 80 100
80 80 100
90 80 100
100 80 100
20 90 100
30 90 100
40 90 100
50 90 100
60 90 100
70 90 100
80 90 100
90 90 100
100 90 100
20 100 100
30 100 100
40 100 100
50 100 100
60 100 100
70 100 100
80 100 100
90 100 100
100 100 100
20 110 100
30 110 100
40 110 100
50 110 100
60 110 100
70 110 100
80 110 100
90 110 100
100 110 100
20 120 100
30 120 100
40 120 100
50 120 100
60 120 100
70 120 100
80 120 100
90 120 100
100 120 100
20 130 100
30 130 100
40 130 100
50 130 100
60 130 100
70 130 100
80 130 100
90 130 100
100 130 100
150 80 100
160 80 100
170 80 100
180 80 100
190 80 100
150 90 100
160 90 100
170 90 100
180 90 100
190 90 100
150 100 100
160 100 100
170 100 100
180 100 100
190 100 100
150 110 100
160 110 100
170 110 100
180 110 100
190 110 100
150 120 100
160 120 100
170 120 100
180 120 100
190 120 100
150 130 100
160 130 100
170 130 100
180 130 100
190 130 100
150 140 100
160 140 100
170 140 100
180 140 100
190 140 100
160 150 100
170 150 100
180 150 100
190 150 100
160 160 100
170 160 100
180 160 100
190 160 100
110 0 100
120 0 100
130 0 100
140 0 100
150 0 100
160 0 100
170 0 100
180 0 100
190 0 100
110 10 100
120 10 100
130 10 100
140 10 100
150 10 100
160 10 100
170 10 100
180 10 100
190 10 100
110 20 100
120 20 100
130 20 100
140 20 100
150 20 100
160 20 100
170 20 100
180 20 100
190 20 100
110 30 100
120 30 100
130 30 100
140 30 100
150 30 100
160 30 100
170 30 100
180 30 100
190 30 100
110 40 100
120 40 100
130 40 100
140 40 100
150 40 100
160 40 100
170 40 100
180 40 100
190 40 100
0 20 100
10 20 100
20 20 100
30 20 100
40 20 100
50 20 100
0 30 100
10 30 100
20 30 100
30 30 100
40 30 100
50 30 100
0 40 100
10 40 100
20 40 100
30 40 100
40 40 100
50 40 100
0 50 100
10 50 100
20 50 100
50 50 100
0 60 100
10 60 100
20 60 100
30 60 100
40 60 100
50 60 100
0 70 100
10 70 100
20 70 100
30 70 100
40 70 100
50 70 100
0 80 100
10 80 100
20 80 100
30 80 100
40 80 100
50 80 100
0 90 100
10 90 100
20 90 100
30 90 100
40 90 100
0 100 100
10 100 100
20 100 100
30 100 100
90 130 100
100 130 100
110 130 100
120 130 100
130 130 100
140 130 100
150 130 100
160 130 100
170 130 100
90 140 100
100 140 100
110 140 100
120 140 100
130 140 100
140 140 100
150 140 100
160 140 100
170 140 100
90 150 100
100 150 100
110 150 100
120 150 100
130 150 100
140 150 100
160 150 100
170 150 100
90 160 100
100 160 100
110 160 100
120 160 100
130 160 100
140 160 100
170 160 100
90 170 100
100 170 100
110 170 100
120 170 100
130 170 100
140 170 100
160 170 100
170 170 100
90 180 100
100 180 100
110 180 100
120 180 100
130 180 100
140 180 100
160 180 100
170 180 100
90 190 100
100 190 100
110 190 100
120 190 100
130 190 100
140 190 100
150 190 100
160 190 100
170 190 100
40 140 100
50 140 100
60 140 100
70 140 100
80 140 100
90 140 100
100 140 100
110 140 100
120 140 100
40 150 100
50 150 100
60 150 100
70 150 100
80 150 100
90 150 100
100 150 100
110 150 100
120 150 100
40 160 100
50 160 100
60 160 100
70 160 100
80 160 100
90 160 100
100 160 100
110 160 100
40 170 100
50 170 100
60 170 100
70 170 100
80 170 100
90 170 100
100 170 100
110 170 100
120 170 100
40 180 100
50 180 100
60 180 100
70 180 100
80 180 100
100 180 100
110 180 100
120 180 100
40 190 100
50 190 100
60 190 100
70 190 100
80 190 100
90 190 100
100 190 100
110 190 100
120 190 100
20 70 100
30 70 100
40 70 100
50 70 100
20 80 100
30 80 100
40 80 100
50 80 100
0 90 100
20 90 100
30 90 100
40 90 100
0 100 100
10 100 100
20 100 100
0 110 100
10 110 100
20 110 100
30 110 100
0 120 100
10 120 100
20 120 100
30 120 100
0 130 100
10 130 100
20 130 100
30 130 100
40 130 100
0 140 100
10 140 100
20 140 100
30 140 100
40 140 100
50 140 100
0 150 100
10 150 100
20 150 100
30 150 100
40 150 100
50 150 100
30 20 100
40 20 100
50 20 100
60 20 100
70 20 100
80 20 100
90 20 100
100 20 100
110 20 100
40 30 100
50 30 100
60 30 100
70 30 100
80 30 100
90 30 100
100 30 100
110 30 100
50 40 100
60 40 100
70 40 100
80 40 100
90 40 100
100 40 100
110 40 100
50 50 100
60 50 100
110 50 100
30 60 100
50 60 100
110 60 100
30 70 100
40 70 100
50 70 100
110 70 100
30 80 100
40 80 100
100 80 100
110 80 100
30 90 100
40 90 100
90 90 100
100 90 100
110 90 100
90 100 100
100 100 100
110 100 100
80 10 100
90 10 100
100 10 100
110 10 100
120 10 100
130 10 100
140 10 100
150 10 100
160 10 100
80 20 100
90 20 100
100 20 100
110 20 100
120 20 100
130 20 100
140 20 100
150 20 100
160 20 100
80 30 100
90 30 100
100 30 100
110 30 100
120 30 100
130 30 100
140 30 100
150 30 100
160 30 100
100 40 100
110 40 100
120 40 100
150 40 100
160 40 100
120 50 100
130 50 100
140 50 100
150 50 100
160 50 100
110 60 100
120 60 100
130 60 100
140 60 100
150 60 100
160 60 100
110 70 100
120 70 100
130 70 100
140 70 100
150 70 100
160 70 100
100 80 100
110 80 100
120 80 100
130 80 100
140 80 100
150 80 100
100 90 100
110 90 100
120 90 100
130 90 100
140 90 100
150 90 100
160 90 100
0 0 100
10 0 100
20 0 100
30 0 100
40 0 100
50 0 100
60 0 100
70 0 100
0 10 100
10 10 100
20 10 100
30 10 100
40 10 100
50 10 100
60 10 100
70 10 100
10 20 100
20 20 100
30 20 100
40 20 100
50 20 100
60 20 100
70 20 100
0 30 100
10 30 100
20 30 100
40 30 100
50 30 100
60 30 100
70 30 100
0 40 100
10 40 100
20 40 100
60 40 100
70 40 100
0 50 100
10 50 100
20 50 100
0 60 100
10 60 100
20 60 100
30 60 100
30 70 100
40 70 100
50 70 100
20 80 100
30 80 100
40 80 100
150 0 100
170 0 100
180 0 100
190 0 100
150 10 100
160 10 100
170 10 100
180 10 100
190 10 100
150 20 100
160 20 100
170 20 100
180 20 100
190 20 100
150 30 100
160 30 100
170 30 100
180 30 100
190 30 100
160 40 100
170 40 100
180 40 100
190 40 100
156 2 100
155 2 100
155 1 100
154 1 100
154 0 100
153 0 100
152 0 100
151 0 100
150 1 100
150 1 100
150 2 100
150 2 100
150 3 100
150 3 100
150 4 100
150 4 100
150 4 100
150 5 100
150 5 100
150 5 100
150 6 100
150 6 100
150 6 100
150 6 100
150 7 100
150 7 100
150 7 100
150 7 100
150 7 100
150 8 100
150 8 100
150 8 100
150 8 100
150 8 100
150 9 100
150 9 100
150 9 100
150 9 100
150 9 100
150 9 100
150 10 100
150 10 100
150 10 100
150 11 100
150 11 100
150 11 100
150 11 100
150 11 100
150 11 100
150 11 100
150 12 100
150 12 100
150 12 100
150 12 100
150 12 100
150 12 100
150 12 100
150 13 100
150 13 100
150 13 100
150 13 100
150 13 100
150 13 100
150 13 100
150 14 100
150 14 100
150 14 100
150 14 100
150 14 100
150 14 100
150 14 100
150 14 100
150 15 100
150 15 100
150 15 100
150 15 100
150 15 100
150 15 100
150 15 100
150 15 100
150 16 100
150 16 100
150 16 100
150 16 100
150 16 100
150 16 100
150 16 100
150 16 100
150 16 100
150 17 100
150 17 100
150 17 100
150 17 100
150 17 100
150 17 100
150 17 100
150 17 100
150 17 100
150 18 100
150 18 100
150 18 100
150 18 100
150 18 100
150 18 100
150 18 100
150 18 100
150 18 100
150 18 100
150 19 100
150 19 100
150 19 100
150 19 100
150 19 100
150 19 100
150 19 100
150 19 100
150 19 100
150 19 100
150 19 100
150 20 100
150 20 100
150 20 100
150 20 100
150 20 100
150 20 100
150 20 100
150 20 100
150 20 100
150 21 100
150 21 100
150 21 100
150 21 100
150 21 100
150 21 100
150 21 100
150 21 100
150 21 100
150 21 100
150 21 100
150 21 100
150 21 100
150 22 100
150 22 100
150 22 100
150 22 100
150 22 100
150 22 100
150 22 100
150 22 100
150 22 100
150 22 100
150 22 100
150 22 100
150 22 100
150 22 100
150 23 100
150 23 100
150 23 100
150 23 100
150 23 100
150 23 100
150 23 100
150 23 100
150 23 100
150 23 100
150 23 100
150 23 100
150 23 100
150 23 100
150 24 100
150 24 100
150 24 100
150 24 100
150 24 100
150 24 100
150 24 100
150 24 100
150 24 100
150 24 100
150 24 100
150 24 100
150 24 100
150 24 100
150 25 100
150 25 100
150 25 100
150 25 100
150 25 100
150 25 100
150 25 100
150 25 100
150 25 100
150 25 100
150 25 100
150 25 100
150 25 100
150 25 100
150 26 100
150 26 100
150 26 100
150 26 100
150 26 100
150 26 100
150 26 100
150 26 100
150 26 100
150 26 100
150 26 100
150 26 100
150 26 100
150 27 100
150 27 100
150 27 100
150 27 100
150 27 100
150 27 100
150 27 100
150 27 100
150 27 100
150 27 100
150 27 100
150 27 100
150 28 100
150 28 100
150 28 100
150 28 100
150 28 100
150 28 100
150 28 100
150 28 100
150 28 100
150 28 100
150 29 100
150 29 100
150 29 100
150 29 100
150 29 100
150 29 100
150 29 100
150 29 100
150 29 100
150 30 100
150 30 100
150 30 100
150 30 100
150 30 100
150 31 100
150 31 100
150 31 100
150 31 100
150 31 100
150 31 100
150 32 100
150 32 100
150 32 100
150 32 100
150 32 100
150 33 100
150 33 100
150 33 100
150 33 100
150 34 100
150 34 100
150 34 100
150 35 100
150 35 100
150 35 100
150 36 100
150 36 100
150 37 100
150 37 100
150 38 100
150 38 100
150 39 100
150 39 100
150 41 100
150 41 100
150 42 100
150 42 100
150 43 100
150 44 100
150 45 100
150 46 100
150 47 100
150 48 100
150 49 100
150 51 100
150 52 100
150 53 100
150 54 100
150 55 100
150 56 100
150 57 100
150 58 100
150 59 100
150 61 100
150 62 100
150 63 100
150 64 100
150 65 100
150 66 100
150 67 100
150 68 100
150 69 100
151 70 100
152 70 100
153 70 100
154 70 100
155 70 100
156 70 100
157 70 100
158 70 100
159 70 100
160 71 100
160 72 100
160 73 100
160 74 100
160 75 100
160 76 100
160 77 100
160 78 100
160 79 100
161 80 100
162 80 100
163 80 100
164 80 100
165 80 100
166 80 100
167 80 100
168 80 100
169 80 100
170 81 100
170 82 100
170 83 100
170 84 100
170 85 100
170 86 100
170 87 100
170 88 100
170 89 100
170 91 100
170 92 100
170 93 100
170 94 100
170 95 100
170 96 100
170 97 100
170 98 100
170 99 100
171 100 100
172 100 100
173 100 100
174 100 100
175 100 100
176 100 100
177 100 100
178 100 100
179 100 100
181 100 100
182 100 100
183 100 100
184 100 100
185 100 100
186 100 100
187 100 100
188 100 100
189 100 100
190 101 100
190 102 100
190 103 100
190 104 100
190 105 100
190 106 100
190 107 100
190 108 100
190 109 100
190 111 100
190 112 100
190 113 100
190 114 100
190 115 100
190 116 100
190 117 100
190 118 100
190 119 100
191 120 100
191 121 100
191 122 100
191 123 100
191 124 100
191 125 100
191 126 100
191 127 100
191 127 100
16 69 100
15 69 100
15 70 100
14 70 100
13 70 100
12 70 100
11 70 100
10 71 100
10 72 100
10 73 100
10 74 100
10 75 100
10 76 100
10 77 100
10 78 100
10 79 100
10 81 100
10 82 100
10 83 100
10 84 100
10 85 100
10 86 100
10 87 100
10 88 100
10 89 100
11 90 100
11 91 100
12 91 100
12 91 100
12 92 100
12 92 100
13 92 100
13 92 100
13 93 100
13 93 100
14 93 100
14 93 100
14 94 100
14 94 100
14 94 100
15 94 100
15 94 100
15 94 100
15 95 100
15 95 100
15 95 100
15 95 100
16 95 100
16 95 100
16 95 100
16 95 100
16 96 100
16 96 100
16 96 100
16 96 100
16 96 100
17 96 100
17 96 100
17 96 100
17 96 100
17 96 100
17 97 100
17 97 100
17 97 100
17 97 100
17 97 100
17 97 100
18 97 100
18 97 100
18 97 100
18 97 100
18 97 100
18 97 100
18 98 100
18 98 100
18 98 100
18 98 100
18 98 100
18 98 100
19 98 100
19 98 100
19 98 100
19 98 100
19 98 100
19 98 100
19 98 100
19 99 100
19 99 100
19 99 100
19 99 100
19 99 100
19 99 100
19 99 100
20 99 100
20 99 100
20 99 100
20 99 100
20 99 100
20 99 100
20 99 100
20 100 100
20 100 100
20 100 100
20 100 100
21 100 100
21 100 100
21 100 100
21 100 100
21 100 100
21 100 100
21 100 100
22 100 100
22 100 100
22 100 100
22 100 100
22 100 100
22 100 100
22 100 100
23 100 100
23 100 100
23 100 100
23 100 100
23 100 100
23 100 100
24 100 100
24 100 100
24 100 100
24 100 100
24 100 100
25 100 100
25 100 100
25 100 100
25 100 100
26 100 100
26 100 100
26 100 100
26 100 100
27 100 100
27 100 100
27 100 100
28 100 100
28 100 100
29 100 100
29 100 100
31 100 100
32 100 100
33 100 100
34 100 100
35 100 100
36 100 100
37 100 100
38 100 100
39 100 100
41 100 100
42 100 100
43 100 100
44 100 100
45 100 100
46 100 100
47 100 100
48 100 100
49 100 100
51 100 100
52 100 100
53 100 100
54 100 100
55 100 100
56 100 100
57 100 100
58 100 100
59 100 100
61 100 100
61 99 100
62 99 100
63 99 100
64 99 100
65 99 100
135 179 100
134 179 100
134 180 100
133 180 100
132 180 100
131 180 100
129 180 100
128 180 100
128 180 100
127 180 100
127 180 100
126 180 100
126 180 100
125 180 100
125 180 100
124 180 100
124 180 100
123 180 100
123 180 100
122 180 100
122 180 100
121 180 100
121 180 100
119 180 100
119 180 100
118 180 100
118 180 100
117 180 100
117 180 100
116 180 100
116 180 100
115 180 100
115 180 100
114 180 100
114 180 100
113 180 100
113 180 100
112 180 100
112 180 100
111 180 100
111 180 100
109 180 100
109 180 100
108 180 100
108 180 100
108 180 100
107 180 100
107 180 100
107 180 100
106 180 100
106 180 100
106 180 100
105 180 100
105 180 100
105 180 100
104 180 100
104 180 100
104 180 100
103 180 100
103 180 100
103 180 100
103 180 100
102 180 100
102 180 100
102 180 100
102 180 100
101 180 100
101 180 100
101 180 100
101 180 100
100 180 100
99 180 100
99 180 100
99 180 100
98 180 100
98 180 100
98 180 100
97 180 100
97 180 100
97 180 100
96 180 100
96 180 100
96 180 100
95 180 100
95 180 100
95 180 100
94 180 100
94 180 100
94 180 100
93 180 100
93 180 100
92 180 100
92 180 100
91 180 100
91 180 100
90 179 100
90 178 100
90 177 100
90 176 100
90 175 100
90 175 100
90 174 100
90 174 100
90 173 100
90 173 100
90 172 100
90 172 100
90 171 100
90 171 100
89 170 100
89 170 100
88 170 100
88 170 100
87 170 100
86 170 100
85 170 100
84 170 100
83 170 100
82 170 100
81 170 100
80 169 100
80 168 100
80 167 100
80 166 100
80 165 100
80 164 100
80 163 100
80 162 100
80 161 100
79 160 100
78 160 100
77 160 100
76 160 100
75 160 100
74 160 100
73 160 100
72 160 100
71 160 100
70 159 100
70 158 100
70 157 100
70 156 100
70 155 100
70 154 100
70 153 100
70 152 100
70 151 100
70 149 100
70 148 100
70 147 100
70 146 100
70 145 100
70 144 100
70 143 100
70 142 100
70 141 100
70 139 100
70 138 100
70 137 100
70 136 100
70 135 100
70 134 100
70 133 100
70 132 100
70 131 100
70 129 100
70 128 100
70 127 100
70 126 100
70 125 100
70 124 100
70 123 100
70 122 100
70 121 100
70 119 100
70 118 100
70 117 100
70 116 100
70 115 100
70 114 100
70 113 100
70 112 100
70 111 100
70 109 100
70 108 100
70 107 100
70 106 100
70 105 100
70 104 100
70 103 100
70 102 100
70 101 100
69 100 100
69 99 100
68 99 100
67 99 100
66 99 100
81 189 100
80 189 100
80 188 100
80 187 100
80 186 100
80 185 100
80 184 100
80 183 100
80 182 100
80 181 100
80 179 100
80 178 100
80 177 100
80 176 100
80 175 100
80 174 100
80 173 100
80 172 100
80 171 100
30 116 100
30 116 100
30 116 100
30 116 100
30 116 100
30 115 100
30 115 100
30 115 100
30 115 100
30 115 100
30 114 100
30 114 100
30 114 100
30 114 100
30 113 100
30 113 100
30 113 100
30 113 100
30 112 100
30 112 100
30 112 100
30 111 100
30 111 100
30 111 100
30 109 100
30 109 100
30 108 100
30 108 100
30 107 100
30 107 100
30 106 100
30 106 100
30 105 100
30 104 100
30 103 100
30 102 100
30 101 100
71 67 100
70 67 100
70 68 100
70 69 100
70 71 100
70 72 100
70 73 100
70 74 100
70 75 100
70 76 100
70 77 100
70 78 100
70 79 100
70 81 100
70 82 100
70 83 100
70 84 100
70 85 100
70 86 100
70 87 100
70 88 100
70 89 100
70 91 100
70 92 100
70 93 100
70 94 100
70 95 100
70 96 100
70 97 100
70 98 100
70 99 100
127 52 100
128 52 100
128 51 100
129 51 100
129 50 100
131 50 100
132 50 100
133 50 100
134 50 100
135 50 100
136 50 100
137 50 100
138 50 100
139 50 100
141 50 100
142 50 100
143 50 100
144 50 100
145 50 100
146 50 100
147 50 100
148 50 100
149 50 100
30 49 100
31 50 100
32 50 100
33 50 100
34 50 100
35 50 100
36 50 100
37 50 100
38 50 100
39 50 100
41 50 100
42 50 100
43 50 100
44 50 100
45 50 100
46 50 100
47 50 100
47 50 100
48 50 100
48 50 100
49 50 100
49 50 100
51 50 100
51 50 100
51 50 100
52 50 100
52 50 100
52 50 100
53 50 100
53 50 100
53 50 100
54 50 100
54 50 100
54 50 100
54 50 100
55 50 100
55 50 100
55 50 100
55 50 100
56 50 100
56 50 100
56 50 100
56 50 100
57 50 100
57 50 100
57 50 100
58 50 100
58 50 100
58 50 100
59 50 100
59 50 100
59 50 100
61 50 100
61 50 100
62 50 100
62 50 100
63 50 100
63 50 100
64 50 100
65 50 100
66 50 100
67 50 100
68 50 100
69 50 100
70 51 100
70 52 100
70 53 100
70 54 100
70 55 100
70 56 100
70 57 100
70 58 100
70 59 100
71 60 100
71 61 100
71 62 100
71 63 100
71 64 100
71 65 100
71 66 100
199 2 100
199 2 100
198 2 100
198 2 100
198 1 100
198 1 100
197 1 100
197 1 100
197 0 100
197 0 100
196 0 100
196 0 100
195 0 100
195 0 100
194 0 100
194 0 100
193 0 100
193 0 100
193 0 100
192 0 100
192 0 100
192 0 100
191 0 100
191 0 100
191 0 100
190 0 100
190 0 100
189 0 100
189 0 100
189 0 100
189 0 100
189 0 100
188 0 100
188 0 100
188 0 100
188 0 100
188 0 100
187 0 100
187 0 100
187 0 100
187 0 100
187 0 100
187 0 100
186 0 100
186 0 100
186 0 100
186 0 100
186 0 100
186 0 100
186 0 100
185 0 100
185 0 100
185 0 100
185 0 100
185 0 100
185 0 100
185 0 100
184 0 100
184 0 100
184 0 100
184 0 100
184 0 100
184 0 100
184 0 100
183 0 100
183 0 100
183 0 100
183 0 100
183 0 100
183 0 100
183 0 100
183 0 100
182 0 100
182 0 100
182 0 100
182 0 100
182 0 100
182 0 100
182 0 100
182 0 100
181 0 100
181 0 100
181 0 100
181 0 100
181 0 100
181 0 100
181 0 100
180 0 100
180 0 100
180 0 100
180 0 100
180 0 100
179 0 100
179 0 100
179 0 100
179 0 100
179 0 100
179 0 100
178 0 100
178 0 100
178 0 100
178 0 100
178 0 100
177 0 100
177 0 100
177 0 100
177 0 100
176 0 100
176 0 100
176 0 100
175 0 100
175 0 100
175 0 100
174 0 100
174 0 100
173 0 100
173 0 100
172 0 100
172 0 100
171 0 100
171 0 100
169 0 100
169 0 100
168 0 100
168 0 100
167 0 100
167 0 100
166 0 100
166 0 100
165 0 100
165 0 100
164 0 100
163 0 100
162 0 100
161 0 100
159 0 100
159 1 100
158 1 100
158 2 100
157 2 100
