# score 135628
130 70 100
140 70 100
150 70 100
160 70 100
170 70 100
180 70 100
190 70 100
130 80 100
140 80 100
150 80 100
160 80 100
170 80 100
180 80 100
190 80 100
130 90 100
140 90 100
150 90 100
160 90 100
170 90 100
180 90 100
190 90 100
130 100 100
140 100 100
150 100 100
160 100 100
170 100 100
180 100 100
190 100 100
130 110 100
140 110 100
150 110 100
160 110 100
170 110 100
180 110 100
190 110 100
130 120 100
140 120 100
150 120 100
160 120 100
170 120 100
180 120 100
190 120 100
130 130 100
140 130 100
150 130 100
160 130 100
170 130 100
180 130 100
190 130 100
130 140 100
140 140 100
150 140 100
160 140 100
170 140 100
180 140 100
190 140 100
130 150 100
140 150 100
150 150 100
160 150 100
170 150 100
180 150 100
190 150 100
0 30 100
10 30 100
20 30 100
30 30 100
40 30 100
0 40 100
10 40 100
20 40 100
30 40 100
40 40 100
0 50 100
10 50 100
20 50 100
30 50 100
40 50 100
0 60 100
10 60 100
20 60 100
30 60 100
40 60 100
0 70 100
10 70 100
20 70 100
30 70 100
40 70 100
0 80 100
10 80 100
20 80 100
30 80 100
40 80 100
0 90 100
10 90 100
20 90 100
30 90 100
40 90 100
0 100 100
10 100 100
20 100 100
30 100 100
40 100 100
0 110 100
10 110 100
20 110 100
30 110 100
40 110 100
0 100 100
10 100 100
20 100 100
30 100 100
50 100 100
60 100 100
70 100 100
0 110 100
10 110 100
20 110 100
30 110 100
50 110 100
60 110 100
70 110 100
0 120 100
10 120 100
20 120 100
30 120 100
40 120 100
50 120 100
60 120 100
70 120 100
0 130 100
10 130 100
20 130 100
30 130 100
40 130 100
50 130 100
60 130 100
70 130 100
0 140 100
10 140 100
20 140 100
30 140 100
40 140 100
50 140 100
60 140 100
70 140 100
0 150 100
10 150 100
20 150 100
30 150 100
40 150 100
50 150 100
60 150 100
70 150 100
0 160 100
10 160 100
20 160 100
30 160 100
40 160 100
50 160 100
60 160 100
70 160 100
0 170 100
10 170 100
20 170 100
30 170 100
40 170 100
50 170 100
60 170 100
70 170 100
0 180 100
10 180 100
20 180 100
30 180 100
40 180 100
50 180 100
60 180 100
70 180 100
90 110 100
100 110 100
110 110 100
120 110 100
130 110 100
140 110 100
150 110 100
160 110 100
170 110 100
90 120 100
100 120 100
110 120 100
120 120 100
130 120 100
140 120 100
150 120 100
160 120 100
170 120 100
90 130 100
100 130 100
110 130 100
120 130 100
150 130 100
160 130 100
170 130 100
90 140 100
100 140 100
110 140 100
120 140 100
150 140 100
160 140 100
90 150 100
100 150 100
110 150 100
120 150 100
160 150 100
170 150 100
90 160 100
100 160 100
110 160 100
120 160 100
130 160 100
140 160 100
150 160 100
160 160 100
170 160 100
90 170 100
100 170 100
110 170 100
120 170 100
130 170 100
140 170 100
150 170 100
160 170 100
170 170 100
90 180 100
100 180 100
110 180 100
120 180 100
130 180 100
140 180 100
150 180 100
160 180 100
170 180 100
90 190 100
100 190 100
110 190 100
120 190 100
130 190 100
140 190 100
150 190 100
160 190 100
170 190 100
50 50 100
60 50 100
70 50 100
80 50 100
90 50 100
100 50 100
110 50 100
120 50 100
130 50 100
50 60 100
60 60 100
70 60 100
80 60 100
90 60 100
100 60 100
110 60 100
120 60 100
130 60 100
50 70 100
60 70 100
70 70 100
80 70 100
90 70 100
100 70 100
110 70 100
120 70 100
130 70 100
50 80 100
60 80 100
70 80 100
80 80 100
90 80 100
100 80 100
110 80 100
120 80 100
130 80 100
50 90 100
60 90 100
70 90 100
80 90 100
90 90 100
100 90 100
110 90 100
120 90 100
130 90 100
80 100 100
90 100 100
100 100 100
110 100 100
120 100 100
130 100 100
80 110 100
120 110 100
130 110 100
80 120 100
90 120 100
100 120 100
110 120 100
120 120 100
130 120 100
50 130 100
60 130 100
80 130 100
90 130 100
100 130 100
110 130 100
120 0 100
130 0 100
140 0 100
150 0 100
160 0 100
170 0 100
180 0 100
190 0 100
120 10 100
130 10 100
140 10 100
150 10 100
160 10 100
170 10 100
180 10 100
190 10 100
120 20 100
130 20 100
140 20 100
150 20 100
160 20 100
170 20 100
180 20 100
190 20 100
120 30 100
130 30 100
140 30 100
150 30 100
160 30 100
170 30 100
180 30 100
190 30 100
120 40 100
130 40 100
140 40 100
150 40 100
160 40 100
170 40 100
180 40 100
190 40 100
120 50 100
130 50 100
140 50 100
150 50 100
160 50 100
170 50 100
180 50 100
190 50 100
120 60 100
130 60 100
140 60 100
150 60 100
160 60 100
170 60 100
180 60 100
190 60 100
120 70 100
130 70 100
140 70 100
150 70 100
180 70 100
190 70 100
40 140 100
50 140 100
60 140 100
80 140 100
90 140 100
100 140 100
40 150 100
50 150 100
60 150 100
70 150 100
80 150 100
30 160 100
40 160 100
50 160 100
60 160 100
80 160 100
30 170 100
40 170 100
50 170 100
80 170 100
110 170 100
30 180 100
40 180 100
50 180 100
60 180 100
80 180 100
100 180 100
110 180 100
30 190 100
40 190 100
50 190 100
60 190 100
70 190 100
80 190 100
90 190 100
100 190 100
110 190 100
136 151 100
135 151 100
135 150 100
134 150 100
133 150 100
132 150 100
131 150 100
129 150 100
128 150 100
127 150 100
126 150 100
125 150 100
124 150 100
123 150 100
122 150 100
121 150 100
119 150 100
118 150 100
117 150 100
116 150 100
115 150 100
114 150 100
113 150 100
112 150 100
111 150 100
109 150 100
108 150 100
107 150 100
106 150 100
105 150 100
104 150 100
103 150 100
102 150 100
101 150 100
99 150 100
98 150 100
97 150 100
96 150 100
95 150 100
94 150 100
93 150 100
92 150 100
91 150 100
90 149 100
90 148 100
90 147 100
90 146 100
90 145 100
90 144 100
90 143 100
90 143 100
90 142 100
90 142 100
90 141 100
90 141 100
89 140 100
89 140 100
88 140 100
88 140 100
87 140 100
87 140 100
86 140 100
86 140 100
85 140 100
84 140 100
83 140 100
82 140 100
81 140 100
80 139 100
80 138 100
80 137 100
80 136 100
80 135 100
80 134 100
80 133 100
80 132 100
80 131 100
80 129 100
80 128 100
80 127 100
80 126 100
80 125 100
80 124 100
80 123 100
80 122 100
80 121 100
80 119 100
80 118 100
80 117 100
80 116 100
80 115 100
80 114 100
80 113 100
80 112 100
80 111 100
79 110 100
78 110 100
77 110 100
76 110 100
75 110 100
74 110 100
73 110 100
72 110 100
71 110 100
69 110 100
68 110 100
67 110 100
66 110 100
65 110 100
64 110 100
63 110 100
62 110 100
61 110 100
60 109 100
60 108 100
60 107 100
60 106 100
60 105 100
60 104 100
60 103 100
60 102 100
60 101 100
59 100 100
58 100 100
57 100 100
56 100 100
55 100 100
54 100 100
53 100 100
52 100 100
51 100 100
50 99 100
50 98 100
50 97 100
50 96 100
50 95 100
50 94 100
50 93 100
50 92 100
50 91 100
50 89 100
50 88 100
50 87 100
50 86 100
50 85 100
50 84 100
50 83 100
50 82 100
50 81 100
50 79 100
50 78 100
50 77 100
50 76 100
50 75 100
50 74 100
50 73 100
50 72 100
50 71 100
49 70 100
48 70 100
47 70 100
46 70 100
45 70 100
44 70 100
43 70 100
42 70 100
41 70 100
39 70 100
38 70 100
37 70 100
36 70 100
35 70 100
34 70 100
33 70 100
32 70 100
31 70 100
29 70 100
28 70 100
27 70 100
26 70 100
25 70 100
24 70 100
23 70 100
22 70 100
21 70 100
19 70 100
18 70 100
17 70 100
16 70 100
15 70 100
14 70 100
13 70 100
12 70 100
11 70 100
9 70 100
9 71 100
8 71 100
8 72 100
7 72 100
7 73 100
6 73 100
6 74 100
5 74 100
99 96 100
100 96 100
100 97 100
100 98 100
100 99 100
100 101 100
100 102 100
100 103 100
100 104 100
100 105 100
100 106 100
100 107 100
100 108 100
100 109 100
99 110 100
98 110 100
97 110 100
96 110 100
95 110 100
94 110 100
93 110 100
92 110 100
91 110 100
89 110 100
88 110 100
87 110 100
86 110 100
85 110 100
84 110 100
83 110 100
82 110 100
81 110 100
163 38 100
162 38 100
162 39 100
161 39 100
161 40 100
160 41 100
160 42 100
160 43 100
160 44 100
160 45 100
160 46 100
160 47 100
160 48 100
160 49 100
160 51 100
160 52 100
160 53 100
160 54 100
160 55 100
160 55 100
160 56 100
160 56 100
160 57 100
160 57 100
160 58 100
160 58 100
160 59 100
160 59 100
160 59 100
160 60 100
160 60 100
160 61 100
160 61 100
160 61 100
160 62 100
160 62 100
160 62 100
160 63 100
160 63 100
160 63 100
160 64 100
160 64 100
160 64 100
160 65 100
160 65 100
160 65 100
160 66 100
160 66 100
160 67 100
160 67 100
160 68 100
160 68 100
160 69 100
160 71 100
160 72 100
160 73 100
160 74 100
160 75 100
160 76 100
160 77 100
160 78 100
160 79 100
160 81 100
160 82 100
160 83 100
160 84 100
160 85 100
160 86 100
160 87 100
160 88 100
160 89 100
161 90 100
161 90 100
161 91 100
161 91 100
162 91 100
162 91 100
162 92 100
162 92 100
163 92 100
163 92 100
163 93 100
163 93 100
164 93 100
164 93 100
164 94 100
164 94 100
165 94 100
165 94 100
165 95 100
165 95 100
166 95 100
166 95 100
166 96 100
166 96 100
167 96 100
167 96 100
167 97 100
167 97 100
168 97 100
168 97 100
168 98 100
168 98 100
169 98 100
169 98 100
169 99 100
169 99 100
170 99 100
170 99 100
170 100 100
170 101 100
170 102 100
170 103 100
170 104 100
170 105 100
170 106 100
170 107 100
170 108 100
170 109 100
171 110 100
171 111 100
172 111 100
172 112 100
173 112 100
173 113 100
174 113 100
174 114 100
174 115 100
174 116 100
174 117 100
78 188 100
79 188 100
79 187 100
80 187 100
80 186 100
80 185 100
80 184 100
80 183 100
80 182 100
80 181 100
80 179 100
80 178 100
80 177 100
80 176 100
80 175 100
80 174 100
80 173 100
80 172 100
80 171 100
80 169 100
80 168 100
80 167 100
80 166 100
80 165 100
80 164 100
80 163 100
80 162 100
80 161 100
80 159 100
80 158 100
80 157 100
80 156 100
80 155 100
80 154 100
80 153 100
80 152 100
80 151 100
80 149 100
80 148 100
80 147 100
80 146 100
80 145 100
80 144 100
80 143 100
80 142 100
80 141 100
