# score 91988
130 0 100
140 0 100
150 0 100
160 0 100
170 0 100
180 0 100
190 0 100
130 10 100
140 10 100
150 10 100
160 10 100
170 10 100
180 10 100
190 10 100
130 20 100
140 20 100
150 20 100
160 20 100
170 20 100
180 20 100
190 20 100
130 30 100
140 30 100
150 30 100
160 30 100
170 30 100
180 30 100
190 30 100
130 40 100
140 40 100
150 40 100
160 40 100
170 40 100
180 40 100
190 40 100
130 50 100
140 50 100
150 50 100
160 50 100
170 50 100
180 50 100
190 50 100
130 60 100
140 60 100
150 60 100
160 60 100
170 60 100
180 60 100
190 60 100
130 70 100
140 70 100
150 70 100
160 70 100
170 70 100
180 70 100
190 70 100
130 80 100
140 80 100
150 80 100
160 80 100
170 80 100
180 80 100
190 80 100
80 0 100
90 0 100
100 0 100
110 0 100
120 0 100
130 0 100
140 0 100
150 0 100
80 10 100
90 10 100
100 10 100
110 10 100
120 10 100
130 10 100
140 10 100
150 10 100
160 10 100
80 20 100
90 20 100
100 20 100
110 20 100
120 20 100
130 20 100
140 20 100
150 20 100
160 20 100
80 30 100
90 30 100
100 30 100
110 30 100
120 30 100
130 30 100
140 30 100
150 30 100
80 40 100
90 40 100
100 40 100
110 40 100
120 40 100
130 40 100
140 40 100
80 50 100
90 50 100
100 50 100
110 50 100
120 50 100
130 50 100
140 50 100
150 50 100
20 140 100
30 140 100
40 140 100
50 140 100
60 140 100
70 140 100
80 140 100
90 140 100
100 140 100
20 150 100
30 150 100
40 150 100
50 150 100
60 150 100
70 150 100
80 150 100
90 150 100
100 150 100
20 160 100
30 160 100
40 160 100
50 160 100
60 160 100
70 160 100
80 160 100
90 160 100
100 160 100
20 170 100
30 170 100
40 170 100
50 170 100
60 170 100
70 170 100
80 170 100
90 170 100
100 170 100
20 180 100
30 180 100
40 180 100
50 180 100
60 180 100
70 180 100
80 180 100
90 180 100
100 180 100
20 190 100
30 190 100
40 190 100
50 190 100
60 190 100
70 190 100
80 190 100
90 190 100
100 190 100
30 60 100
40 60 100
50 60 100
60 60 100
70 60 100
80 60 100
90 60 100
100 60 100
110 60 100
30 70 100
40 70 100
50 70 100
60 70 100
70 70 100
80 70 100
90 70 100
100 70 100
110 70 100
30 80 100
40 80 100
50 80 100
60 80 100
70 80 100
80 80 100
90 80 100
100 80 100
110 80 100
30 90 100
40 90 100
50 90 100
60 90 100
70 90 100
80 90 100
90 90 100
100 90 100
110 90 100
30 100 100
40 100 100
50 100 100
60 100 100
70 100 100
80 100 100
90 100 100
100 100 100
110 100 100
30 110 100
40 110 100
50 110 100
60 110 100
70 110 100
80 110 100
90 110 100
100 110 100
110 110 100
30 120 100
40 120 100
50 120 100
60 120 100
70 120 100
80 120 100
90 120 100
100 120 100
110 120 100
30 130 100
40 130 100
50 130 100
60 130 100
70 130 100
80 130 100
90 130 100
100 130 100
110 130 100
70 140 100
80 140 100
90 140 100
100 140 100
110 140 100
0 20 100
10 20 100
20 20 100
30 20 100
40 20 100
50 20 100
60 20 100
70 20 100
80 20 100
0 30 100
10 30 100
20 30 100
30 30 100
40 30 100
50 30 100
60 30 100
70 30 100
80 30 100
0 40 100
10 40 100
20 40 100
30 40 100
40 40 100
50 40 100
60 40 100
70 40 100
80 40 100
0 50 100
10 50 100
20 50 100
30 50 100
40 50 100
50 50 100
60 50 100
70 50 100
80 50 100
0 60 100
10 60 100
20 60 100
50 60 100
60 60 100
70 60 100
80 60 100
0 70 100
10 70 100
20 70 100
60 70 100
70 70 100
80 70 100
0 80 100
10 80 100
20 80 100
60 80 100
70 80 100
80 80 100
0 90 100
10 90 100
20 90 100
30 90 100
60 90 100
70 90 100
80 90 100
0 100 100
10 100 100
20 100 100
30 100 100
40 100 100
50 100 100
60 100 100
70 100 100
20 100 100
30 100 100
40 100 100
60 100 100
0 110 100
10 110 100
20 110 100
30 110 100
40 110 100
50 110 100
0 120 100
10 120 100
20 120 100
50 120 100
60 120 100
0 130 100
10 130 100
20 130 100
50 130 100
60 130 100
0 140 100
10 140 100
0 150 100
10 150 100
30 150 100
40 150 100
0 160 100
10 160 100
20 160 100
30 160 100
40 160 100
50 160 100
60 160 100
0 170 100
10 170 100
20 170 100
40 170 100
50 170 100
60 170 100
0 180 100
10 180 100
20 180 100
50 180 100
60 20 100
70 20 100
80 20 100
90 20 100
130 20 100
140 20 100
60 30 100
70 30 100
80 30 100
90 30 100
100 30 100
120 30 100
130 30 100
140 30 100
60 40 100
70 40 100
80 40 100
90 40 100
100 40 100
110 40 100
120 40 100
130 40 100
140 40 100
70 50 100
80 50 100
90 50 100
130 50 100
140 50 100
60 60 100
120 60 100
130 60 100
140 60 100
70 70 100
90 70 100
100 70 100
120 70 100
140 70 100
70 80 100
90 80 100
100 80 100
110 80 100
120 80 100
140 80 100
60 90 100
70 90 100
100 90 100
110 90 100
120 90 100
130 90 100
140 90 100
60 100 100
120 100 100
130 100 100
140 100 100
41 67 100
40 67 100
40 68 100
40 69 100
41 70 100
42 70 100
43 70 100
44 70 100
45 70 100
46 70 100
47 70 100
48 70 100
49 70 100
51 70 100
52 70 100
53 70 100
53 70 100
54 70 100
54 70 100
55 70 100
55 70 100
56 70 100
56 70 100
57 70 100
57 70 100
58 70 100
58 70 100
59 70 100
59 70 100
61 70 100
61 70 100
62 70 100
62 70 100
62 70 100
63 70 100
63 70 100
63 70 100
64 70 100
64 70 100
64 70 100
65 70 100
65 70 100
65 70 100
66 70 100
66 70 100
66 70 100
67 70 100
67 70 100
67 70 100
68 70 100
68 70 100
68 70 100
69 70 100
69 70 100
69 70 100
71 70 100
71 70 100
71 70 100
72 70 100
72 70 100
72 70 100
73 70 100
73 70 100
73 70 100
73 70 100
74 70 100
74 70 100
74 70 100
74 70 100
75 70 100
75 70 100
75 70 100
75 70 100
76 70 100
76 70 100
76 70 100
76 70 100
77 70 100
77 70 100
77 70 100
78 70 100
78 70 100
78 70 100
79 70 100
79 70 100
80 71 100
80 71 100
80 72 100
80 72 100
80 73 100
80 73 100
80 74 100
80 74 100
80 75 100
80 75 100
80 76 100
80 76 100
80 77 100
80 77 100
80 78 100
80 78 100
80 79 100
80 79 100
80 81 100
80 81 100
80 81 100
80 82 100
80 82 100
80 82 100
80 83 100
80 83 100
80 83 100
80 84 100
80 84 100
80 84 100
80 84 100
80 85 100
80 85 100
80 85 100
80 85 100
80 86 100
80 86 100
80 86 100
80 86 100
80 87 100
80 87 100
80 87 100
80 88 100
80 88 100
80 88 100
80 89 100
80 89 100
80 91 100
80 91 100
80 92 100
80 93 100
80 94 100
80 95 100
80 96 100
80 97 100
80 98 100
80 99 100
79 100 100
78 100 100
77 100 100
20 144 100
20 145 100
20 146 100
20 147 100
20 148 100
20 149 100
20 151 100
20 152 100
20 153 100
20 154 100
20 154 100
20 155 100
20 155 100
20 156 100
20 156 100
20 156 100
20 157 100
20 157 100
20 157 100
20 158 100
20 158 100
20 158 100
20 158 100
20 159 100
20 159 100
20 159 100
20 159 100
20 159 100
20 159 100
20 160 100
20 160 100
20 160 100
20 160 100
20 160 100
20 161 100
20 161 100
20 161 100
20 161 100
20 161 100
20 161 100
20 161 100
20 162 100
20 162 100
20 162 100
20 162 100
20 162 100
20 162 100
20 162 100
20 162 100
20 163 100
20 163 100
20 163 100
20 163 100
20 163 100
20 163 100
20 163 100
20 164 100
20 164 100
20 164 100
20 164 100
20 164 100
20 164 100
20 165 100
20 165 100
20 165 100
20 165 100
20 165 100
20 165 100
20 166 100
20 166 100
20 166 100
20 166 100
20 166 100
20 167 100
20 167 100
20 167 100
20 167 100
20 168 100
20 168 100
20 168 100
20 169 100
20 169 100
20 169 100
21 170 100
21 170 100
22 170 100
22 170 100
22 170 100
23 170 100
23 170 100
23 170 100
24 170 100
24 170 100
24 170 100
25 170 100
25 170 100
25 170 100
26 170 100
26 170 100
27 170 100
27 170 100
28 170 100
28 170 100
29 170 100
29 170 100
30 171 100
30 172 100
30 173 100
30 174 100
30 175 100
30 176 100
30 177 100
30 178 100
30 179 100
31 180 100
32 180 100
33 180 100
34 180 100
35 180 100
36 180 100
37 180 100
38 180 100
39 180 100
41 180 100
42 180 100
43 180 100
44 180 100
45 180 100
46 180 100
47 180 100
47 180 100
48 180 100
48 180 100
49 180 100
49 180 100
51 180 100
51 180 100
51 180 100
52 180 100
52 180 100
52 180 100
53 180 100
53 180 100
53 180 100
53 180 100
54 180 100
54 180 100
54 180 100
54 180 100
55 180 100
55 180 100
55 180 100
55 180 100
56 180 100
56 180 100
56 180 100
56 180 100
57 180 100
57 180 100
57 180 100
57 180 100
58 180 100
58 180 100
58 180 100
59 180 100
59 180 100
61 180 100
62 180 100
63 180 100
64 180 100
65 180 100
66 180 100
67 180 100
68 180 100
107 62 100
106 62 100
106 61 100
105 61 100
105 60 100
104 60 100
103 60 100
102 60 100
101 60 100
99 60 100
98 60 100
97 60 100
96 60 100
95 60 100
94 60 100
93 60 100
92 60 100
91 60 100
89 60 100
89 60 100
88 60 100
88 60 100
87 60 100
87 60 100
87 60 100
86 60 100
86 60 100
86 60 100
85 60 100
85 60 100
85 60 100
84 60 100
84 60 100
84 60 100
83 60 100
83 60 100
83 60 100
82 60 100
82 60 100
82 60 100
81 60 100
81 60 100
80 61 100
80 61 100
80 62 100
80 62 100
80 63 100
80 63 100
80 64 100
80 64 100
80 65 100
80 65 100
80 65 100
80 66 100
80 66 100
80 66 100
80 67 100
80 67 100
80 67 100
80 68 100
80 68 100
80 68 100
80 69 100
80 69 100
