# score 174023
0 0 100
10 0 100
20 0 100
30 0 100
40 0 100
0 10 100
10 10 100
20 10 100
30 10 100
40 10 100
0 20 100
10 20 100
20 20 100
30 20 100
40 20 100
0 30 100
10 30 100
20 30 100
30 30 100
40 30 100
0 40 100
10 40 100
20 40 100
30 40 100
40 40 100
0 50 100
10 50 100
20 50 100
30 50 100
40 50 100
0 60 100
10 60 100
20 60 100
30 60 100
40 60 100
0 70 100
10 70 100
20 70 100
30 70 100
40 70 100
0 80 100
10 80 100
20 80 100
30 80 100
40 80 100
120 140 100
130 140 100
140 140 100
150 140 100
160 140 100
170 140 100
180 140 100
190 140 100
120 150 100
130 150 100
140 150 100
150 150 100
160 150 100
170 150 100
180 150 100
190 150 100
120 160 100
130 160 100
140 160 100
150 160 100
160 160 100
170 160 100
180 160 100
190 160 100
120 170 100
130 170 100
140 170 100
150 170 100
160 170 100
170 170 100
180 170 100
190 170 100
120 180 100
130 180 100
140 180 100
150 180 100
160 180 100
170 180 100
180 180 100
190 180 100
120 190 100
130 190 100
140 190 100
150 190 100
160 190 100
170 190 100
180 190 100
190 190 100
60 70 100
70 70 100
80 70 100
90 70 100
100 70 100
110 70 100
120 70 100
130 70 100
140 70 100
60 80 100
70 80 100
80 80 100
90 80 100
100 80 100
110 80 100
120 80 100
130 80 100
140 80 100
60 90 100
70 90 100
80 90 100
90 90 100
100 90 100
110 90 100
120 90 100
130 90 100
140 90 100
60 100 100
70 100 100
80 100 100
90 100 100
100 100 100
110 100 100
120 100 100
130 100 100
140 100 100
60 110 100
70 110 100
80 110 100
90 110 100
100 110 100
110 110 100
120 110 100
130 110 100
140 110 100
60 120 100
70 120 100
80 120 100
90 120 100
100 120 100
110 120 100
120 120 100
130 120 100
140 120 100
60 130 100
70 130 100
80 130 100
90 130 100
100 130 100
110 130 100
120 130 100
130 130 100
140 130 100
60 140 100
70 140 100
80 140 100
90 140 100
100 140 100
110 140 100
140 140 100
60 150 100
70 150 100
80 150 100
90 150 100
100 150 100
110 150 100
130 150 100
140 150 100
150 0 100
160 0 100
170 0 100
180 0 100
190 0 100
150 10 100
160 10 100
170 10 100
180 10 100
190 10 100
150 20 100
160 20 100
170 20 100
180 20 100
190 20 100
150 30 100
160 30 100
170 30 100
180 30 100
190 30 100
150 40 100
160 40 100
170 40 100
180 40 100
190 40 100
150 50 100
160 50 100
170 50 100
180 50 100
190 50 100
169 187 100
170 187 100
170 188 100
170 189 100
169 190 100
168 190 100
167 190 100
166 190 100
165 190 100
164 190 100
163 190 100
162 190 100
161 190 100
160 189 100
160 188 100
160 187 100
160 186 100
160 185 100
160 184 100
160 183 100
160 182 100
160 181 100
160 179 100
160 178 100
160 177 100
160 176 100
160 175 100
160 174 100
160 173 100
160 172 100
160 171 100
160 169 100
160 168 100
160 167 100
160 166 100
160 165 100
160 164 100
160 163 100
160 162 100
160 161 100
160 159 100
160 158 100
160 157 100
160 156 100
160 155 100
160 154 100
160 153 100
160 152 100
160 151 100
159 150 100
158 150 100
157 150 100
156 150 100
156 150 100
155 150 100
155 150 100
154 150 100
154 150 100
153 150 100
153 150 100
152 150 100
152 150 100
151 150 100
151 150 100
150 150 100
149 150 100
149 150 100
148 150 100
148 150 100
148 150 100
147 150 100
147 150 100
147 150 100
147 150 100
146 150 100
146 150 100
146 150 100
146 150 100
146 150 100
145 150 100
145 150 100
145 150 100
145 150 100
145 150 100
145 150 100
144 150 100
144 150 100
144 150 100
144 150 100
144 150 100
144 150 100
144 150 100
144 150 100
143 150 100
143 150 100
143 150 100
143 150 100
143 150 100
143 150 100
143 150 100
143 150 100
142 150 100
142 150 100
142 150 100
142 150 100
142 150 100
142 150 100
142 150 100
142 150 100
141 150 100
141 150 100
141 150 100
141 150 100
141 150 100
141 150 100
141 150 100
141 150 100
140 150 100
140 150 100
140 150 100
140 150 100
140 150 100
139 150 100
139 150 100
139 150 100
139 150 100
139 150 100
139 150 100
138 150 100
138 150 100
138 150 100
138 150 100
137 150 100
137 150 100
137 150 100
136 150 100
136 150 100
136 150 100
135 150 100
135 150 100
134 150 100
134 150 100
133 150 100
133 150 100
132 150 100
132 150 100
131 150 100
131 150 100
130 149 100
130 149 100
130 148 100
130 148 100
130 148 100
130 147 100
130 147 100
130 147 100
130 146 100
130 146 100
130 146 100
130 145 100
130 145 100
130 144 100
130 144 100
130 143 100
130 143 100
130 142 100
130 142 100
130 141 100
130 141 100
129 140 100
128 140 100
128 140 100
127 140 100
127 140 100
126 140 100
126 140 100
125 140 100
125 140 100
124 140 100
124 140 100
123 140 100
123 140 100
122 140 100
122 140 100
121 140 100
121 140 100
119 140 100
118 140 100
117 140 100
116 140 100
115 140 100
114 140 100
113 140 100
112 140 100
111 140 100
109 140 100
108 140 100
107 140 100
107 140 100
106 140 100
106 140 100
105 140 100
105 140 100
104 140 100
104 140 100
103 140 100
103 140 100
102 140 100
102 140 100
101 140 100
100 139 100
100 138 100
100 137 100
100 136 100
100 135 100
100 134 100
100 133 100
100 132 100
100 131 100
100 129 100
100 128 100
100 127 100
100 126 100
100 125 100
100 124 100
100 123 100
100 122 100
100 121 100
100 119 100
100 118 100
100 117 100
100 116 100
100 115 100
100 114 100
100 113 100
100 112 100
100 111 100
100 109 100
100 108 100
100 107 100
100 106 100
100 105 100
100 104 100
100 103 100
100 102 100
100 101 100
100 99 100
100 98 100
100 97 100
100 96 100
100 95 100
100 94 100
100 93 100
100 92 100
100 91 100
99 90 100
98 90 100
97 90 100
96 90 100
95 90 100
94 90 100
93 90 100
92 90 100
91 90 100
90 89 100
90 88 100
90 87 100
90 86 100
90 85 100
90 84 100
90 83 100
90 82 100
90 81 100
89 80 100
88 80 100
87 80 100
86 80 100
85 80 100
84 80 100
83 80 100
82 80 100
81 80 100
80 79 100
80 78 100
80 77 100
80 76 100
80 75 100
80 74 100
80 73 100
80 72 100
80 71 100
79 70 100
78 70 100
77 70 100
76 70 100
75 70 100
74 70 100
73 70 100
72 70 100
71 70 100
69 70 100
69 70 100
69 69 100
69 69 100
68 69 100
68 69 100
68 68 100
68 68 100
68 68 100
67 68 100
67 68 100
67 68 100
67 68 100
67 67 100
67 67 100
67 67 100
67 67 100
67 67 100
66 67 100
66 67 100
66 67 100
66 67 100
66 67 100
66 67 100
66 66 100
66 66 100
66 66 100
66 66 100
66 66 100
66 66 100
66 66 100
66 66 100
65 66 100
65 66 100
65 66 100
65 66 100
65 66 100
65 66 100
65 66 100
65 66 100
65 66 100
65 66 100
65 65 100
65 65 100
65 65 100
65 65 100
65 65 100
65 65 100
65 65 100
65 65 100
65 65 100
65 65 100
65 65 100
65 65 100
65 65 100
64 65 100
64 65 100
64 65 100
64 65 100
64 65 100
64 65 100
64 65 100
64 65 100
64 65 100
64 65 100
64 65 100
64 65 100
64 65 100
64 65 100
64 65 100
64 64 100
64 64 100
64 64 100
64 64 100
64 64 100
64 64 100
64 64 100
64 64 100
64 64 100
64 64 100
64 64 100
64 64 100
64 64 100
64 64 100
64 64 100
64 64 100
64 64 100
64 64 100
64 64 100
63 64 100
63 64 100
63 64 100
63 64 100
63 64 100
63 64 100
63 64 100
63 64 100
63 64 100
63 64 100
63 64 100
63 64 100
63 64 100
63 64 100
63 64 100
63 64 100
63 64 100
63 64 100
63 64 100
63 64 100
63 64 100
63 64 100
63 63 100
63 63 100
63 63 100
63 63 100
63 63 100
63 63 100
63 63 100
63 63 100
63 63 100
63 63 100
63 63 100
63 63 100
63 63 100
63 63 100
63 63 100
63 63 100
63 63 100
63 63 100
63 63 100
63 63 100
63 63 100
63 63 100
63 63 100
63 63 100
63 63 100
63 63 100
62 63 100
62 63 100
62 63 100
62 63 100
62 63 100
62 63 100
62 63 100
62 63 100
62 63 100
62 63 100
62 63 100
62 63 100
62 63 100
62 63 100
62 63 100
62 63 100
62 63 100
62 63 100
62 63 100
62 63 100
62 63 100
62 63 100
62 63 100
62 63 100
62 63 100
62 63 100
62 63 100
62 63 100
62 63 100
62 63 100
62 62 100
62 62 100
62 62 100
62 62 100
62 62 100
62 62 100
62 62 100
62 62 100
62 62 100
62 62 100
62 62 100
62 62 100
62 62 100
62 62 100
62 62 100
62 62 100
62 62 100
62 62 100
62 62 100
62 62 100
62 62 100
62 62 100
62 62 100
62 62 100
62 62 100
62 62 100
62 62 100
62 62 100
62 62 100
62 62 100
62 62 100
62 62 100
62 62 100
62 62 100
61 62 100
61 62 100
61 62 100
61 62 100
61 62 100
61 62 100
61 62 100
61 62 100
61 62 100
61 62 100
61 62 100
61 62 100
61 62 100
61 62 100
61 62 100
61 62 100
61 62 100
61 62 100
61 62 100
61 62 100
61 62 100
61 62 100
61 62 100
61 62 100
61 62 100
61 62 100
61 62 100
61 62 100
61 62 100
61 62 100
61 62 100
61 62 100
61 62 100
61 62 100
61 62 100
61 62 100
61 61 100
61 61 100
61 61 100
61 61 100
61 61 100
61 61 100
61 61 100
61 61 100
61 61 100
61 61 100
61 61 100
61 61 100
61 61 100
61 61 100
61 61 100
61 61 100
61 61 100
61 61 100
61 61 100
61 61 100
61 61 100
61 61 100
61 61 100
61 61 100
61 61 100
61 61 100
61 61 100
61 61 100
61 61 100
61 61 100
61 61 100
61 61 100
61 61 100
61 61 100
61 61 100
61 61 100
61 61 100
61 61 100
61 61 100
60 61 100
60 61 100
60 61 100
60 61 100
60 61 100
60 61 100
60 61 100
60 61 100
60 61 100
60 61 100
60 61 100
60 61 100
60 61 100
60 61 100
60 61 100
60 61 100
60 61 100
60 61 100
60 61 100
60 61 100
60 61 100
60 61 100
60 61 100
60 61 100
60 61 100
60 61 100
60 61 100
60 61 100
60 61 100
60 61 100
60 61 100
60 61 100
60 61 100
60 61 100
60 61 100
60 61 100
60 61 100
60 61 100
60 61 100
60 61 100
60 60 100
60 60 100
60 60 100
60 60 100
60 60 100
60 60 100
60 60 100
60 60 100
60 60 100
60 60 100
60 60 100
60 60 100
60 60 100
60 60 100
60 60 100
60 60 100
60 60 100
60 60 100
60 60 100
60 60 100
60 60 100
60 60 100
60 60 100
60 60 100
60 60 100
60 60 100
60 60 100
60 60 100
60 60 100
60 60 100
60 60 100
60 60 100
60 60 100
60 60 100
60 60 100
60 60 100
60 60 100
60 60 100
60 60 100
60 60 100
60 60 100
59 60 100
59 60 100
59 60 100
59 60 100
59 60 100
59 60 100
59 60 100
59 60 100
59 60 100
59 60 100
59 60 100
59 60 100
59 60 100
59 60 100
59 60 100
59 60 100
59 60 100
59 60 100
59 60 100
59 60 100
59 60 100
59 60 100
59 60 100
59 60 100
59 60 100
59 60 100
59 60 100
59 60 100
59 60 100
59 60 100
59 60 100
59 60 100
59 60 100
59 60 100
59 60 100
59 60 100
59 60 100
59 60 100
59 60 100
59 60 100
59 59 100
59 59 100
59 59 100
59 59 100
59 59 100
59 59 100
59 59 100
59 59 100
59 59 100
59 59 100
59 59 100
59 59 100
59 59 100
59 59 100
59 59 100
59 59 100
59 59 100
59 59 100
59 59 100
59 59 100
59 59 100
59 59 100
59 59 100
59 59 100
59 59 100
59 59 100
59 59 100
59 59 100
59 59 100
59 59 100
59 59 100
59 59 100
59 59 100
59 59 100
59 59 100
59 59 100
59 59 100
59 59 100
59 59 100
59 59 100
58 59 100
58 59 100
58 59 100
58 59 100
58 59 100
58 59 100
58 59 100
58 59 100
58 59 100
58 59 100
58 59 100
58 59 100
58 59 100
58 59 100
58 59 100
58 59 100
58 59 100
58 59 100
58 59 100
58 59 100
58 59 100
58 59 100
58 59 100
58 59 100
58 59 100
58 59 100
58 59 100
58 59 100
58 59 100
58 59 100
58 59 100
58 59 100
58 59 100
58 59 100
58 59 100
58 59 100
58 59 100
58 59 100
58 58 100
58 58 100
58 58 100
58 58 100
58 58 100
58 58 100
58 58 100
58 58 100
58 58 100
58 58 100
58 58 100
58 58 100
58 58 100
58 58 100
58 58 100
58 58 100
58 58 100
58 58 100
58 58 100
58 58 100
58 58 100
58 58 100
58 58 100
58 58 100
58 58 100
58 58 100
58 58 100
58 58 100
58 58 100
58 58 100
58 58 100
58 58 100
58 58 100
58 58 100
58 58 100
58 58 100
58 58 100
58 58 100
57 58 100
57 58 100
57 58 100
57 58 100
57 58 100
57 58 100
57 58 100
57 58 100
57 58 100
57 58 100
57 58 100
57 58 100
57 58 100
57 58 100
57 58 100
57 58 100
57 58 100
57 58 100
57 58 100
57 58 100
57 58 100
57 58 100
57 58 100
57 58 100
57 58 100
57 58 100
57 58 100
57 58 100
57 58 100
57 58 100
57 58 100
57 58 100
57 58 100
57 58 100
57 58 100
57 57 100
57 57 100
57 57 100
57 57 100
57 57 100
57 57 100
57 57 100
57 57 100
57 57 100
57 57 100
57 57 100
57 57 100
57 57 100
57 57 100
57 57 100
57 57 100
57 57 100
57 57 100
57 57 100
57 57 100
57 57 100
57 57 100
57 57 100
57 57 100
57 57 100
57 57 100
57 57 100
57 57 100
57 57 100
57 57 100
57 57 100
57 57 100
57 57 100
57 57 100
56 57 100
56 57 100
56 57 100
56 57 100
56 57 100
56 57 100
56 57 100
56 57 100
56 57 100
56 57 100
56 57 100
56 57 100
56 57 100
56 57 100
56 57 100
56 57 100
56 57 100
56 57 100
56 57 100
56 57 100
56 57 100
56 57 100
56 57 100
56 57 100
56 57 100
56 57 100
56 57 100
56 57 100
56 57 100
56 57 100
56 56 100
56 56 100
56 56 100
56 56 100
56 56 100
56 56 100
56 56 100
56 56 100
56 56 100
56 56 100
56 56 100
56 56 100
56 56 100
56 56 100
56 56 100
56 56 100
56 56 100
56 56 100
56 56 100
56 56 100
56 56 100
56 56 100
56 56 100
56 56 100
56 56 100
56 56 100
56 56 100
56 56 100
56 56 100
56 56 100
55 56 100
55 56 100
55 56 100
55 56 100
55 56 100
55 56 100
55 56 100
55 56 100
55 56 100
55 56 100
55 56 100
55 56 100
55 56 100
55 56 100
55 56 100
55 56 100
55 56 100
55 56 100
55 56 100
55 56 100
55 56 100
55 56 100
55 56 100
55 56 100
55 56 100
55 56 100
55 55 100
55 55 100
55 55 100
55 55 100
55 55 100
55 55 100
55 55 100
55 55 100
55 55 100
55 55 100
55 55 100
55 55 100
55 55 100
55 55 100
55 55 100
55 55 100
55 55 100
55 55 100
55 55 100
55 55 100
55 55 100
55 55 100
55 55 100
55 55 100
55 55 100
54 55 100
54 55 100
54 55 100
54 55 100
54 55 100
54 55 100
54 55 100
54 55 100
54 55 100
54 55 100
54 55 100
54 55 100
54 55 100
54 55 100
54 55 100
54 55 100
54 55 100
54 55 100
54 55 100
54 55 100
54 55 100
54 54 100
54 54 100
54 54 100
54 54 100
54 54 100
54 54 100
54 54 100
54 54 100
54 54 100
54 54 100
54 54 100
54 54 100
54 54 100
54 54 100
54 54 100
54 54 100
54 54 100
54 54 100
54 54 100
54 54 100
54 54 100
53 54 100
53 54 100
53 54 100
53 54 100
53 54 100
53 54 100
53 54 100
53 54 100
53 54 100
53 54 100
53 54 100
53 54 100
53 54 100
53 54 100
53 54 100
53 54 100
53 53 100
53 53 100
53 53 100
53 53 100
53 53 100
53 53 100
53 53 100
53 53 100
53 53 100
53 53 100
53 53 100
53 53 100
53 53 100
53 53 100
53 53 100
53 53 100
52 53 100
52 53 100
52 53 100
52 53 100
52 53 100
52 53 100
52 53 100
52 53 100
52 53 100
52 53 100
52 53 100
52 53 100
52 52 100
52 52 100
52 52 100
52 52 100
52 52 100
52 52 100
52 52 100
52 52 100
52 52 100
52 52 100
52 52 100
52 52 100
52 52 100
51 52 100
51 52 100
51 52 100
51 52 100
51 52 100
51 52 100
51 52 100
51 52 100
51 52 100
51 52 100
51 51 100
51 51 100
51 51 100
51 51 100
51 51 100
51 51 100
51 51 100
51 51 100
51 51 100
51 51 100
50 51 100
50 51 100
50 51 100
50 51 100
50 51 100
50 51 100
50 51 100
50 51 100
50 50 100
50 50 100
50 50 100
50 50 100
50 50 100
50 50 100
50 50 100
50 50 100
50 50 100
49 50 100
49 50 100
49 50 100
49 50 100
49 50 100
49 50 100
49 50 100
49 49 100
49 49 100
49 49 100
49 49 100
49 49 100
49 49 100
49 49 100
48 49 100
48 49 100
48 49 100
48 49 100
48 49 100
48 48 100
48 48 100
48 48 100
48 48 100
48 48 100
47 48 100
47 48 100
47 48 100
47 47 100
47 47 100
47 47 100
46 47 100
46 47 100
46 46 100
45 46 100
45 45 100
44 45 100
44 44 100
43 44 100
43 43 100
42 43 100
42 42 100
41 42 100
41 41 100
40 41 100
39 40 100
38 40 100
37 40 100
36 40 100
35 40 100
34 40 100
33 40 100
32 40 100
31 40 100
29 40 100
28 40 100
27 40 100
26 40 100
25 40 100
24 40 100
23 40 100
22 40 100
21 40 100
19 40 100
18 40 100
17 40 100
16 40 100
15 40 100
14 40 100
13 40 100
12 40 100
11 40 100
9 40 100
8 40 100
7 40 100
6 40 100
5 40 100
4 40 100
3 40 100
2 40 100
1 40 100
1 41 100
1 42 100
1 43 100
1 44 100
1 45 100
104 118 100
103 118 100
103 119 100
102 119 100
102 120 100
101 120 100
199 12 100
198 12 100
198 13 100
197 13 100
197 14 100
196 14 100
196 15 100
195 15 100
195 16 100
194 16 100
194 17 100
193 17 100
193 18 100
192 18 100
192 19 100
191 19 100
191 20 100
190 21 100
190 22 100
190 23 100
190 24 100
190 25 100
190 26 100
190 27 100
190 28 100
190 29 100
189 30 100
188 30 100
187 30 100
186 30 100
185 30 100
184 30 100
183 30 100
182 30 100
181 30 100
180 31 100
180 32 100
180 33 100
180 34 100
180 35 100
180 35 100
180 36 100
180 36 100
180 37 100
180 37 100
180 37 100
180 38 100
180 38 100
180 38 100
180 39 100
180 39 100
180 39 100
180 39 100
180 40 100
180 40 100
180 40 100
180 41 100
180 41 100
180 41 100
180 41 100
180 42 100
180 42 100
180 42 100
180 43 100
180 43 100
180 43 100
180 44 100
180 44 100
180 45 100
180 45 100
180 46 100
180 47 100
180 48 100
180 49 100
179 50 100
179 51 100
178 51 100
178 52 100
177 52 100
177 53 100
176 53 100
176 54 100
175 54 100
175 55 100
174 55 100
174 56 100
173 56 100
173 57 100
172 57 100
172 58 100
171 58 100
171 59 100
170 59 100
170 60 100
169 60 100
169 61 100
168 61 100
168 62 100
167 62 100
167 63 100
166 63 100
166 64 100
165 64 100
165 65 100
164 65 100
164 66 100
163 66 100
163 67 100
162 67 100
162 68 100
161 68 100
161 68 100
161 69 100
161 69 100
160 69 100
160 69 100
160 69 100
160 70 100
160 70 100
160 70 100
159 70 100
159 70 100
159 70 100
159 70 100
159 70 100
158 70 100
158 70 100
158 70 100
158 70 100
158 70 100
158 70 100
158 70 100
158 70 100
157 70 100
157 70 100
157 70 100
157 70 100
157 70 100
157 70 100
157 70 100
157 70 100
157 70 100
157 70 100
157 70 100
156 70 100
156 70 100
156 70 100
156 70 100
156 70 100
156 70 100
156 70 100
156 70 100
156 70 100
156 70 100
156 70 100
156 70 100
156 70 100
155 70 100
155 70 100
155 70 100
155 70 100
155 70 100
155 70 100
155 70 100
155 70 100
155 70 100
155 70 100
155 70 100
155 70 100
155 70 100
155 70 100
154 70 100
154 70 100
154 70 100
154 70 100
154 70 100
154 70 100
154 70 100
154 70 100
154 70 100
154 70 100
154 70 100
154 70 100
154 70 100
154 70 100
153 70 100
153 70 100
153 70 100
153 70 100
153 70 100
153 70 100
153 70 100
153 70 100
153 70 100
153 70 100
153 70 100
153 70 100
152 70 100
152 70 100
152 70 100
152 70 100
152 70 100
152 70 100
152 70 100
152 70 100
152 70 100
152 70 100
151 70 100
151 70 100
151 70 100
151 70 100
151 70 100
151 70 100
151 70 100
151 70 100
150 70 100
150 70 100
150 70 100
150 70 100
150 70 100
150 70 100
149 70 100
149 70 100
149 70 100
149 70 100
149 70 100
148 70 100
148 70 100
148 70 100
148 70 100
147 70 100
147 70 100
147 70 100
146 70 100
146 70 100
146 70 100
145 70 100
145 70 100
145 70 100
144 70 100
144 70 100
144 70 100
143 70 100
143 70 100
142 70 100
142 70 100
141 70 100
141 70 100
139 70 100
138 70 100
137 70 100
136 70 100
135 70 100
134 70 100
133 70 100
132 70 100
131 70 100
129 70 100
128 70 100
127 70 100
126 70 100
125 70 100
124 70 100
123 70 100
122 70 100
121 70 100
119 70 100
118 70 100
117 70 100
116 70 100
115 70 100
114 70 100
113 70 100
112 70 100
111 70 100
109 70 100
108 70 100
107 70 100
106 70 100
105 70 100
104 70 100
103 70 100
102 70 100
101 70 100
99 70 100
98 70 100
97 70 100
96 70 100
95 70 100
94 70 100
93 70 100
92 70 100
91 70 100
89 70 100
88 70 100
87 70 100
86 70 100
85 70 100
84 70 100
83 70 100
82 70 100
81 70 100
