# score 122512
0 70 100
10 70 100
20 70 100
30 70 100
40 70 100
50 70 100
60 70 100
70 70 100
0 80 100
10 80 100
20 80 100
30 80 100
40 80 100
50 80 100
60 80 100
70 80 100
0 90 100
10 90 100
20 90 100
30 90 100
40 90 100
50 90 100
60 90 100
70 90 100
0 100 100
10 100 100
20 100 100
30 100 100
40 100 100
50 100 100
60 100 100
70 100 100
0 110 100
10 110 100
20 110 100
30 110 100
40 110 100
50 110 100
60 110 100
70 110 100
0 120 100
10 120 100
20 120 100
30 120 100
40 120 100
50 120 100
60 120 100
70 120 100
0 130 100
10 130 100
20 130 100
30 130 100
40 130 100
50 130 100
60 130 100
70 130 100
0 140 100
10 140 100
20 140 100
30 140 100
40 140 100
50 140 100
60 140 100
70 140 100
0 150 100
10 150 100
20 150 100
30 150 100
40 150 100
50 150 100
60 150 100
70 150 100
0 30 100
10 30 100
20 30 100
30 30 100
40 30 100
50 30 100
0 40 100
10 40 100
20 40 100
30 40 100
40 40 100
50 40 100
0 50 100
10 50 100
20 50 100
30 50 100
40 50 100
50 50 100
0 60 100
10 60 100
20 60 100
30 60 100
40 60 100
50 60 100
0 70 100
10 70 100
40 70 100
0 80 100
30 80 100
40 80 100
50 80 100
0 90 100
10 90 100
30 90 100
40 90 100
50 90 100
0 100 100
10 100 100
20 100 100
50 100 100
0 110 100
10 110 100
50 110 100
10 20 100
20 20 100
30 20 100
40 20 100
50 20 100
60 20 100
70 20 100
80 20 100
90 20 100
20 30 100
60 30 100
70 30 100
80 30 100
90 30 100
10 40 100
20 40 100
30 40 100
50 40 100
60 40 100
70 40 100
80 40 100
90 40 100
10 50 100
20 50 100
30 50 100
40 50 100
50 50 100
60 50 100
70 50 100
80 50 100
90 50 100
10 60 100
20 60 100
30 60 100
40 60 100
50 60 100
60 60 100
70 60 100
80 60 100
90 60 100
10 70 100
40 70 100
70 70 100
80 70 100
90 70 100
40 80 100
50 80 100
60 80 100
70 80 100
80 80 100
90 80 100
10 90 100
40 90 100
50 90 100
60 90 100
70 90 100
80 90 100
90 90 100
10 100 100
50 100 100
60 100 100
70 100 100
80 100 100
90 100 100
90 40 100
100 40 100
110 40 100
120 40 100
130 40 100
140 40 100
150 40 100
160 40 100
170 40 100
100 50 100
110 50 100
120 50 100
130 50 100
140 50 100
150 50 100
160 50 100
170 50 100
100 60 100
110 60 100
120 60 100
130 60 100
140 60 100
150 60 100
160 60 100
170 60 100
100 70 100
110 70 100
120 70 100
130 70 100
140 70 100
150 70 100
160 70 100
170 70 100
90 80 100
100 80 100
110 80 100
120 80 100
130 80 100
140 80 100
150 80 100
160 80 100
170 80 100
100 90 100
110 90 100
120 90 100
130 90 100
140 90 100
150 90 100
160 90 100
170 90 100
100 100 100
110 100 100
120 100 100
130 100 100
140 100 100
150 100 100
160 100 100
170 100 100
90 110 100
100 110 100
110 110 100
120 110 100
130 110 100
140 110 100
150 110 100
160 110 100
170 110 100
90 120 100
100 120 100
110 120 100
120 120 100
130 120 100
140 120 100
150 120 100
160 120 100
170 120 100
120 120 100
130 120 100
180 120 100
190 120 100
120 130 100
130 130 100
140 130 100
150 130 100
160 130 100
170 130 100
180 130 100
190 130 100
120 140 100
130 140 100
140 140 100
150 140 100
160 140 100
170 140 100
180 140 100
190 140 100
120 150 100
130 150 100
140 150 100
150 150 100
160 150 100
170 150 100
180 150 100
190 150 100
120 160 100
130 160 100
140 160 100
150 160 100
160 160 100
170 160 100
180 160 100
190 160 100
120 170 100
130 170 100
140 170 100
150 170 100
160 170 100
170 170 100
180 170 100
190 170 100
120 180 100
130 180 100
140 180 100
150 180 100
160 180 100
170 180 100
180 180 100
190 180 100
120 190 100
130 190 100
140 190 100
150 190 100
160 190 100
170 190 100
180 190 100
190 190 100
40 0 100
50 0 100
60 0 100
70 0 100
80 0 100
90 0 100
100 0 100
110 0 100
120 0 100
40 10 100
50 10 100
60 10 100
70 10 100
80 10 100
90 10 100
100 10 100
110 10 100
120 10 100
40 20 100
50 20 100
90 20 100
100 20 100
110 20 100
120 20 100
80 30 100
90 30 100
100 30 100
110 30 100
120 30 100
50 40 100
60 40 100
80 40 100
90 40 100
100 40 100
110 40 100
120 40 100
40 50 100
50 50 100
60 50 100
100 50 100
110 50 100
120 50 100
40 60 100
100 60 100
110 60 100
120 60 100
80 70 100
100 70 100
110 70 100
40 80 100
50 80 100
60 80 100
70 80 100
80 80 100
150 70 100
160 70 100
170 70 100
180 70 100
190 70 100
160 80 100
170 80 100
180 80 100
190 80 100
150 90 100
160 90 100
170 90 100
180 90 100
190 90 100
140 100 100
150 100 100
180 100 100
190 100 100
130 110 100
140 110 100
180 110 100
190 110 100
120 120 100
190 120 100
120 130 100
130 130 100
140 130 100
180 130 100
190 130 100
140 140 100
150 140 100
190 140 100
140 150 100
150 150 100
90 0 100
100 0 100
110 0 100
120 0 100
130 0 100
140 0 100
150 0 100
160 0 100
170 0 100
90 10 100
100 10 100
110 10 100
130 10 100
140 10 100
150 10 100
160 10 100
170 10 100
90 20 100
100 20 100
130 20 100
140 20 100
150 20 100
160 20 100
170 20 100
90 30 100
130 30 100
140 30 100
150 30 100
160 30 100
170 30 100
90 40 100
120 40 100
130 40 100
150 40 100
160 40 100
100 50 100
110 50 100
120 50 100
130 50 100
140 50 100
150 50 100
160 50 100
110 60 100
120 60 100
130 60 100
140 60 100
150 60 100
160 60 100
170 60 100
100 70 100
110 70 100
150 70 100
160 70 100
170 70 100
10 150 100
20 150 100
30 150 100
50 150 100
60 150 100
70 150 100
80 150 100
90 150 100
10 160 100
20 160 100
30 160 100
40 160 100
50 160 100
60 160 100
70 160 100
80 160 100
90 160 100
10 170 100
20 170 100
30 170 100
40 170 100
50 170 100
60 170 100
70 170 100
80 170 100
90 170 100
10 180 100
20 180 100
30 180 100
40 180 100
50 180 100
60 180 100
70 180 100
80 180 100
90 180 100
10 190 100
20 190 100
30 190 100
40 190 100
50 190 100
60 190 100
70 190 100
80 190 100
90 190 100
15 74 100
16 74 100
16 75 100
17 75 100
17 76 100
18 76 100
18 77 100
19 77 100
19 78 100
20 78 100
20 79 100
20 81 100
20 82 100
20 83 100
20 84 100
20 85 100
20 86 100
20 87 100
20 88 100
20 89 100
21 90 100
22 90 100
23 90 100
24 90 100
25 90 100
26 90 100
27 90 100
28 90 100
29 90 100
30 91 100
30 92 100
30 93 100
30 94 100
30 95 100
30 96 100
30 97 100
30 98 100
30 99 100
30 101 100
30 102 100
30 103 100
30 104 100
30 105 100
30 106 100
30 107 100
30 108 100
30 109 100
31 110 100
58 67 100
59 67 100
59 68 100
60 68 100
60 69 100
59 70 100
58 70 100
57 70 100
56 70 100
55 70 100
54 70 100
53 70 100
52 70 100
51 70 100
49 70 100
48 70 100
48 70 100
47 70 100
47 70 100
46 70 100
46 70 100
46 70 100
45 70 100
45 70 100
45 70 100
44 70 100
44 70 100
44 70 100
43 70 100
43 70 100
43 70 100
42 70 100
42 70 100
42 70 100
41 70 100
41 70 100
41 70 100
39 70 100
39 70 100
39 70 100
38 70 100
38 70 100
37 70 100
37 70 100
36 70 100
36 70 100
35 70 100
35 70 100
34 70 100
33 70 100
32 70 100
31 70 100
29 70 100
28 70 100
27 70 100
26 70 100
26 70 100
25 70 100
25 70 100
24 70 100
24 70 100
23 70 100
23 70 100
22 70 100
22 70 100
21 70 100
21 70 100
19 70 100
19 71 100
18 71 100
18 72 100
17 72 100
17 73 100
16 73 100
135 82 100
134 82 100
134 81 100
133 81 100
133 80 100
132 80 100
131 80 100
129 80 100
128 80 100
127 80 100
126 80 100
125 80 100
124 80 100
123 80 100
122 80 100
121 80 100
119 80 100
118 80 100
117 80 100
116 80 100
115 80 100
114 80 100
113 80 100
112 80 100
111 80 100
109 80 100
108 80 100
107 80 100
106 80 100
105 80 100
104 80 100
103 80 100
102 80 100
101 80 100
99 80 100
99 80 100
98 80 100
98 80 100
97 80 100
97 80 100
96 80 100
96 80 100
95 80 100
95 80 100
94 80 100
94 80 100
94 80 100
93 80 100
93 80 100
93 80 100
92 80 100
92 80 100
92 80 100
91 80 100
91 80 100
90 79 100
90 79 100
90 78 100
90 78 100
90 77 100
90 77 100
90 76 100
90 76 100
90 75 100
90 75 100
90 74 100
90 74 100
90 73 100
90 73 100
90 72 100
90 71 100
90 69 100
90 68 100
90 67 100
90 66 100
90 65 100
90 64 100
90 63 100
90 62 100
90 61 100
89 60 100
88 60 100
87 60 100
86 60 100
85 60 100
84 60 100
83 60 100
82 60 100
81 60 100
79 60 100
78 60 100
77 60 100
76 60 100
75 60 100
74 60 100
73 60 100
72 60 100
71 60 100
69 60 100
68 60 100
67 60 100
66 60 100
65 60 100
64 60 100
63 60 100
62 60 100
61 60 100
59 60 100
59 61 100
58 61 100
58 62 100
58 63 100
58 64 100
58 65 100
58 66 100
169 165 100
170 165 100
170 164 100
170 163 100
170 162 100
170 161 100
170 159 100
170 158 100
170 157 100
170 156 100
170 155 100
170 154 100
170 153 100
170 152 100
170 151 100
170 149 100
170 148 100
170 147 100
170 146 100
170 145 100
170 144 100
170 143 100
170 142 100
170 141 100
170 139 100
170 138 100
170 137 100
170 136 100
170 135 100
170 134 100
170 133 100
170 132 100
170 131 100
169 130 100
168 130 100
167 130 100
166 130 100
165 130 100
164 130 100
163 130 100
162 130 100
161 130 100
159 130 100
158 130 100
157 130 100
156 130 100
155 130 100
154 130 100
153 130 100
152 130 100
151 130 100
149 130 100
148 130 100
147 130 100
146 130 100
145 130 100
144 130 100
143 130 100
142 130 100
141 130 100
140 129 100
140 128 100
140 127 100
140 126 100
140 125 100
140 124 100
140 123 100
140 122 100
140 121 100
140 119 100
140 118 100
140 117 100
140 116 100
140 115 100
140 114 100
140 114 100
140 113 100
140 113 100
140 112 100
140 112 100
140 111 100
140 111 100
140 109 100
140 109 100
140 108 100
140 108 100
140 107 100
140 107 100
140 106 100
140 106 100
140 105 100
140 105 100
140 105 100
140 104 100
140 104 100
140 104 100
140 103 100
140 103 100
140 103 100
140 103 100
140 102 100
140 102 100
140 102 100
140 102 100
140 102 100
140 101 100
140 101 100
140 101 100
140 101 100
140 101 100
140 100 100
140 100 100
140 100 100
140 100 100
140 99 100
140 99 100
140 99 100
140 99 100
140 99 100
140 99 100
140 98 100
140 98 100
140 98 100
140 98 100
140 98 100
140 97 100
140 97 100
140 97 100
140 97 100
140 96 100
140 96 100
140 96 100
140 96 100
140 95 100
140 95 100
140 95 100
140 94 100
140 94 100
140 93 100
140 93 100
140 92 100
140 91 100
140 89 100
140 88 100
140 87 100
140 86 100
140 85 100
140 84 100
140 83 100
140 82 100
140 81 100
139 80 100
139 81 100
138 81 100
138 82 100
137 82 100
136 82 100
81 45 100
80 45 100
80 46 100
80 47 100
80 48 100
80 49 100
80 51 100
80 52 100
80 53 100
80 54 100
80 55 100
80 56 100
80 57 100
80 58 100
80 59 100
165 114 100
164 114 100
164 115 100
163 115 100
163 116 100
162 116 100
162 117 100
161 117 100
161 118 100
160 118 100
160 119 100
160 121 100
160 122 100
160 123 100
160 124 100
160 125 100
160 126 100
160 127 100
160 128 100
160 129 100
136 31 100
135 31 100
135 30 100
134 30 100
133 30 100
132 30 100
131 30 100
129 30 100
128 30 100
127 30 100
126 30 100
125 30 100
124 30 100
123 30 100
122 30 100
121 30 100
119 30 100
118 30 100
117 30 100
116 30 100
115 30 100
114 30 100
113 30 100
112 30 100
111 30 100
109 30 100
108 30 100
107 30 100
106 30 100
105 30 100
104 30 100
103 30 100
102 30 100
101 30 100
100 31 100
100 32 100
100 33 100
100 34 100
100 35 100
100 36 100
100 37 100
100 38 100
100 39 100
100 39 100
100 41 100
100 41 100
100 42 100
100 42 100
100 43 100
100 43 100
100 44 100
100 44 100
100 45 100
100 45 100
100 46 100
100 46 100
100 47 100
100 47 100
100 48 100
100 48 100
100 49 100
100 49 100
99 50 100
99 50 100
98 50 100
98 50 100
97 50 100
97 50 100
96 50 100
96 50 100
95 50 100
95 50 100
94 50 100
93 50 100
92 50 100
91 50 100
90 51 100
90 52 100
90 53 100
90 54 100
90 55 100
90 56 100
90 57 100
90 58 100
90 59 100
55 198 100
54 198 100
54 197 100
53 197 100
53 196 100
52 196 100
52 195 100
51 195 100
51 194 100
50 194 100
50 193 100
50 192 100
50 191 100
50 189 100
50 188 100
50 187 100
50 186 100
50 185 100
50 184 100
50 183 100
50 182 100
50 181 100
50 179 100
50 178 100
50 177 100
50 177 100
50 176 100
50 176 100
50 175 100
50 175 100
50 174 100
50 174 100
50 173 100
50 173 100
50 172 100
50 172 100
50 171 100
50 171 100
50 170 100
50 170 100
50 169 100
50 169 100
50 169 100
50 168 100
50 168 100
50 168 100
50 168 100
50 167 100
50 167 100
50 167 100
50 167 100
50 166 100
50 166 100
50 166 100
50 166 100
50 166 100
50 165 100
50 165 100
50 165 100
50 165 100
50 165 100
50 164 100
50 164 100
50 164 100
50 164 100
50 164 100
50 164 100
50 163 100
50 163 100
50 163 100
50 163 100
50 163 100
50 163 100
50 162 100
50 162 100
50 162 100
50 162 100
50 162 100
50 161 100
50 161 100
50 161 100
50 161 100
50 160 100
50 160 100
50 160 100
50 159 100
50 159 100
50 159 100
50 158 100
50 158 100
50 158 100
50 157 100
50 157 100
50 156 100
50 156 100
50 155 100
50 155 100
50 154 100
50 154 100
50 153 100
50 153 100
50 152 100
50 152 100
50 151 100
50 151 100
49 150 100
48 150 100
47 150 100
46 150 100
45 150 100
44 150 100
43 150 100
42 150 100
41 150 100
40 149 100
40 148 100
40 147 100
40 146 100
40 145 100
40 144 100
40 143 100
40 142 100
40 141 100
40 139 100
40 138 100
40 137 100
40 136 100
40 136 100
40 135 100
40 135 100
40 134 100
40 134 100
40 133 100
40 133 100
40 132 100
40 132 100
40 131 100
40 129 100
40 128 100
40 127 100
40 126 100
40 125 100
40 124 100
40 123 100
40 122 100
40 121 100
40 119 100
40 118 100
40 117 100
40 116 100
40 115 100
40 114 100
40 113 100
40 112 100
40 111 100
39 110 100
38 110 100
37 110 100
36 110 100
35 110 100
34 110 100
33 110 100
32 110 100
