# score 207896
60 40 100
70 40 100
80 40 100
90 40 100
100 40 100
110 40 100
120 40 100
130 40 100
140 40 100
60 50 100
70 50 100
80 50 100
90 50 100
100 50 100
110 50 100
120 50 100
130 50 100
140 50 100
60 60 100
70 60 100
80 60 100
90 60 100
100 60 100
110 60 100
120 60 100
130 60 100
140 60 100
60 70 100
70 70 100
80 70 100
90 70 100
100 70 100
110 70 100
120 70 100
130 70 100
140 70 100
60 80 100
70 80 100
80 80 100
90 80 100
100 80 100
110 80 100
120 80 100
130 80 100
140 80 100
60 90 100
70 90 100
80 90 100
90 90 100
100 90 100
110 90 100
120 90 100
130 90 100
140 90 100
60 100 100
70 100 100
80 100 100
90 100 100
100 100 100
110 100 100
120 100 100
130 100 100
140 100 100
60 110 100
70 110 100
80 110 100
90 110 100
100 110 100
110 110 100
120 110 100
130 110 100
140 110 100
60 120 100
70 120 100
80 120 100
90 120 100
100 120 100
110 120 100
120 120 100
130 120 100
140 120 100
150 20 100
160 20 100
170 20 100
180 20 100
190 20 100
150 30 100
160 30 100
170 30 100
180 30 100
190 30 100
150 40 100
160 40 100
170 40 100
180 40 100
190 40 100
150 50 100
160 50 100
170 50 100
180 50 100
190 50 100
150 60 100
160 60 100
170 60 100
180 60 100
190 60 100
150 70 100
160 70 100
170 70 100
180 70 100
190 70 100
150 80 100
160 80 100
170 80 100
180 80 100
190 80 100
150 90 100
160 90 100
170 90 100
180 90 100
190 90 100
150 100 100
160 100 100
170 100 100
180 100 100
190 100 100
0 30 100
10 30 100
20 30 100
30 30 100
40 30 100
0 40 100
10 40 100
20 40 100
30 40 100
40 40 100
0 50 100
10 50 100
20 50 100
30 50 100
40 50 100
0 60 100
10 60 100
20 60 100
30 60 100
40 60 100
0 70 100
10 70 100
20 70 100
30 70 100
40 70 100
0 80 100
10 80 100
20 80 100
30 80 100
40 80 100
0 90 100
10 90 100
20 90 100
30 90 100
40 90 100
0 100 100
10 100 100
20 100 100
30 100 100
40 100 100
0 110 100
10 110 100
20 110 100
30 110 100
40 110 100
10 150 100
20 150 100
30 150 100
40 150 100
50 150 100
60 150 100
70 150 100
80 150 100
90 150 100
10 160 100
20 160 100
30 160 100
40 160 100
50 160 100
60 160 100
70 160 100
80 160 100
90 160 100
10 170 100
20 170 100
30 170 100
40 170 100
50 170 100
60 170 100
70 170 100
80 170 100
90 170 100
10 180 100
20 180 100
30 180 100
40 180 100
50 180 100
60 180 100
70 180 100
80 180 100
90 180 100
10 190 100
20 190 100
30 190 100
40 190 100
50 190 100
60 190 100
70 190 100
80 190 100
90 190 100
120 140 100
130 140 100
140 140 100
150 140 100
160 140 100
170 140 100
180 140 100
190 140 100
120 150 100
130 150 100
140 150 100
150 150 100
160 150 100
170 150 100
180 150 100
190 150 100
120 160 100
130 160 100
140 160 100
150 160 100
160 160 100
170 160 100
180 160 100
190 160 100
120 170 100
130 170 100
140 170 100
150 170 100
160 170 100
170 170 100
180 170 100
190 170 100
120 180 100
130 180 100
140 180 100
150 180 100
160 180 100
170 180 100
180 180 100
190 180 100
120 190 100
130 190 100
140 190 100
150 190 100
160 190 100
170 190 100
180 190 100
190 190 100
130 70 100
140 70 100
150 70 100
160 70 100
170 70 100
180 70 100
190 70 100
130 80 100
140 80 100
150 80 100
160 80 100
170 80 100
180 80 100
190 80 100
130 90 100
140 90 100
150 90 100
160 90 100
180 90 100
190 90 100
130 100 100
140 100 100
150 100 100
180 100 100
190 100 100
130 110 100
140 110 100
150 110 100
160 110 100
170 110 100
180 110 100
190 110 100
130 120 100
140 120 100
150 120 100
160 120 100
170 120 100
180 120 100
190 120 100
130 130 100
140 130 100
150 130 100
160 130 100
170 130 100
180 130 100
190 130 100
130 140 100
140 140 100
150 140 100
160 140 100
170 140 100
180 140 100
190 140 100
130 150 100
140 150 100
150 150 100
160 150 100
170 150 100
180 150 100
190 150 100
80 0 100
90 0 100
100 0 100
110 0 100
120 0 100
130 0 100
140 0 100
150 0 100
160 0 100
80 10 100
90 10 100
100 10 100
110 10 100
120 10 100
130 10 100
140 10 100
150 10 100
160 10 100
80 20 100
90 20 100
100 20 100
110 20 100
120 20 100
130 20 100
140 20 100
150 20 100
160 20 100
80 30 100
90 30 100
100 30 100
110 30 100
120 30 100
130 30 100
140 30 100
150 30 100
160 30 100
80 40 100
90 40 100
100 40 100
110 40 100
120 40 100
130 40 100
140 40 100
150 40 100
160 40 100
80 50 100
90 50 100
100 50 100
110 50 100
120 50 100
130 50 100
140 50 100
80 60 100
90 60 100
100 60 100
110 60 100
120 60 100
130 60 100
140 60 100
80 70 100
90 70 100
100 70 100
110 70 100
120 70 100
130 70 100
140 70 100
150 70 100
120 10 100
130 10 100
140 10 100
150 10 100
160 10 100
170 10 100
180 10 100
190 10 100
120 20 100
130 20 100
140 20 100
150 20 100
170 20 100
180 20 100
190 20 100
130 30 100
140 30 100
150 30 100
160 30 100
170 30 100
180 30 100
190 30 100
120 40 100
130 40 100
140 40 100
150 40 100
190 40 100
120 50 100
130 50 100
140 50 100
120 60 100
130 60 100
120 70 100
130 70 100
140 70 100
150 70 100
170 70 100
180 70 100
190 70 100
140 80 100
150 80 100
160 80 100
170 80 100
180 80 100
190 80 100
120 90 100
130 90 100
140 90 100
150 90 100
180 90 100
190 90 100
60 90 100
110 90 100
120 90 100
130 90 100
140 90 100
60 100 100
70 100 100
110 100 100
120 100 100
130 100 100
140 100 100
60 110 100
70 110 100
80 110 100
120 110 100
130 110 100
140 110 100
60 120 100
70 120 100
80 120 100
90 120 100
130 120 100
140 120 100
60 130 100
70 130 100
80 130 100
90 130 100
100 130 100
110 130 100
120 130 100
130 130 100
140 130 100
60 140 100
70 140 100
80 140 100
90 140 100
100 140 100
110 140 100
120 140 100
130 140 100
140 140 100
60 150 100
70 150 100
80 150 100
100 150 100
110 150 100
120 150 100
130 150 100
60 160 100
70 160 100
80 160 100
100 160 100
110 160 100
120 160 100
130 160 100
140 160 100
60 170 100
70 170 100
80 170 100
90 170 100
100 170 100
110 170 100
120 170 100
130 170 100
140 170 100
198 66 100
197 66 100
197 67 100
196 67 100
196 68 100
195 68 100
195 69 100
194 69 100
194 70 100
193 70 100
192 70 100
192 70 100
191 70 100
191 70 100
190 69 100
190 69 100
190 68 100
190 67 100
190 66 100
190 65 100
190 64 100
190 63 100
190 62 100
190 61 100
189 60 100
188 60 100
187 60 100
186 60 100
185 60 100
184 60 100
183 60 100
182 60 100
181 60 100
179 60 100
178 60 100
177 60 100
176 60 100
175 60 100
174 60 100
173 60 100
172 60 100
171 60 100
169 60 100
168 60 100
167 60 100
166 60 100
165 60 100
164 60 100
163 60 100
162 60 100
161 60 100
159 60 100
158 60 100
157 60 100
156 60 100
155 60 100
154 60 100
153 60 100
152 60 100
151 60 100
149 60 100
148 60 100
147 60 100
146 60 100
145 60 100
144 60 100
144 60 100
143 60 100
143 60 100
142 60 100
142 60 100
141 60 100
141 60 100
139 60 100
139 60 100
139 61 100
139 61 100
139 61 100
138 61 100
138 61 100
138 61 100
138 62 100
138 62 100
138 62 100
137 62 100
137 62 100
137 62 100
137 62 100
137 63 100
137 63 100
137 63 100
137 63 100
136 63 100
136 63 100
136 63 100
136 63 100
136 63 100
136 64 100
136 64 100
136 64 100
136 64 100
136 64 100
135 64 100
135 64 100
135 64 100
135 64 100
135 64 100
135 64 100
135 65 100
135 65 100
135 65 100
135 65 100
135 65 100
135 65 100
134 65 100
134 65 100
134 65 100
134 65 100
134 65 100
134 65 100
134 65 100
134 66 100
134 66 100
134 66 100
134 66 100
134 66 100
134 66 100
134 66 100
133 66 100
133 66 100
133 66 100
133 66 100
133 66 100
133 66 100
133 66 100
133 66 100
133 67 100
133 67 100
133 67 100
133 67 100
133 67 100
133 67 100
133 67 100
133 67 100
132 67 100
132 67 100
132 67 100
132 67 100
132 67 100
132 67 100
132 67 100
132 67 100
132 67 100
132 68 100
132 68 100
132 68 100
132 68 100
132 68 100
132 68 100
132 68 100
132 68 100
132 68 100
131 68 100
131 68 100
131 68 100
131 68 100
131 68 100
131 68 100
131 68 100
131 68 100
131 68 100
131 69 100
131 69 100
131 69 100
131 69 100
131 69 100
131 69 100
131 69 100
131 69 100
131 69 100
130 69 100
130 69 100
130 69 100
130 69 100
130 69 100
130 69 100
130 69 100
130 69 100
130 69 100
130 70 100
130 70 100
130 70 100
130 70 100
130 70 100
130 71 100
130 71 100
130 71 100
130 71 100
130 71 100
130 71 100
130 71 100
130 71 100
130 72 100
130 72 100
130 72 100
130 72 100
130 72 100
130 72 100
130 72 100
130 72 100
130 73 100
130 73 100
130 73 100
130 73 100
130 73 100
130 73 100
130 73 100
130 74 100
130 74 100
130 74 100
130 74 100
130 74 100
130 74 100
130 75 100
130 75 100
130 75 100
130 75 100
130 75 100
130 76 100
130 76 100
130 76 100
130 76 100
130 77 100
130 77 100
130 77 100
130 77 100
130 78 100
130 78 100
130 78 100
130 79 100
130 79 100
130 79 100
129 80 100
129 80 100
128 80 100
128 80 100
127 80 100
127 80 100
126 80 100
125 80 100
124 80 100
123 80 100
122 80 100
121 80 100
119 80 100
119 80 100
119 81 100
118 81 100
118 81 100
117 81 100
117 81 100
116 81 100
116 81 100
116 81 100
115 81 100
115 81 100
115 81 100
115 81 100
114 81 100
114 81 100
114 81 100
114 81 100
114 81 100
113 81 100
113 81 100
113 81 100
113 81 100
113 81 100
112 81 100
112 81 100
112 81 100
112 81 100
112 81 100
112 81 100
111 81 100
111 81 100
111 81 100
111 81 100
111 81 100
111 81 100
111 81 100
110 81 100
110 81 100
110 81 100
110 81 100
110 81 100
110 81 100
110 81 100
109 81 100
109 81 100
109 81 100
109 81 100
109 81 100
109 81 100
109 81 100
108 81 100
108 81 100
108 81 100
108 81 100
108 81 100
108 81 100
108 81 100
107 81 100
107 81 100
107 81 100
107 81 100
107 81 100
107 81 100
106 81 100
106 81 100
106 81 100
106 81 100
106 81 100
105 81 100
105 81 100
105 81 100
105 81 100
9 79 100
10 79 100
10 79 100
10 81 100
10 82 100
10 83 100
10 84 100
10 85 100
10 86 100
10 87 100
10 88 100
10 89 100
11 90 100
12 90 100
13 90 100
14 90 100
15 90 100
16 90 100
17 90 100
18 90 100
19 90 100
21 90 100
22 90 100
23 90 100
24 90 100
24 90 100
25 90 100
25 90 100
26 90 100
26 90 100
27 90 100
27 90 100
27 90 100
28 90 100
28 90 100
28 90 100
28 90 100
29 90 100
29 90 100
29 90 100
29 90 100
29 90 100
30 90 100
30 90 100
30 90 100
30 90 100
30 90 100
30 90 100
31 90 100
31 90 100
31 90 100
31 90 100
31 90 100
31 90 100
31 90 100
31 90 100
31 90 100
32 90 100
32 90 100
32 90 100
32 90 100
32 90 100
32 90 100
32 90 100
32 90 100
32 90 100
32 90 100
32 90 100
32 90 100
33 90 100
33 90 100
33 90 100
33 90 100
33 90 100
33 90 100
33 90 100
33 90 100
33 90 100
33 90 100
33 90 100
33 90 100
33 90 100
33 90 100
33 90 100
34 90 100
34 90 100
34 90 100
34 90 100
34 90 100
34 90 100
34 90 100
34 90 100
34 90 100
34 90 100
34 90 100
34 90 100
34 90 100
34 90 100
34 90 100
34 90 100
34 90 100
34 90 100
35 90 100
35 90 100
35 90 100
35 90 100
35 90 100
35 90 100
35 90 100
35 90 100
35 90 100
35 90 100
35 90 100
35 90 100
35 90 100
35 90 100
35 90 100
35 90 100
35 90 100
35 90 100
35 90 100
35 90 100
35 90 100
36 90 100
36 90 100
36 90 100
36 90 100
36 90 100
36 90 100
36 90 100
36 90 100
36 90 100
36 90 100
36 90 100
36 90 100
36 90 100
36 90 100
36 90 100
36 90 100
36 90 100
36 90 100
36 90 100
36 90 100
36 90 100
36 90 100
36 90 100
37 90 100
37 90 100
37 90 100
37 90 100
37 90 100
37 90 100
37 90 100
37 90 100
37 90 100
37 90 100
37 90 100
37 90 100
37 90 100
37 90 100
37 90 100
37 90 100
37 90 100
37 90 100
37 90 100
37 90 100
37 90 100
37 90 100
37 90 100
37 90 100
38 90 100
38 90 100
38 90 100
38 90 100
38 90 100
38 90 100
38 90 100
38 90 100
38 90 100
38 90 100
38 90 100
38 90 100
38 90 100
38 90 100
38 90 100
38 90 100
38 90 100
38 90 100
38 90 100
38 90 100
38 90 100
38 90 100
38 90 100
38 90 100
38 90 100
38 90 100
39 90 100
39 90 100
39 90 100
39 90 100
39 90 100
39 90 100
39 90 100
39 90 100
39 90 100
39 90 100
39 90 100
39 90 100
39 90 100
39 90 100
39 90 100
39 90 100
39 90 100
39 90 100
39 90 100
39 90 100
39 90 100
39 90 100
39 90 100
39 90 100
39 90 100
39 90 100
40 90 100
40 90 100
40 90 100
40 90 100
40 90 100
40 90 100
40 90 100
40 90 100
40 90 100
40 90 100
40 90 100
40 90 100
40 90 100
40 90 100
40 90 100
40 90 100
40 90 100
40 90 100
40 90 100
40 90 100
40 90 100
40 90 100
40 90 100
40 90 100
40 90 100
41 90 100
41 90 100
41 90 100
41 90 100
41 90 100
41 90 100
41 90 100
41 90 100
41 90 100
41 90 100
41 90 100
41 90 100
41 90 100
41 90 100
41 90 100
41 90 100
41 90 100
41 90 100
41 90 100
41 90 100
41 90 100
41 90 100
41 90 100
41 90 100
41 90 100
41 90 100
42 90 100
42 90 100
42 90 100
42 90 100
42 90 100
42 90 100
42 90 100
42 90 100
42 90 100
42 90 100
42 90 100
42 90 100
42 90 100
42 90 100
42 90 100
42 90 100
42 90 100
42 90 100
42 90 100
42 90 100
42 90 100
42 90 100
42 90 100
42 90 100
42 90 100
43 90 100
43 90 100
43 90 100
43 90 100
43 90 100
43 90 100
43 90 100
43 90 100
43 90 100
43 90 100
43 90 100
43 90 100
43 90 100
43 90 100
43 90 100
43 90 100
43 90 100
43 90 100
43 90 100
43 90 100
43 90 100
43 90 100
43 90 100
44 90 100
44 90 100
44 90 100
44 90 100
44 90 100
44 90 100
44 90 100
44 90 100
44 90 100
44 90 100
44 90 100
44 90 100
44 90 100
44 90 100
44 90 100
44 90 100
44 90 100
44 90 100
44 90 100
44 90 100
45 90 100
45 90 100
45 90 100
45 90 100
45 90 100
45 90 100
45 90 100
45 90 100
45 90 100
45 90 100
45 90 100
45 90 100
45 90 100
45 90 100
45 90 100
45 90 100
45 90 100
46 90 100
46 90 100
46 90 100
46 90 100
46 90 100
46 90 100
46 90 100
46 90 100
46 90 100
46 90 100
46 90 100
46 90 100
46 90 100
47 90 100
47 90 100
47 90 100
47 90 100
47 90 100
47 90 100
47 90 100
47 90 100
47 90 100
47 90 100
48 90 100
48 90 100
48 90 100
48 90 100
48 90 100
48 90 100
48 90 100
48 90 100
49 90 100
49 90 100
49 90 100
49 90 100
49 90 100
49 90 100
50 90 100
50 90 100
50 90 100
50 90 100
51 90 100
51 90 100
51 90 100
51 90 100
52 90 100
52 90 100
52 90 100
53 90 100
53 90 100
54 90 100
54 90 100
55 90 100
55 90 100
56 90 100
56 90 100
57 90 100
57 90 100
58 90 100
58 90 100
59 90 100
59 90 100
61 90 100
61 90 100
62 90 100
62 90 100
63 90 100
63 90 100
64 90 100
64 90 100
65 90 100
66 90 100
67 90 100
68 90 100
69 90 100
71 90 100
72 90 100
73 90 100
74 90 100
75 90 100
76 90 100
77 90 100
78 90 100
79 90 100
81 90 100
82 90 100
83 90 100
84 90 100
85 90 100
86 90 100
87 90 100
88 90 100
89 90 100
91 90 100
92 90 100
93 90 100
94 90 100
95 90 100
96 90 100
97 90 100
98 90 100
99 90 100
101 90 100
101 89 100
102 89 100
102 89 100
102 88 100
102 88 100
103 88 100
103 88 100
103 87 100
103 87 100
104 87 100
104 87 100
104 87 100
104 86 100
104 86 100
104 86 100
105 86 100
105 86 100
105 86 100
105 86 100
105 85 100
105 85 100
105 85 100
105 85 100
105 84 100
105 84 100
105 84 100
105 84 100
105 83 100
105 83 100
105 83 100
105 83 100
105 82 100
105 82 100
105 82 100
105 82 100
53 197 100
52 197 100
52 196 100
51 196 100
51 195 100
50 195 100
50 194 100
50 193 100
50 192 100
50 191 100
51 190 100
52 190 100
53 190 100
54 190 100
55 190 100
56 190 100
57 190 100
58 190 100
59 190 100
61 190 100
62 190 100
63 190 100
64 190 100
65 190 100
66 190 100
67 190 100
68 190 100
69 190 100
69 190 100
70 190 100
71 190 100
71 190 100
71 190 100
72 190 100
72 190 100
72 190 100
73 190 100
73 190 100
73 190 100
73 190 100
74 190 100
74 190 100
74 190 100
74 190 100
75 190 100
75 190 100
75 190 100
75 190 100
75 190 100
76 190 100
76 190 100
76 190 100
76 190 100
76 190 100
77 190 100
77 190 100
77 190 100
77 190 100
78 190 100
78 190 100
78 190 100
78 190 100
79 190 100
79 190 100
79 190 100
80 190 100
80 190 100
81 190 100
81 190 100
82 190 100
82 190 100
83 190 100
83 190 100
84 190 100
85 190 100
86 190 100
87 190 100
88 190 100
89 190 100
90 189 100
90 188 100
90 187 100
90 186 100
90 185 100
90 184 100
90 183 100
90 182 100
90 181 100
90 181 100
90 180 100
90 179 100
90 179 100
90 179 100
90 178 100
90 178 100
90 178 100
90 178 100
90 177 100
90 177 100
90 177 100
90 177 100
90 176 100
90 176 100
90 176 100
90 176 100
90 176 100
90 175 100
90 175 100
90 175 100
90 175 100
90 175 100
90 174 100
90 174 100
90 174 100
90 174 100
90 174 100
90 174 100
90 173 100
90 173 100
90 173 100
90 173 100
90 173 100
90 173 100
90 172 100
90 172 100
90 172 100
90 172 100
90 172 100
90 172 100
90 171 100
90 171 100
90 171 100
90 171 100
90 171 100
90 171 100
90 170 100
90 170 100
90 170 100
90 170 100
90 169 100
90 169 100
90 169 100
90 169 100
90 169 100
90 168 100
90 168 100
90 168 100
90 168 100
90 168 100
90 167 100
90 167 100
90 167 100
90 167 100
90 166 100
90 166 100
90 166 100
90 166 100
90 165 100
90 165 100
90 165 100
90 164 100
90 164 100
90 163 100
90 163 100
90 162 100
90 162 100
90 161 100
90 159 100
90 158 100
90 157 100
90 156 100
90 155 100
90 154 100
90 153 100
90 152 100
90 151 100
91 150 100
92 150 100
93 150 100
94 150 100
95 150 100
96 150 100
97 150 100
98 150 100
99 150 100
100 149 100
100 148 100
100 147 100
100 146 100
100 145 100
100 144 100
100 143 100
100 142 100
100 141 100
100 139 100
100 138 100
100 137 100
100 136 100
100 135 100
100 134 100
100 133 100
100 132 100
100 131 100
100 129 100
100 128 100
100 127 100
100 126 100
100 125 100
100 124 100
100 123 100
100 122 100
100 121 100
100 119 100
100 118 100
100 117 100
100 116 100
100 115 100
100 114 100
100 113 100
100 112 100
100 111 100
100 109 100
100 108 100
100 107 100
100 106 100
100 105 100
100 104 100
100 103 100
100 102 100
100 101 100
100 99 100
100 98 100
100 97 100
100 96 100
100 95 100
100 94 100
100 93 100
100 92 100
100 91 100
160 186 100
160 187 100
160 188 100
160 189 100
159 190 100
158 190 100
157 190 100
156 190 100
155 190 100
154 190 100
153 190 100
152 190 100
151 190 100
149 190 100
148 190 100
147 190 100
146 190 100
145 190 100
144 190 100
143 190 100
142 190 100
141 190 100
139 190 100
138 190 100
137 190 100
136 190 100
135 190 100
134 190 100
133 190 100
132 190 100
131 190 100
129 190 100
128 190 100
127 190 100
126 190 100
125 190 100
124 190 100
123 190 100
122 190 100
121 190 100
119 190 100
118 190 100
117 190 100
116 190 100
115 190 100
114 190 100
113 190 100
112 190 100
111 190 100
111 190 100
110 190 100
110 190 100
109 190 100
109 190 100
108 190 100
108 190 100
107 190 100
107 190 100
106 190 100
106 190 100
106 190 100
105 190 100
105 190 100
105 190 100
104 190 100
104 190 100
104 190 100
103 190 100
103 190 100
102 190 100
102 190 100
101 190 100
101 190 100
100 190 100
100 190 100
99 190 100
98 190 100
97 190 100
96 190 100
95 190 100
94 190 100
93 190 100
92 190 100
91 190 100
171 117 100
170 117 100
170 116 100
170 115 100
170 114 100
170 113 100
170 112 100
170 111 100
170 109 100
170 108 100
170 107 100
170 106 100
170 105 100
170 104 100
170 103 100
170 102 100
170 101 100
170 99 100
170 98 100
170 97 100
170 96 100
170 95 100
170 94 100
170 93 100
170 92 100
170 91 100
170 89 100
170 89 100
170 88 100
170 88 100
170 87 100
170 87 100
170 87 100
170 86 100
170 86 100
170 86 100
170 85 100
170 85 100
170 85 100
170 85 100
170 84 100
170 84 100
170 84 100
170 84 100
170 84 100
170 83 100
170 83 100
170 83 100
170 83 100
170 83 100
170 83 100
170 82 100
170 82 100
170 82 100
170 82 100
170 82 100
170 82 100
170 82 100
170 81 100
170 81 100
170 81 100
170 81 100
170 81 100
170 81 100
170 81 100
170 81 100
170 80 100
170 80 100
170 80 100
170 80 100
170 80 100
170 79 100
170 79 100
170 79 100
170 79 100
170 79 100
170 79 100
170 79 100
170 79 100
170 78 100
170 78 100
170 78 100
170 78 100
170 78 100
170 78 100
170 78 100
170 78 100
170 77 100
170 77 100
170 77 100
170 77 100
170 77 100
170 77 100
170 77 100
170 77 100
170 76 100
170 76 100
170 76 100
170 76 100
170 76 100
170 76 100
170 76 100
170 75 100
170 75 100
170 75 100
170 75 100
170 75 100
170 75 100
170 75 100
170 74 100
170 74 100
170 74 100
170 74 100
170 74 100
170 74 100
170 73 100
170 73 100
170 73 100
170 73 100
170 73 100
170 73 100
170 72 100
170 72 100
170 72 100
170 72 100
170 72 100
170 71 100
170 71 100
170 71 100
170 71 100
170 69 100
170 69 100
170 68 100
170 67 100
170 66 100
170 65 100
170 64 100
170 63 100
170 62 100
170 61 100
123 30 100
124 30 100
125 30 100
126 30 100
127 30 100
128 30 100
129 30 100
131 30 100
131 30 100
131 31 100
131 31 100
132 31 100
132 31 100
132 32 100
132 32 100
132 32 100
133 32 100
133 32 100
133 32 100
133 33 100
133 33 100
133 33 100
134 33 100
134 33 100
134 33 100
134 33 100
134 34 100
134 34 100
134 34 100
134 34 100
135 34 100
135 34 100
135 34 100
135 34 100
135 34 100
135 35 100
135 35 100
135 35 100
135 35 100
135 35 100
136 35 100
136 35 100
136 35 100
136 35 100
136 35 100
136 35 100
136 36 100
136 36 100
136 36 100
136 36 100
136 36 100
136 36 100
136 36 100
137 36 100
137 36 100
137 36 100
137 36 100
137 36 100
137 36 100
137 36 100
137 36 100
137 37 100
137 37 100
137 37 100
137 37 100
137 37 100
137 37 100
137 37 100
137 37 100
138 37 100
138 37 100
138 37 100
138 37 100
138 37 100
138 37 100
138 37 100
138 37 100
138 37 100
138 38 100
138 38 100
138 38 100
138 38 100
138 38 100
138 38 100
138 38 100
138 38 100
139 38 100
139 38 100
139 38 100
139 38 100
139 38 100
139 38 100
139 38 100
139 38 100
139 38 100
139 38 100
139 39 100
139 39 100
139 39 100
139 39 100
139 39 100
139 39 100
139 39 100
139 39 100
139 39 100
140 39 100
140 39 100
140 39 100
140 39 100
140 39 100
140 39 100
140 39 100
140 39 100
140 39 100
140 39 100
140 40 100
140 40 100
140 40 100
140 40 100
140 40 100
140 40 100
140 41 100
140 41 100
140 41 100
140 41 100
140 41 100
140 41 100
140 41 100
140 41 100
140 42 100
140 42 100
140 42 100
140 42 100
140 42 100
140 42 100
140 42 100
140 43 100
140 43 100
140 43 100
140 43 100
140 43 100
140 43 100
140 44 100
140 44 100
140 44 100
140 44 100
140 44 100
140 45 100
140 45 100
140 45 100
140 45 100
140 45 100
140 46 100
140 46 100
140 46 100
140 46 100
140 47 100
140 47 100
140 47 100
140 47 100
140 48 100
140 48 100
140 48 100
140 48 100
140 49 100
140 49 100
140 49 100
140 49 100
140 51 100
140 51 100
140 51 100
140 52 100
140 52 100
140 52 100
140 53 100
140 53 100
140 53 100
140 54 100
140 54 100
140 54 100
140 55 100
140 55 100
140 55 100
140 56 100
140 56 100
140 56 100
140 57 100
140 57 100
140 58 100
140 58 100
140 59 100
140 59 100
161 53 100
160 53 100
160 54 100
160 55 100
160 56 100
160 57 100
160 58 100
160 59 100
104 137 100
103 137 100
103 138 100
102 138 100
102 139 100
101 139 100
