# score 142272
120 30 100
130 30 100
140 30 100
150 30 100
160 30 100
170 30 100
180 30 100
190 30 100
120 40 100
130 40 100
140 40 100
150 40 100
160 40 100
170 40 100
180 40 100
190 40 100
120 50 100
130 50 100
140 50 100
150 50 100
160 50 100
170 50 100
180 50 100
190 50 100
120 60 100
130 60 100
140 60 100
150 60 100
160 60 100
170 60 100
180 60 100
190 60 100
120 70 100
130 70 100
140 70 100
150 70 100
160 70 100
170 70 100
180 70 100
190 70 100
120 80 100
130 80 100
140 80 100
150 80 100
160 80 100
170 80 100
180 80 100
190 80 100
120 90 100
130 90 100
140 90 100
150 90 100
160 90 100
170 90 100
180 90 100
190 90 100
120 100 100
130 100 100
140 100 100
150 100 100
160 100 100
170 100 100
180 100 100
190 100 100
120 110 100
130 110 100
140 110 100
150 110 100
160 110 100
170 110 100
180 110 100
190 110 100
110 140 100
120 140 100
130 140 100
140 140 100
150 140 100
160 140 100
170 140 100
180 140 100
190 140 100
110 150 100
120 150 100
130 150 100
140 150 100
150 150 100
160 150 100
170 150 100
180 150 100
190 150 100
110 160 100
120 160 100
130 160 100
140 160 100
150 160 100
160 160 100
170 160 100
180 160 100
190 160 100
110 170 100
120 170 100
130 170 100
140 170 100
150 170 100
160 170 100
170 170 100
180 170 100
190 170 100
110 180 100
120 180 100
130 180 100
140 180 100
150 180 100
160 180 100
170 180 100
180 180 100
190 180 100
110 190 100
120 190 100
130 190 100
140 190 100
150 190 100
160 190 100
170 190 100
180 190 100
190 190 100
70 60 100
80 60 100
90 60 100
100 60 100
110 60 100
70 70 100
80 70 100
90 70 100
100 70 100
110 70 100
70 80 100
80 80 100
90 80 100
100 80 100
110 80 100
70 90 100
80 90 100
90 90 100
100 90 100
110 90 100
70 100 100
80 100 100
90 100 100
100 100 100
110 100 100
120 100 100
130 100 100
70 110 100
80 110 100
90 110 100
100 110 100
110 110 100
120 110 100
70 120 100
80 120 100
90 120 100
100 120 100
110 120 100
120 120 100
130 120 100
140 120 100
150 120 100
70 130 100
80 130 100
90 130 100
100 130 100
110 130 100
120 130 100
130 130 100
140 130 100
150 130 100
70 140 100
80 140 100
90 140 100
100 140 100
110 140 100
120 140 100
130 140 100
140 140 100
150 140 100
20 20 100
30 20 100
40 20 100
50 20 100
60 20 100
70 20 100
80 20 100
90 20 100
100 20 100
20 30 100
30 30 100
40 30 100
50 30 100
60 30 100
70 30 100
80 30 100
90 30 100
100 30 100
20 40 100
30 40 100
40 40 100
50 40 100
60 40 100
70 40 100
80 40 100
90 40 100
100 40 100
20 50 100
30 50 100
40 50 100
50 50 100
60 50 100
70 50 100
80 50 100
90 50 100
100 50 100
20 60 100
30 60 100
40 60 100
50 60 100
60 60 100
90 60 100
100 60 100
20 70 100
30 70 100
40 70 100
50 70 100
60 70 100
20 80 100
30 80 100
40 80 100
50 80 100
60 80 100
20 90 100
30 90 100
40 90 100
50 90 100
60 90 100
20 100 100
30 100 100
40 100 100
50 100 100
60 100 100
50 130 100
60 130 100
70 130 100
90 130 100
100 130 100
110 130 100
120 130 100
130 130 100
50 140 100
60 140 100
100 140 100
110 140 100
120 140 100
130 140 100
50 150 100
60 150 100
70 150 100
80 150 100
90 150 100
100 150 100
110 150 100
120 150 100
130 150 100
50 160 100
60 160 100
70 160 100
80 160 100
90 160 100
100 160 100
110 160 100
120 160 100
130 160 100
50 170 100
60 170 100
70 170 100
80 170 100
90 170 100
100 170 100
110 170 100
120 170 100
130 170 100
50 180 100
60 180 100
70 180 100
80 180 100
90 180 100
100 180 100
110 180 100
120 180 100
50 190 100
60 190 100
70 190 100
80 190 100
90 190 100
100 190 100
150 0 100
160 0 100
170 0 100
180 0 100
190 0 100
150 10 100
160 10 100
170 10 100
180 10 100
190 10 100
150 20 100
160 20 100
170 20 100
180 20 100
190 20 100
190 60 100
114 101 100
113 101 100
113 100 100
112 100 100
111 100 100
110 99 100
110 98 100
110 97 100
110 96 100
110 95 100
110 94 100
110 93 100
110 92 100
110 91 100
111 90 100
112 90 100
113 90 100
114 90 100
115 90 100
116 90 100
117 90 100
118 90 100
119 90 100
121 90 100
122 90 100
123 90 100
124 90 100
125 90 100
126 90 100
127 90 100
128 90 100
129 90 100
131 90 100
132 90 100
133 90 100
134 90 100
135 90 100
136 90 100
137 90 100
138 90 100
139 90 100
141 90 100
142 90 100
143 90 100
144 90 100
145 90 100
146 90 100
147 90 100
148 90 100
149 90 100
150 89 100
150 88 100
150 87 100
150 86 100
150 85 100
150 84 100
150 83 100
150 82 100
150 81 100
151 80 100
152 80 100
153 80 100
154 80 100
155 80 100
156 80 100
157 80 100
158 80 100
159 80 100
161 80 100
162 80 100
163 80 100
164 80 100
165 80 100
166 80 100
167 80 100
168 80 100
169 80 100
169 79 100
168 79 100
168 78 100
168 77 100
168 76 100
168 75 100
168 74 100
63 66 100
62 66 100
62 67 100
61 67 100
61 68 100
60 68 100
60 69 100
61 70 100
62 70 100
63 70 100
64 70 100
65 70 100
66 70 100
67 70 100
68 70 100
69 70 100
71 70 100
72 70 100
73 70 100
74 70 100
75 70 100
76 70 100
77 70 100
78 70 100
79 70 100
81 70 100
82 70 100
83 70 100
84 70 100
85 70 100
86 70 100
87 70 100
88 70 100
89 70 100
91 70 100
92 70 100
93 70 100
94 70 100
95 70 100
96 70 100
97 70 100
98 70 100
99 70 100
101 70 100
102 70 100
103 70 100
104 70 100
105 70 100
106 70 100
107 70 100
108 70 100
109 70 100
110 71 100
110 72 100
110 73 100
110 74 100
110 75 100
110 76 100
110 77 100
110 78 100
110 79 100
110 81 100
110 82 100
110 83 100
110 84 100
110 85 100
110 86 100
110 87 100
110 88 100
110 89 100
90 171 100
90 172 100
90 173 100
90 174 100
90 175 100
90 176 100
90 177 100
90 178 100
90 179 100
90 181 100
90 182 100
90 183 100
90 184 100
90 185 100
90 186 100
90 187 100
90 188 100
90 189 100
91 190 100
92 190 100
93 190 100
94 190 100
95 190 100
96 190 100
97 190 100
98 190 100
99 190 100
101 190 100
102 190 100
103 190 100
104 190 100
105 190 100
106 190 100
107 190 100
108 190 100
109 190 100
111 190 100
112 190 100
113 190 100
114 190 100
115 190 100
116 190 100
117 190 100
118 190 100
119 190 100
121 190 100
122 190 100
123 190 100
124 190 100
125 190 100
126 190 100
127 190 100
128 190 100
129 190 100
131 190 100
132 190 100
133 190 100
134 190 100
135 190 100
136 190 100
137 190 100
138 190 100
139 190 100
141 190 100
142 190 100
143 190 100
144 190 100
145 190 100
146 190 100
147 190 100
148 190 100
149 190 100
151 190 100
151 189 100
152 189 100
152 188 100
152 187 100
152 186 100
152 185 100
198 26 100
197 26 100
197 27 100
196 27 100
196 28 100
195 28 100
195 29 100
194 29 100
194 30 100
193 30 100
192 30 100
191 30 100
189 30 100
188 30 100
187 30 100
186 30 100
185 30 100
184 30 100
183 30 100
182 30 100
181 30 100
180 31 100
180 32 100
180 33 100
180 34 100
180 35 100
180 36 100
180 37 100
180 38 100
180 39 100
179 40 100
178 40 100
177 40 100
176 40 100
175 40 100
174 40 100
173 40 100
172 40 100
171 40 100
170 41 100
170 42 100
170 43 100
170 44 100
170 45 100
170 46 100
170 47 100
170 48 100
170 49 100
170 51 100
170 52 100
170 53 100
170 54 100
170 55 100
170 56 100
170 57 100
170 58 100
170 59 100
170 61 100
170 62 100
170 63 100
170 64 100
170 65 100
170 66 100
170 67 100
170 68 100
170 69 100
169 70 100
169 71 100
168 71 100
168 72 100
168 73 100
