# score 213324
30 70 100
40 70 100
50 70 100
60 70 100
70 70 100
80 70 100
90 70 100
100 70 100
110 70 100
30 80 100
40 80 100
50 80 100
60 80 100
70 80 100
80 80 100
90 80 100
100 80 100
110 80 100
30 90 100
40 90 100
50 90 100
60 90 100
70 90 100
80 90 100
90 90 100
100 90 100
110 90 100
30 100 100
40 100 100
50 100 100
60 100 100
70 100 100
80 100 100
90 100 100
100 100 100
110 100 100
30 110 100
40 110 100
50 110 100
60 110 100
70 110 100
80 110 100
90 110 100
100 110 100
110 110 100
30 120 100
40 120 100
50 120 100
60 120 100
70 120 100
80 120 100
90 120 100
100 120 100
110 120 100
30 130 100
40 130 100
50 130 100
60 130 100
70 130 100
80 130 100
90 130 100
100 130 100
110 130 100
30 140 100
40 140 100
50 140 100
60 140 100
70 140 100
80 140 100
90 140 100
100 140 100
110 140 100
30 150 100
40 150 100
50 150 100
60 150 100
70 150 100
80 150 100
90 150 100
100 150 100
110 150 100
130 0 100
140 0 100
150 0 100
160 0 100
170 0 100
180 0 100
190 0 100
130 10 100
140 10 100
150 10 100
160 10 100
170 10 100
180 10 100
190 10 100
130 20 100
140 20 100
150 20 100
160 20 100
170 20 100
180 20 100
190 20 100
130 30 100
140 30 100
150 30 100
160 30 100
170 30 100
180 30 100
190 30 100
130 40 100
140 40 100
150 40 100
160 40 100
170 40 100
180 40 100
190 40 100
20 140 100
30 140 100
40 140 100
90 140 100
100 140 100
20 150 100
30 150 100
40 150 100
80 150 100
90 150 100
100 150 100
20 160 100
30 160 100
40 160 100
50 160 100
60 160 100
70 160 100
80 160 100
90 160 100
100 160 100
20 170 100
30 170 100
40 170 100
50 170 100
60 170 100
70 170 100
80 170 100
90 170 100
100 170 100
20 180 100
30 180 100
40 180 100
50 180 100
60 180 100
70 180 100
80 180 100
90 180 100
100 180 100
20 190 100
30 190 100
40 190 100
50 190 100
60 190 100
70 190 100
80 190 100
90 190 100
100 190 100
20 0 100
30 0 100
40 0 100
50 0 100
60 0 100
70 0 100
80 0 100
90 0 100
100 0 100
20 10 100
30 10 100
40 10 100
50 10 100
60 10 100
70 10 100
80 10 100
90 10 100
100 10 100
20 20 100
30 20 100
40 20 100
50 20 100
60 20 100
70 20 100
80 20 100
90 20 100
100 20 100
20 30 100
30 30 100
40 30 100
50 30 100
60 30 100
70 30 100
80 30 100
90 30 100
100 30 100
20 40 100
30 40 100
40 40 100
50 40 100
60 40 100
70 40 100
80 40 100
90 40 100
100 40 100
50 30 100
60 30 100
70 30 100
80 30 100
90 30 100
100 30 100
110 30 100
120 30 100
50 40 100
60 40 100
70 40 100
80 40 100
90 40 100
100 40 100
110 40 100
120 40 100
50 50 100
60 50 100
70 50 100
80 50 100
90 50 100
100 50 100
110 50 100
120 50 100
130 50 100
50 60 100
60 60 100
70 60 100
80 60 100
90 60 100
100 60 100
110 60 100
120 60 100
130 60 100
120 70 100
130 70 100
50 80 100
60 80 100
70 80 100
110 80 100
120 80 100
130 80 100
50 90 100
60 90 100
70 90 100
80 90 100
110 90 100
120 90 100
130 90 100
50 100 100
60 100 100
70 100 100
120 100 100
130 100 100
50 110 100
60 110 100
70 110 100
120 110 100
130 110 100
160 30 100
170 30 100
180 30 100
190 30 100
150 40 100
160 40 100
170 40 100
180 40 100
140 50 100
150 50 100
160 50 100
170 50 100
180 50 100
190 50 100
140 60 100
150 60 100
160 60 100
170 60 100
180 60 100
190 60 100
130 70 100
140 70 100
150 70 100
160 70 100
170 70 100
180 70 100
190 70 100
140 80 100
150 80 100
160 80 100
170 80 100
180 80 100
190 80 100
140 90 100
150 90 100
160 90 100
170 90 100
180 90 100
190 90 100
140 100 100
150 100 100
160 100 100
170 100 100
180 100 100
190 100 100
130 110 100
140 110 100
150 110 100
160 110 100
170 110 100
180 110 100
190 110 100
0 120 100
10 120 100
20 120 100
50 120 100
60 120 100
70 120 100
80 120 100
0 130 100
10 130 100
20 130 100
30 130 100
40 130 100
50 130 100
60 130 100
70 130 100
0 140 100
10 140 100
30 140 100
40 140 100
0 150 100
10 150 100
20 150 100
40 150 100
80 150 100
0 160 100
10 160 100
20 160 100
70 160 100
80 160 100
0 170 100
10 170 100
20 170 100
30 170 100
70 170 100
80 170 100
0 180 100
10 180 100
30 180 100
40 180 100
80 180 100
0 190 100
10 190 100
30 190 100
40 190 100
50 190 100
80 190 100
80 10 100
90 10 100
100 10 100
110 10 100
120 10 100
130 10 100
140 10 100
150 10 100
80 20 100
90 20 100
100 20 100
110 20 100
120 20 100
160 20 100
80 30 100
90 30 100
100 30 100
110 30 100
160 30 100
80 40 100
90 40 100
100 40 100
110 40 100
160 40 100
100 50 100
110 50 100
140 50 100
150 50 100
160 50 100
140 60 100
150 60 100
160 60 100
130 70 100
140 70 100
150 70 100
160 70 100
110 80 100
120 80 100
150 80 100
160 80 100
80 90 100
110 90 100
120 90 100
150 90 100
160 90 100
120 110 100
130 110 100
140 110 100
170 110 100
110 120 100
120 120 100
130 120 100
140 120 100
150 120 100
160 120 100
170 120 100
180 120 100
190 120 100
110 130 100
120 130 100
130 130 100
140 130 100
150 130 100
160 130 100
170 130 100
180 130 100
190 130 100
110 140 100
120 140 100
130 140 100
140 140 100
150 140 100
160 140 100
170 140 100
180 140 100
190 140 100
120 150 100
130 150 100
140 150 100
150 150 100
160 150 100
170 150 100
180 150 100
190 150 100
110 160 100
120 160 100
130 160 100
140 160 100
150 160 100
160 160 100
170 160 100
180 160 100
190 160 100
110 170 100
120 170 100
130 170 100
140 170 100
150 170 100
160 170 100
170 170 100
180 170 100
190 170 100
110 180 100
120 180 100
130 180 100
140 180 100
150 180 100
160 180 100
170 180 100
180 180 100
190 180 100
110 190 100
120 190 100
130 190 100
140 190 100
150 190 100
160 190 100
170 190 100
180 190 100
190 190 100
0 80 100
10 80 100
20 80 100
30 80 100
40 80 100
0 90 100
10 90 100
20 90 100
30 90 100
40 90 100
50 90 100
0 100 100
10 100 100
20 100 100
30 100 100
40 100 100
50 100 100
0 110 100
10 110 100
20 110 100
30 110 100
40 110 100
50 110 100
50 120 100
40 130 100
50 130 100
0 140 100
30 140 100
40 140 100
0 150 100
10 150 100
0 160 100
10 160 100
20 160 100
110 0 100
120 0 100
130 0 100
140 0 100
150 0 100
110 10 100
120 10 100
130 10 100
140 10 100
170 10 100
170 20 100
180 20 100
190 20 100
110 30 100
160 30 100
170 30 100
180 30 100
190 30 100
110 40 100
160 40 100
170 40 100
180 40 100
110 50 100
150 50 100
160 50 100
170 50 100
140 60 100
150 60 100
160 60 100
170 60 100
140 60 100
150 60 100
160 60 100
170 60 100
140 70 100
150 70 100
160 70 100
170 70 100
180 70 100
110 80 100
120 80 100
150 80 100
160 80 100
170 80 100
180 80 100
110 90 100
120 90 100
160 90 100
120 100 100
120 110 100
130 110 100
140 110 100
170 110 100
100 120 100
110 120 100
120 120 100
130 120 100
140 120 100
150 120 100
160 120 100
170 120 100
180 120 100
100 130 100
110 130 100
120 130 100
130 130 100
140 130 100
150 130 100
160 130 100
170 130 100
180 130 100
100 140 100
110 140 100
150 140 100
160 140 100
170 140 100
180 140 100
69 0 100
68 0 100
67 0 100
66 0 100
65 0 100
64 0 100
63 0 100
62 0 100
61 0 100
60 1 100
60 2 100
60 3 100
60 4 100
60 5 100
60 6 100
60 7 100
60 8 100
60 9 100
59 10 100
58 10 100
58 10 100
57 10 100
57 10 100
56 10 100
56 10 100
55 10 100
55 10 100
54 10 100
54 10 100
53 10 100
53 10 100
52 10 100
52 10 100
51 10 100
51 10 100
49 10 100
48 10 100
47 10 100
46 10 100
45 10 100
44 10 100
43 10 100
42 10 100
41 10 100
40 11 100
40 12 100
40 13 100
40 14 100
40 14 100
40 15 100
40 15 100
40 16 100
40 16 100
40 16 100
40 17 100
40 17 100
40 17 100
40 17 100
40 18 100
40 18 100
40 18 100
40 18 100
40 19 100
40 19 100
40 19 100
40 19 100
40 19 100
40 20 100
40 20 100
40 20 100
40 20 100
40 21 100
40 21 100
40 21 100
40 21 100
40 21 100
40 22 100
40 22 100
40 22 100
40 22 100
40 22 100
40 23 100
40 23 100
40 23 100
40 23 100
40 24 100
40 24 100
40 24 100
40 24 100
40 25 100
40 25 100
40 25 100
40 26 100
40 26 100
40 27 100
40 27 100
40 28 100
40 29 100
40 31 100
40 32 100
40 33 100
40 34 100
40 35 100
40 36 100
40 37 100
40 38 100
40 39 100
40 41 100
40 42 100
40 43 100
40 44 100
40 44 100
40 45 100
40 45 100
40 46 100
40 46 100
40 46 100
40 47 100
40 47 100
40 47 100
40 48 100
40 48 100
40 48 100
40 48 100
40 49 100
40 49 100
40 49 100
40 49 100
40 49 100
40 50 100
40 50 100
40 50 100
40 50 100
40 50 100
40 51 100
40 51 100
40 51 100
40 51 100
40 51 100
40 52 100
40 52 100
40 52 100
40 52 100
40 52 100
40 53 100
40 53 100
40 53 100
40 53 100
40 53 100
40 54 100
40 54 100
40 54 100
40 54 100
40 54 100
40 55 100
40 55 100
40 55 100
40 55 100
40 55 100
40 56 100
40 56 100
40 56 100
40 56 100
40 56 100
40 57 100
40 57 100
40 57 100
40 57 100
40 58 100
40 58 100
40 58 100
40 59 100
40 59 100
40 59 100
40 60 100
40 60 100
40 61 100
40 61 100
40 62 100
40 62 100
40 63 100
40 64 100
40 65 100
40 66 100
40 67 100
40 68 100
40 69 100
41 70 100
42 70 100
43 70 100
44 70 100
45 70 100
46 70 100
47 70 100
48 70 100
49 70 100
51 70 100
52 70 100
53 70 100
54 70 100
55 70 100
56 70 100
57 70 100
58 70 100
59 70 100
61 70 100
61 70 100
62 70 100
62 70 100
63 70 100
63 70 100
64 70 100
64 70 100
65 70 100
65 70 100
66 70 100
66 70 100
67 70 100
68 70 100
69 70 100
71 70 100
72 70 100
73 70 100
74 70 100
75 70 100
76 70 100
77 70 100
78 70 100
79 70 100
80 71 100
80 72 100
80 73 100
80 74 100
80 75 100
80 76 100
80 77 100
80 78 100
80 79 100
80 81 100
80 82 100
80 83 100
80 83 100
80 84 100
80 84 100
80 85 100
80 85 100
80 86 100
80 86 100
80 86 100
80 87 100
80 87 100
80 87 100
80 88 100
80 88 100
80 88 100
80 89 100
80 89 100
80 89 100
80 91 100
80 91 100
80 91 100
80 92 100
80 92 100
80 92 100
80 93 100
80 93 100
80 93 100
80 94 100
80 94 100
80 95 100
80 95 100
80 96 100
80 96 100
80 97 100
80 97 100
80 98 100
80 99 100
80 101 100
80 102 100
80 103 100
80 104 100
80 105 100
80 106 100
80 107 100
80 108 100
80 109 100
79 110 100
78 110 100
96 72 100
95 72 100
95 71 100
94 71 100
94 70 100
93 70 100
92 70 100
91 70 100
89 70 100
88 70 100
87 70 100
86 70 100
85 70 100
84 70 100
83 70 100
82 70 100
81 70 100
176 73 100
176 73 100
176 73 100
176 73 100
176 73 100
176 73 100
176 73 100
177 73 100
177 73 100
177 73 100
177 73 100
177 73 100
177 73 100
177 74 100
177 74 100
177 74 100
177 74 100
177 74 100
177 74 100
178 74 100
178 74 100
178 74 100
178 74 100
178 74 100
178 75 100
178 75 100
178 75 100
178 75 100
178 75 100
179 75 100
179 75 100
179 75 100
179 75 100
179 75 100
179 76 100
179 76 100
179 76 100
179 76 100
180 76 100
180 76 100
180 76 100
180 76 100
180 77 100
180 77 100
180 77 100
180 78 100
180 78 100
180 78 100
180 79 100
180 79 100
180 81 100
180 82 100
180 83 100
180 84 100
180 85 100
180 86 100
180 87 100
180 88 100
180 89 100
179 90 100
178 90 100
177 90 100
176 90 100
175 90 100
174 90 100
173 90 100
172 90 100
171 90 100
169 90 100
169 90 100
168 90 100
168 90 100
167 90 100
167 90 100
166 90 100
166 90 100
165 90 100
165 90 100
165 90 100
164 90 100
164 90 100
164 90 100
163 90 100
163 90 100
163 90 100
162 90 100
162 90 100
162 90 100
161 90 100
161 90 100
161 90 100
159 90 100
159 90 100
159 90 100
158 90 100
158 90 100
158 90 100
157 90 100
157 90 100
157 90 100
156 90 100
156 90 100
156 90 100
155 90 100
155 90 100
155 90 100
154 90 100
154 90 100
154 90 100
153 90 100
153 90 100
152 90 100
152 90 100
151 90 100
151 90 100
149 90 100
148 90 100
147 90 100
146 90 100
145 90 100
144 90 100
143 90 100
142 90 100
141 90 100
139 90 100
138 90 100
137 90 100
136 90 100
135 90 100
134 90 100
133 90 100
132 90 100
131 90 100
130 89 100
130 88 100
130 87 100
130 86 100
130 85 100
130 84 100
130 83 100
130 82 100
130 81 100
130 79 100
130 78 100
130 77 100
130 76 100
130 75 100
130 75 100
130 74 100
130 74 100
130 73 100
130 73 100
130 72 100
130 72 100
130 72 100
130 71 100
130 71 100
130 71 100
129 70 100
129 70 100
129 70 100
128 70 100
128 70 100
127 70 100
127 70 100
126 70 100
125 70 100
124 70 100
123 70 100
122 70 100
121 70 100
119 70 100
118 70 100
117 70 100
116 70 100
115 70 100
114 70 100
113 70 100
112 70 100
111 70 100
109 70 100
108 70 100
107 70 100
106 70 100
105 70 100
104 70 100
103 70 100
102 70 100
101 70 100
99 70 100
99 71 100
98 71 100
98 72 100
97 72 100
42 160 100
43 160 100
44 160 100
45 160 100
46 160 100
47 160 100
48 160 100
49 160 100
50 161 100
50 162 100
50 163 100
50 164 100
50 165 100
50 166 100
50 167 100
50 168 100
50 169 100
50 171 100
50 172 100
50 173 100
50 174 100
50 175 100
50 176 100
50 177 100
50 178 100
50 179 100
51 180 100
52 180 100
53 180 100
54 180 100
55 180 100
56 180 100
57 180 100
58 180 100
59 180 100
61 180 100
62 180 100
63 180 100
64 180 100
65 180 100
121 59 100
120 59 100
120 61 100
120 62 100
120 63 100
120 64 100
120 65 100
120 66 100
120 67 100
120 68 100
120 69 100
152 153 100
152 153 100
152 153 100
152 153 100
152 153 100
152 153 100
152 153 100
152 153 100
152 153 100
152 153 100
152 153 100
152 153 100
152 153 100
152 153 100
152 153 100
152 153 100
152 153 100
152 153 100
152 153 100
152 153 100
152 153 100
152 153 100
152 153 100
152 153 100
152 153 100
152 153 100
151 153 100
151 153 100
151 153 100
151 153 100
151 153 100
151 153 100
151 153 100
151 153 100
151 153 100
151 153 100
151 153 100
151 153 100
151 153 100
151 153 100
151 153 100
151 153 100
151 153 100
151 153 100
151 153 100
151 153 100
151 153 100
151 153 100
151 153 100
151 153 100
151 153 100
151 154 100
151 154 100
151 154 100
151 154 100
151 154 100
151 154 100
151 154 100
151 154 100
151 154 100
151 154 100
151 154 100
151 154 100
151 154 100
151 154 100
151 154 100
151 154 100
151 154 100
151 154 100
151 154 100
151 154 100
151 154 100
151 154 100
151 154 100
151 154 100
151 154 100
150 154 100
150 154 100
150 154 100
150 154 100
150 154 100
150 154 100
150 154 100
150 154 100
150 154 100
150 154 100
150 154 100
150 154 100
150 154 100
150 154 100
150 154 100
150 154 100
150 154 100
150 154 100
150 154 100
150 154 100
150 154 100
150 154 100
150 154 100
150 155 100
150 155 100
150 155 100
150 155 100
150 155 100
150 155 100
150 155 100
150 155 100
150 155 100
150 155 100
150 155 100
150 155 100
150 155 100
150 155 100
150 155 100
150 155 100
150 155 100
150 155 100
150 155 100
150 155 100
150 155 100
150 155 100
150 155 100
150 156 100
150 156 100
150 156 100
150 156 100
150 156 100
150 156 100
150 156 100
150 156 100
150 156 100
150 156 100
150 156 100
150 156 100
150 156 100
150 156 100
150 156 100
150 156 100
150 156 100
150 156 100
150 156 100
150 156 100
150 156 100
150 157 100
150 157 100
150 157 100
150 157 100
150 157 100
150 157 100
150 157 100
150 157 100
150 157 100
150 157 100
150 157 100
150 157 100
150 157 100
150 157 100
150 157 100
150 157 100
150 157 100
150 157 100
150 158 100
150 158 100
150 158 100
150 158 100
150 158 100
150 158 100
150 158 100
150 158 100
150 158 100
150 158 100
150 158 100
150 158 100
150 158 100
150 158 100
150 158 100
150 159 100
150 159 100
150 159 100
150 159 100
150 159 100
150 159 100
150 159 100
150 159 100
150 159 100
150 159 100
150 159 100
150 159 100
150 160 100
150 160 100
150 160 100
150 160 100
150 160 100
150 160 100
150 160 100
150 160 100
150 161 100
150 161 100
150 161 100
150 161 100
150 161 100
150 161 100
150 162 100
150 162 100
150 162 100
150 162 100
150 163 100
150 163 100
150 163 100
150 164 100
150 164 100
150 165 100
150 166 100
150 167 100
150 168 100
150 169 100
149 170 100
148 170 100
147 170 100
146 170 100
145 170 100
144 170 100
143 170 100
142 170 100
142 170 100
141 170 100
141 170 100
140 170 100
139 170 100
139 170 100
138 170 100
138 170 100
137 170 100
137 170 100
136 170 100
136 170 100
135 170 100
135 170 100
134 170 100
133 170 100
132 170 100
131 170 100
130 169 100
130 168 100
130 167 100
130 166 100
130 165 100
130 164 100
130 163 100
130 162 100
130 161 100
130 159 100
130 158 100
130 157 100
130 156 100
130 155 100
130 154 100
130 153 100
130 152 100
130 151 100
130 149 100
130 148 100
130 147 100
130 146 100
130 145 100
130 144 100
130 143 100
130 142 100
130 141 100
131 140 100
132 140 100
133 140 100
134 140 100
135 140 100
136 140 100
137 140 100
138 140 100
139 140 100
140 139 100
140 138 100
140 137 100
140 136 100
140 135 100
140 134 100
140 134 100
140 133 100
140 133 100
140 132 100
140 132 100
140 132 100
140 131 100
140 131 100
140 131 100
140 131 100
140 131 100
140 130 100
140 130 100
140 130 100
140 130 100
140 130 100
140 129 100
140 129 100
140 129 100
140 129 100
140 129 100
140 129 100
140 129 100
140 129 100
140 129 100
140 128 100
140 128 100
140 128 100
140 128 100
140 128 100
140 128 100
140 128 100
140 128 100
140 128 100
140 128 100
140 128 100
140 127 100
140 127 100
140 127 100
140 127 100
140 127 100
140 127 100
140 127 100
140 127 100
140 127 100
140 127 100
140 127 100
140 127 100
140 127 100
140 126 100
140 126 100
140 126 100
140 126 100
140 126 100
140 126 100
140 126 100
140 126 100
140 126 100
140 126 100
140 126 100
140 126 100
140 126 100
140 126 100
140 126 100
140 125 100
140 125 100
140 125 100
140 125 100
140 125 100
140 125 100
140 125 100
140 125 100
140 125 100
140 125 100
140 125 100
140 125 100
140 125 100
140 125 100
140 125 100
140 125 100
140 124 100
140 124 100
140 124 100
140 124 100
140 124 100
140 124 100
140 124 100
140 124 100
140 124 100
140 124 100
140 124 100
140 124 100
140 124 100
140 124 100
140 124 100
140 124 100
140 124 100
140 123 100
140 123 100
140 123 100
140 123 100
140 123 100
140 123 100
140 123 100
140 123 100
140 123 100
140 123 100
140 123 100
140 123 100
140 123 100
140 123 100
140 123 100
140 123 100
140 123 100
140 122 100
140 122 100
140 122 100
140 122 100
140 122 100
140 122 100
140 122 100
140 122 100
140 122 100
140 122 100
140 122 100
140 122 100
140 122 100
140 122 100
140 122 100
140 122 100
140 122 100
140 121 100
140 121 100
140 121 100
140 121 100
140 121 100
140 121 100
140 121 100
140 121 100
140 121 100
140 121 100
140 121 100
140 121 100
140 121 100
140 121 100
140 121 100
140 121 100
140 120 100
140 120 100
140 120 100
140 120 100
140 120 100
140 120 100
140 120 100
140 120 100
140 120 100
140 120 100
140 120 100
140 120 100
140 120 100
140 119 100
140 119 100
140 119 100
140 119 100
140 119 100
140 119 100
140 119 100
140 119 100
140 119 100
140 119 100
140 119 100
140 119 100
140 119 100
140 118 100
140 118 100
140 118 100
140 118 100
140 118 100
140 118 100
140 118 100
140 118 100
140 118 100
140 118 100
140 118 100
140 118 100
140 117 100
140 117 100
140 117 100
140 117 100
140 117 100
140 117 100
140 117 100
140 117 100
140 117 100
140 117 100
140 116 100
140 116 100
140 116 100
140 116 100
140 116 100
140 116 100
140 116 100
140 116 100
140 116 100
140 115 100
140 115 100
140 115 100
140 115 100
140 115 100
140 115 100
140 115 100
140 114 100
140 114 100
140 114 100
140 114 100
140 114 100
140 114 100
140 113 100
140 113 100
140 113 100
140 113 100
140 113 100
140 112 100
140 112 100
140 112 100
140 112 100
140 111 100
140 111 100
140 111 100
140 111 100
140 109 100
140 109 100
140 108 100
140 108 100
140 107 100
140 106 100
140 105 100
140 104 100
140 103 100
140 102 100
140 101 100
140 99 100
140 98 100
140 97 100
140 96 100
140 95 100
140 94 100
140 93 100
140 92 100
140 91 100
13 126 100
12 126 100
12 127 100
11 127 100
11 128 100
10 128 100
10 129 100
10 131 100
10 132 100
10 133 100
10 134 100
10 135 100
10 136 100
10 137 100
10 138 100
10 139 100
11 140 100
12 140 100
13 140 100
14 140 100
15 140 100
16 140 100
17 140 100
18 140 100
19 140 100
20 141 100
20 142 100
20 143 100
20 144 100
20 145 100
20 146 100
20 147 100
20 147 100
20 148 100
20 148 100
20 149 100
20 149 100
21 150 100
21 150 100
22 150 100
22 150 100
23 150 100
23 150 100
24 150 100
24 150 100
25 150 100
25 150 100
26 150 100
26 150 100
27 150 100
27 150 100
28 150 100
28 150 100
29 150 100
29 150 100
31 150 100
31 150 100
32 150 100
32 150 100
32 150 100
33 150 100
33 150 100
33 150 100
34 150 100
34 150 100
34 150 100
35 150 100
35 150 100
35 150 100
36 150 100
36 150 100
36 150 100
36 150 100
37 150 100
37 150 100
37 150 100
37 150 100
38 150 100
38 150 100
38 150 100
38 150 100
39 150 100
39 150 100
39 150 100
40 151 100
40 151 100
40 152 100
40 152 100
40 153 100
40 154 100
40 155 100
40 156 100
40 157 100
40 158 100
40 159 100
41 160 100
150 27 100
150 26 100
150 25 100
150 24 100
150 23 100
150 22 100
150 21 100
150 19 100
150 18 100
150 17 100
150 16 100
150 15 100
150 14 100
150 13 100
150 12 100
150 11 100
151 10 100
152 10 100
153 10 100
154 10 100
155 10 100
156 10 100
157 10 100
158 10 100
159 10 100
160 9 100
160 8 100
160 7 100
160 6 100
160 5 100
160 4 100
160 3 100
160 2 100
160 1 100
161 0 100
162 0 100
163 0 100
164 0 100
165 0 100
166 0 100
167 0 100
168 0 100
169 0 100
171 0 100
172 0 100
173 0 100
174 0 100
175 0 100
176 0 100
177 0 100
178 0 100
179 0 100
179 1 100
179 2 100
179 3 100
179 4 100
146 101 100
145 101 100
145 100 100
144 100 100
143 100 100
142 100 100
141 100 100
