# score 391020
120 70 100
130 70 100
140 70 100
150 70 100
160 70 100
170 70 100
180 70 100
190 70 100
120 80 100
130 80 100
140 80 100
150 80 100
160 80 100
170 80 100
180 80 100
190 80 100
120 90 100
130 90 100
140 90 100
150 90 100
160 90 100
170 90 100
180 90 100
190 90 100
120 100 100
130 100 100
140 100 100
150 100 100
160 100 100
170 100 100
180 100 100
190 100 100
120 110 100
130 110 100
140 110 100
150 110 100
160 110 100
170 110 100
180 110 100
190 110 100
120 120 100
130 120 100
140 120 100
150 120 100
160 120 100
170 120 100
180 120 100
190 120 100
120 130 100
130 130 100
140 130 100
150 130 100
160 130 100
170 130 100
180 130 100
190 130 100
120 140 100
130 140 100
140 140 100
150 140 100
160 140 100
170 140 100
180 140 100
190 140 100
120 150 100
130 150 100
140 150 100
150 150 100
160 150 100
170 150 100
180 150 100
190 150 100
20 0 100
30 0 100
40 0 100
50 0 100
60 0 100
70 0 100
80 0 100
90 0 100
100 0 100
20 10 100
30 10 100
40 10 100
50 10 100
60 10 100
70 10 100
80 10 100
90 10 100
100 10 100
20 20 100
30 20 100
40 20 100
50 20 100
60 20 100
70 20 100
80 20 100
90 20 100
100 20 100
20 30 100
30 30 100
40 30 100
50 30 100
60 30 100
70 30 100
80 30 100
90 30 100
100 30 100
20 40 100
30 40 100
40 40 100
50 40 100
60 40 100
70 40 100
80 40 100
90 40 100
100 40 100
20 50 100
30 50 100
40 50 100
50 50 100
60 50 100
70 50 100
80 50 100
90 50 100
100 50 100
20 60 100
30 60 100
40 60 100
50 60 100
60 60 100
70 60 100
80 60 100
90 60 100
100 60 100
20 70 100
30 70 100
40 70 100
50 70 100
60 70 100
70 70 100
80 70 100
90 70 100
100 70 100
20 80 100
30 80 100
40 80 100
50 80 100
60 80 100
70 80 100
80 80 100
90 80 100
100 80 100
30 140 100
40 140 100
50 140 100
60 140 100
70 140 100
80 140 100
90 140 100
100 140 100
110 140 100
30 150 100
40 150 100
50 150 100
60 150 100
70 150 100
80 150 100
90 150 100
100 150 100
110 150 100
30 160 100
40 160 100
50 160 100
60 160 100
70 160 100
80 160 100
90 160 100
100 160 100
110 160 100
30 170 100
40 170 100
50 170 100
60 170 100
70 170 100
80 170 100
90 170 100
100 170 100
110 170 100
30 180 100
40 180 100
50 180 100
60 180 100
70 180 100
80 180 100
90 180 100
100 180 100
110 180 100
30 190 100
40 190 100
50 190 100
60 190 100
70 190 100
80 190 100
90 190 100
100 190 100
110 190 100
69 43 100
70 43 100
70 44 100
70 45 100
70 46 100
70 47 100
70 48 100
70 49 100
71 50 100
72 50 100
73 50 100
74 50 100
75 50 100
76 50 100
77 50 100
78 50 100
79 50 100
81 50 100
81 51 100
82 51 100
82 51 100
82 52 100
82 52 100
82 52 100
83 52 100
83 52 100
83 52 100
83 52 100
83 53 100
83 53 100
83 53 100
83 53 100
83 53 100
83 53 100
84 53 100
84 53 100
84 53 100
84 53 100
84 53 100
84 53 100
84 53 100
84 53 100
84 54 100
84 54 100
84 54 100
84 54 100
84 54 100
84 54 100
84 54 100
84 54 100
84 54 100
84 54 100
84 54 100
84 54 100
85 54 100
85 54 100
85 54 100
85 54 100
85 54 100
85 54 100
85 54 100
85 54 100
85 54 100
85 54 100
85 54 100
85 54 100
85 54 100
85 54 100
85 54 100
85 54 100
85 55 100
85 55 100
85 55 100
85 55 100
85 55 100
85 55 100
85 55 100
85 55 100
85 55 100
85 55 100
85 55 100
85 55 100
85 55 100
85 55 100
85 55 100
85 55 100
85 55 100
85 55 100
85 55 100
85 55 100
85 55 100
86 55 100
86 55 100
86 55 100
86 55 100
86 55 100
86 55 100
86 55 100
86 55 100
86 55 100
86 55 100
86 55 100
86 55 100
86 55 100
86 55 100
86 55 100
86 55 100
86 55 100
86 55 100
86 55 100
86 55 100
86 55 100
86 55 100
86 55 100
86 55 100
86 56 100
86 56 100
86 56 100
86 56 100
86 56 100
86 56 100
86 56 100
86 56 100
86 56 100
86 56 100
86 56 100
86 56 100
86 56 100
86 56 100
86 56 100
86 56 100
86 56 100
86 56 100
86 56 100
86 56 100
86 56 100
86 56 100
86 56 100
86 56 100
86 56 100
86 56 100
86 56 100
86 56 100
86 56 100
86 56 100
87 56 100
87 56 100
87 56 100
87 56 100
87 56 100
87 56 100
87 56 100
87 56 100
87 56 100
87 56 100
87 56 100
87 56 100
87 56 100
87 56 100
87 56 100
87 56 100
87 56 100
87 56 100
87 56 100
87 56 100
87 56 100
87 56 100
87 56 100
87 56 100
87 56 100
87 56 100
87 56 100
87 56 100
87 56 100
87 56 100
87 56 100
87 57 100
87 57 100
87 57 100
87 57 100
87 57 100
87 57 100
87 57 100
87 57 100
87 57 100
87 57 100
87 57 100
87 57 100
87 57 100
87 57 100
87 57 100
87 57 100
87 57 100
87 57 100
87 57 100
87 57 100
87 57 100
87 57 100
87 57 100
87 57 100
87 57 100
87 57 100
87 57 100
87 57 100
87 57 100
87 57 100
87 57 100
87 57 100
87 57 100
87 57 100
87 57 100
88 57 100
88 57 100
88 57 100
88 57 100
88 57 100
88 57 100
88 57 100
88 57 100
88 57 100
88 57 100
88 57 100
88 57 100
88 57 100
88 57 100
88 57 100
88 57 100
88 57 100
88 57 100
88 57 100
88 57 100
88 57 100
88 57 100
88 57 100
88 57 100
88 57 100
88 57 100
88 57 100
88 57 100
88 57 100
88 57 100
88 57 100
88 57 100
88 57 100
88 57 100
88 57 100
88 58 100
88 58 100
88 58 100
88 58 100
88 58 100
88 58 100
88 58 100
88 58 100
88 58 100
88 58 100
88 58 100
88 58 100
88 58 100
88 58 100
88 58 100
88 58 100
88 58 100
88 58 100
88 58 100
88 58 100
88 58 100
88 58 100
88 58 100
88 58 100
88 58 100
88 58 100
88 58 100
88 58 100
88 58 100
88 58 100
88 58 100
88 58 100
88 58 100
88 58 100
88 58 100
88 58 100
88 58 100
88 58 100
89 58 100
89 58 100
89 58 100
89 58 100
89 58 100
89 58 100
89 58 100
89 58 100
89 58 100
89 58 100
89 58 100
89 58 100
89 58 100
89 58 100
89 58 100
89 58 100
89 58 100
89 58 100
89 58 100
89 58 100
89 58 100
89 58 100
89 58 100
89 58 100
89 58 100
89 58 100
89 58 100
89 58 100
89 58 100
89 58 100
89 58 100
89 58 100
89 58 100
89 58 100
89 58 100
89 58 100
89 58 100
89 59 100
89 59 100
89 59 100
89 59 100
89 59 100
89 59 100
89 59 100
89 59 100
89 59 100
89 59 100
89 59 100
89 59 100
89 59 100
89 59 100
89 59 100
89 59 100
89 59 100
89 59 100
89 59 100
89 59 100
89 59 100
89 59 100
89 59 100
89 59 100
89 59 100
89 59 100
89 59 100
89 59 100
89 59 100
89 59 100
89 59 100
89 59 100
89 59 100
89 59 100
89 59 100
89 59 100
89 59 100
89 59 100
89 59 100
90 59 100
90 59 100
90 59 100
90 59 100
90 59 100
90 59 100
90 59 100
90 59 100
90 59 100
90 59 100
90 59 100
90 59 100
90 59 100
90 59 100
90 59 100
90 59 100
90 59 100
90 59 100
90 59 100
90 59 100
90 59 100
90 59 100
90 59 100
90 59 100
90 59 100
90 59 100
90 59 100
90 59 100
90 59 100
90 59 100
90 59 100
90 59 100
90 59 100
90 59 100
90 59 100
90 59 100
90 59 100
90 60 100
90 60 100
90 60 100
90 60 100
90 60 100
90 60 100
90 60 100
90 60 100
90 60 100
90 60 100
90 60 100
90 60 100
90 60 100
90 60 100
90 60 100
90 60 100
90 60 100
90 60 100
90 60 100
90 60 100
90 60 100
90 60 100
90 60 100
90 60 100
90 60 100
90 60 100
90 60 100
90 60 100
90 60 100
90 60 100
90 60 100
90 60 100
90 60 100
90 60 100
90 60 100
91 60 100
91 60 100
91 60 100
91 60 100
91 60 100
91 60 100
91 60 100
91 60 100
91 60 100
91 60 100
91 60 100
91 60 100
91 60 100
91 60 100
91 60 100
91 60 100
91 60 100
91 60 100
91 60 100
91 60 100
91 60 100
91 60 100
91 60 100
91 60 100
91 60 100
91 60 100
91 60 100
91 60 100
91 60 100
91 60 100
91 60 100
91 60 100
91 60 100
91 60 100
91 61 100
91 61 100
91 61 100
91 61 100
91 61 100
91 61 100
91 61 100
91 61 100
91 61 100
91 61 100
91 61 100
91 61 100
91 61 100
91 61 100
91 61 100
91 61 100
91 61 100
91 61 100
91 61 100
91 61 100
91 61 100
91 61 100
91 61 100
91 61 100
91 61 100
91 61 100
91 61 100
91 61 100
91 61 100
91 61 100
91 61 100
91 61 100
91 61 100
92 61 100
92 61 100
92 61 100
92 61 100
92 61 100
92 61 100
92 61 100
92 61 100
92 61 100
92 61 100
92 61 100
92 61 100
92 61 100
92 61 100
92 61 100
92 61 100
92 61 100
92 61 100
92 61 100
92 61 100
92 61 100
92 61 100
92 61 100
92 61 100
92 61 100
92 61 100
92 61 100
92 61 100
92 61 100
92 61 100
92 61 100
92 62 100
92 62 100
92 62 100
92 62 100
92 62 100
92 62 100
92 62 100
92 62 100
92 62 100
92 62 100
92 62 100
92 62 100
92 62 100
92 62 100
92 62 100
92 62 100
92 62 100
92 62 100
92 62 100
92 62 100
92 62 100
92 62 100
92 62 100
92 62 100
92 62 100
92 62 100
92 62 100
92 62 100
93 62 100
93 62 100
93 62 100
93 62 100
93 62 100
93 62 100
93 62 100
93 62 100
93 62 100
93 62 100
93 62 100
93 62 100
93 62 100
93 62 100
93 62 100
93 62 100
93 62 100
93 62 100
93 62 100
93 62 100
93 62 100
93 62 100
93 62 100
93 62 100
93 62 100
93 62 100
93 63 100
93 63 100
93 63 100
93 63 100
93 63 100
93 63 100
93 63 100
93 63 100
93 63 100
93 63 100
93 63 100
93 63 100
93 63 100
93 63 100
93 63 100
93 63 100
93 63 100
93 63 100
93 63 100
93 63 100
93 63 100
93 63 100
93 63 100
94 63 100
94 63 100
94 63 100
94 63 100
94 63 100
94 63 100
94 63 100
94 63 100
94 63 100
94 63 100
94 63 100
94 63 100
94 63 100
94 63 100
94 63 100
94 63 100
94 63 100
94 63 100
94 63 100
94 63 100
94 63 100
94 63 100
94 64 100
94 64 100
94 64 100
94 64 100
94 64 100
94 64 100
94 64 100
94 64 100
94 64 100
94 64 100
94 64 100
94 64 100
94 64 100
94 64 100
94 64 100
94 64 100
94 64 100
94 64 100
95 64 100
95 64 100
95 64 100
95 64 100
95 64 100
95 64 100
95 64 100
95 64 100
95 64 100
95 64 100
95 64 100
95 64 100
95 64 100
95 64 100
95 64 100
95 64 100
95 64 100
95 65 100
95 65 100
95 65 100
95 65 100
95 65 100
95 65 100
95 65 100
95 65 100
95 65 100
95 65 100
95 65 100
95 65 100
95 65 100
95 65 100
96 65 100
96 65 100
96 65 100
96 65 100
96 65 100
96 65 100
96 65 100
96 65 100
96 65 100
96 65 100
96 65 100
96 65 100
96 65 100
96 66 100
96 66 100
96 66 100
96 66 100
96 66 100
96 66 100
96 66 100
96 66 100
96 66 100
96 66 100
97 66 100
97 66 100
97 66 100
97 66 100
97 66 100
97 66 100
97 66 100
97 66 100
97 66 100
97 67 100
97 67 100
97 67 100
97 67 100
97 67 100
97 67 100
98 67 100
98 67 100
98 67 100
98 67 100
98 67 100
98 68 100
98 68 100
98 68 100
98 68 100
99 68 100
99 68 100
99 68 100
99 69 100
99 69 100
100 69 100
100 69 100
100 71 100
100 72 100
100 73 100
100 74 100
100 75 100
100 76 100
100 77 100
100 78 100
100 79 100
101 80 100
102 80 100
103 80 100
103 80 100
104 80 100
104 80 100
105 80 100
105 80 100
105 80 100
106 80 100
106 80 100
106 80 100
107 80 100
107 80 100
107 80 100
108 80 100
108 80 100
108 80 100
108 80 100
109 80 100
109 80 100
109 80 100
109 80 100
110 80 100
110 80 100
110 80 100
110 80 100
110 80 100
111 80 100
111 80 100
111 80 100
111 80 100
111 80 100
111 80 100
112 80 100
112 80 100
112 80 100
112 80 100
112 80 100
112 80 100
112 80 100
113 80 100
113 80 100
113 80 100
113 80 100
113 80 100
113 80 100
113 80 100
113 80 100
113 80 100
114 80 100
114 80 100
114 80 100
114 80 100
114 80 100
114 80 100
114 80 100
114 80 100
114 80 100
114 80 100
114 80 100
115 80 100
115 80 100
115 80 100
115 80 100
115 80 100
115 80 100
115 80 100
115 80 100
115 80 100
115 80 100
115 80 100
115 80 100
115 80 100
116 80 100
116 80 100
116 80 100
116 80 100
116 80 100
116 80 100
116 80 100
116 80 100
116 80 100
116 80 100
116 80 100
116 80 100
116 80 100
116 80 100
116 80 100
117 80 100
117 80 100
117 80 100
117 80 100
117 80 100
117 80 100
117 80 100
117 80 100
117 80 100
117 80 100
117 80 100
117 80 100
117 80 100
117 80 100
117 80 100
117 80 100
118 80 100
118 80 100
118 80 100
118 80 100
118 80 100
118 80 100
118 80 100
118 80 100
118 80 100
118 80 100
118 80 100
118 80 100
118 80 100
118 80 100
118 80 100
118 80 100
119 80 100
119 80 100
119 80 100
119 80 100
119 80 100
119 80 100
119 80 100
119 80 100
119 80 100
119 80 100
119 80 100
119 80 100
119 80 100
119 80 100
119 80 100
120 80 100
120 80 100
120 80 100
120 80 100
120 80 100
120 80 100
120 80 100
120 80 100
120 80 100
120 80 100
120 80 100
121 80 100
121 80 100
121 80 100
121 80 100
121 80 100
121 80 100
121 80 100
121 80 100
121 80 100
121 80 100
122 80 100
122 80 100
122 80 100
122 80 100
122 80 100
122 80 100
122 80 100
123 80 100
123 80 100
123 80 100
123 80 100
123 80 100
124 80 100
124 80 100
124 80 100
124 80 100
125 80 100
125 80 100
126 80 100
126 80 100
127 80 100
128 80 100
129 80 100
130 81 100
130 82 100
130 83 100
130 84 100
130 85 100
130 86 100
130 87 100
130 88 100
130 89 100
130 91 100
130 92 100
130 93 100
130 94 100
130 95 100
130 96 100
130 97 100
130 98 100
130 99 100
130 101 100
130 102 100
130 103 100
130 104 100
130 105 100
130 106 100
130 107 100
130 108 100
130 109 100
131 110 100
131 111 100
132 111 100
132 112 100
133 112 100
133 113 100
134 113 100
134 114 100
135 114 100
135 115 100
136 115 100
136 116 100
137 116 100
137 117 100
138 117 100
138 118 100
139 118 100
139 119 100
140 119 100
141 120 100
142 120 100
143 120 100
144 120 100
145 120 100
146 120 100
147 120 100
148 120 100
149 120 100
151 120 100
152 120 100
153 120 100
154 120 100
155 120 100
156 120 100
157 120 100
158 120 100
159 120 100
161 120 100
161 119 100
162 119 100
162 118 100
163 118 100
163 117 100
164 117 100
78 180 100
79 180 100
80 179 100
80 178 100
80 177 100
80 176 100
80 175 100
80 174 100
80 173 100
80 172 100
80 171 100
81 170 100
81 169 100
82 169 100
82 168 100
83 168 100
83 167 100
84 167 100
84 166 100
84 166 100
85 166 100
85 166 100
85 165 100
85 165 100
85 165 100
86 165 100
86 165 100
86 165 100
86 164 100
86 164 100
86 164 100
86 164 100
87 164 100
87 164 100
87 164 100
87 164 100
87 164 100
87 163 100
87 163 100
87 163 100
87 163 100
87 163 100
87 163 100
87 163 100
88 163 100
88 163 100
88 163 100
88 163 100
88 163 100
88 163 100
88 163 100
88 163 100
88 163 100
88 162 100
88 162 100
88 162 100
88 162 100
88 162 100
88 162 100
88 162 100
88 162 100
88 162 100
88 162 100
89 162 100
89 162 100
89 162 100
89 162 100
89 162 100
89 162 100
89 162 100
89 162 100
89 162 100
89 162 100
89 162 100
89 162 100
89 162 100
89 161 100
89 161 100
89 161 100
89 161 100
89 161 100
89 161 100
89 161 100
89 161 100
89 161 100
89 161 100
89 161 100
89 161 100
89 161 100
89 161 100
89 161 100
90 161 100
90 161 100
90 161 100
90 161 100
90 161 100
90 161 100
90 161 100
90 161 100
90 161 100
90 161 100
90 161 100
90 161 100
90 161 100
90 161 100
90 161 100
90 161 100
90 161 100
90 161 100
90 160 100
90 160 100
90 160 100
90 160 100
90 160 100
90 160 100
90 160 100
90 160 100
90 160 100
90 160 100
90 160 100
90 160 100
90 160 100
90 160 100
90 160 100
90 160 100
90 160 100
90 160 100
90 160 100
91 160 100
91 160 100
91 160 100
91 160 100
91 160 100
91 160 100
91 160 100
91 160 100
91 160 100
91 160 100
91 160 100
91 160 100
91 160 100
91 160 100
91 160 100
91 160 100
91 160 100
91 160 100
91 160 100
91 160 100
91 160 100
91 160 100
91 160 100
92 160 100
92 160 100
92 160 100
92 160 100
92 160 100
92 160 100
92 160 100
92 160 100
92 160 100
92 160 100
92 160 100
92 160 100
92 160 100
92 160 100
92 160 100
92 160 100
92 160 100
92 160 100
92 160 100
92 160 100
92 160 100
92 160 100
92 160 100
92 160 100
92 160 100
92 160 100
93 160 100
93 160 100
93 160 100
93 160 100
93 160 100
93 160 100
93 160 100
93 160 100
93 160 100
93 160 100
93 160 100
93 160 100
93 160 100
93 160 100
93 160 100
93 160 100
93 160 100
93 160 100
93 160 100
93 160 100
93 160 100
93 160 100
93 160 100
93 160 100
93 160 100
93 160 100
93 160 100
93 160 100
94 160 100
94 160 100
94 160 100
94 160 100
94 160 100
94 160 100
94 160 100
94 160 100
94 160 100
94 160 100
94 160 100
94 160 100
94 160 100
94 160 100
94 160 100
94 160 100
94 160 100
94 160 100
94 160 100
94 160 100
94 160 100
94 160 100
94 160 100
94 160 100
94 160 100
94 160 100
94 160 100
94 160 100
94 160 100
95 160 100
95 160 100
95 160 100
95 160 100
95 160 100
95 160 100
95 160 100
95 160 100
95 160 100
95 160 100
95 160 100
95 160 100
95 160 100
95 160 100
95 160 100
95 160 100
95 160 100
95 160 100
95 160 100
95 160 100
95 160 100
95 160 100
95 160 100
95 160 100
95 160 100
95 160 100
95 160 100
95 160 100
95 160 100
96 160 100
96 160 100
96 160 100
96 160 100
96 160 100
96 160 100
96 160 100
96 160 100
96 160 100
96 160 100
96 160 100
96 160 100
96 160 100
96 160 100
96 160 100
96 160 100
96 160 100
96 160 100
96 160 100
96 160 100
96 160 100
96 160 100
96 160 100
96 160 100
96 160 100
96 160 100
96 160 100
97 160 100
97 160 100
97 160 100
97 160 100
97 160 100
97 160 100
97 160 100
97 160 100
97 160 100
97 160 100
97 160 100
97 160 100
97 160 100
97 160 100
97 160 100
97 160 100
97 160 100
97 160 100
97 160 100
97 160 100
97 160 100
97 160 100
97 160 100
97 160 100
98 160 100
98 160 100
98 160 100
98 160 100
98 160 100
98 160 100
98 160 100
98 160 100
98 160 100
98 160 100
98 160 100
98 160 100
98 160 100
98 160 100
98 160 100
98 160 100
98 160 100
98 160 100
98 160 100
98 160 100
98 160 100
99 160 100
99 160 100
99 160 100
99 160 100
99 160 100
99 160 100
99 160 100
99 160 100
99 160 100
99 160 100
99 160 100
99 160 100
99 160 100
99 160 100
99 160 100
99 160 100
99 160 100
100 160 100
100 160 100
100 160 100
100 160 100
100 160 100
100 160 100
100 160 100
100 160 100
100 160 100
100 160 100
100 160 100
100 160 100
100 160 100
101 160 100
101 160 100
101 160 100
101 160 100
101 160 100
101 160 100
101 160 100
101 160 100
101 160 100
101 160 100
101 160 100
101 160 100
102 160 100
102 160 100
102 160 100
102 160 100
102 160 100
102 160 100
102 160 100
102 160 100
102 160 100
102 160 100
103 160 100
103 160 100
103 160 100
103 160 100
103 160 100
103 160 100
103 160 100
103 160 100
104 160 100
104 160 100
104 160 100
104 160 100
104 160 100
104 160 100
105 160 100
105 160 100
105 160 100
105 160 100
105 160 100
106 160 100
106 160 100
106 160 100
107 160 100
107 160 100
108 160 100
109 160 100
110 159 100
110 158 100
110 157 100
110 156 100
110 155 100
110 154 100
110 153 100
110 152 100
110 151 100
110 149 100
110 148 100
110 147 100
110 146 100
110 145 100
110 144 100
110 143 100
110 142 100
110 141 100
111 140 100
112 140 100
113 140 100
114 140 100
115 140 100
116 140 100
117 140 100
118 140 100
119 140 100
120 139 100
120 138 100
120 137 100
120 136 100
120 135 100
120 134 100
120 133 100
120 132 100
120 131 100
121 130 100
121 129 100
122 129 100
122 128 100
123 128 100
123 127 100
124 127 100
124 126 100
124 126 100
125 126 100
125 126 100
125 125 100
125 125 100
126 125 100
126 125 100
126 125 100
126 124 100
126 124 100
126 124 100
127 124 100
127 124 100
127 124 100
127 123 100
127 123 100
127 123 100
128 123 100
128 123 100
128 123 100
128 123 100
128 122 100
128 122 100
128 122 100
128 122 100
129 122 100
129 122 100
129 122 100
129 122 100
129 121 100
129 121 100
129 121 100
129 121 100
130 121 100
130 121 100
130 121 100
130 121 100
130 120 100
130 120 100
130 120 100
131 120 100
131 120 100
131 120 100
131 120 100
132 120 100
132 120 100
132 120 100
133 120 100
133 120 100
133 120 100
134 120 100
134 120 100
135 120 100
135 120 100
136 120 100
136 120 100
137 120 100
138 120 100
139 120 100
