# score 205656
0 0 100
10 0 100
20 0 100
30 0 100
40 0 100
50 0 100
60 0 100
70 0 100
0 10 100
10 10 100
20 10 100
30 10 100
40 10 100
50 10 100
60 10 100
70 10 100
0 20 100
10 20 100
20 20 100
30 20 100
40 20 100
50 20 100
60 20 100
70 20 100
0 30 100
10 30 100
20 30 100
30 30 100
40 30 100
50 30 100
60 30 100
70 30 100
0 40 100
10 40 100
20 40 100
30 40 100
40 40 100
50 40 100
60 40 100
70 40 100
0 50 100
10 50 100
20 50 100
30 50 100
40 50 100
50 50 100
60 50 100
70 50 100
0 60 100
10 60 100
20 60 100
30 60 100
40 60 100
50 60 100
60 60 100
70 60 100
0 70 100
10 70 100
20 70 100
30 70 100
40 70 100
50 70 100
60 70 100
70 70 100
0 80 100
10 80 100
20 80 100
30 80 100
40 80 100
50 80 100
60 80 100
70 80 100
70 80 100
80 80 100
90 80 100
100 80 100
110 80 100
120 80 100
130 80 100
140 80 100
60 90 100
70 90 100
80 90 100
90 90 100
100 90 100
110 90 100
120 90 100
130 90 100
140 90 100
60 100 100
70 100 100
80 100 100
90 100 100
100 100 100
110 100 100
120 100 100
130 100 100
140 100 100
60 110 100
70 110 100
80 110 100
90 110 100
100 110 100
110 110 100
120 110 100
130 110 100
140 110 100
60 120 100
70 120 100
80 120 100
90 120 100
100 120 100
110 120 100
120 120 100
130 120 100
140 120 100
60 130 100
70 130 100
80 130 100
90 130 100
100 130 100
110 130 100
120 130 100
130 130 100
140 130 100
60 140 100
70 140 100
80 140 100
90 140 100
100 140 100
110 140 100
120 140 100
130 140 100
140 140 100
60 150 100
70 150 100
80 150 100
90 150 100
100 150 100
110 150 100
120 150 100
130 150 100
140 150 100
60 160 100
70 160 100
80 160 100
90 160 100
100 160 100
110 160 100
120 160 100
130 160 100
140 160 100
0 140 100
10 140 100
20 140 100
30 140 100
40 140 100
0 150 100
10 150 100
20 150 100
30 150 100
40 150 100
0 160 100
10 160 100
20 160 100
30 160 100
40 160 100
0 170 100
10 170 100
20 170 100
30 170 100
40 170 100
0 180 100
10 180 100
20 180 100
30 180 100
40 180 100
0 190 100
10 190 100
20 190 100
30 190 100
40 190 100
140 20 100
150 20 100
160 20 100
170 20 100
180 20 100
190 20 100
140 30 100
150 30 100
160 30 100
170 30 100
180 30 100
190 30 100
140 40 100
150 40 100
160 40 100
170 40 100
180 40 100
190 40 100
140 50 100
150 50 100
160 50 100
170 50 100
180 50 100
190 50 100
140 60 100
150 60 100
160 60 100
170 60 100
180 60 100
190 60 100
140 70 100
150 70 100
160 70 100
170 70 100
180 70 100
190 70 100
140 80 100
150 80 100
160 80 100
170 80 100
180 80 100
190 80 100
140 90 100
150 90 100
160 90 100
170 90 100
180 90 100
190 90 100
140 100 100
150 100 100
160 100 100
170 100 100
180 100 100
190 100 100
130 100 100
140 100 100
150 100 100
160 100 100
180 100 100
190 100 100
130 110 100
140 110 100
150 110 100
160 110 100
170 110 100
180 110 100
190 110 100
130 120 100
140 120 100
150 120 100
160 120 100
170 120 100
180 120 100
190 120 100
130 130 100
140 130 100
150 130 100
160 130 100
170 130 100
180 130 100
190 130 100
140 140 100
150 140 100
160 140 100
170 140 100
180 140 100
190 140 100
130 150 100
140 150 100
150 150 100
160 150 100
170 150 100
180 150 100
190 150 100
130 160 100
140 160 100
150 160 100
160 160 100
170 160 100
180 160 100
190 160 100
130 170 100
140 170 100
150 170 100
160 170 100
170 170 100
180 170 100
190 170 100
130 180 100
140 180 100
150 180 100
160 180 100
170 180 100
180 180 100
190 180 100
104 123 100
103 123 100
103 122 100
102 122 100
102 121 100
101 121 100
101 120 100
100 119 100
100 118 100
100 117 100
100 116 100
100 115 100
100 114 100
100 113 100
100 112 100
100 111 100
100 109 100
100 108 100
100 107 100
100 106 100
100 105 100
100 104 100
100 103 100
100 102 100
100 101 100
100 99 100
100 98 100
100 97 100
100 96 100
100 95 100
100 94 100
100 93 100
100 92 100
100 91 100
100 89 100
100 88 100
100 87 100
100 86 100
100 85 100
100 84 100
100 83 100
100 82 100
100 81 100
99 80 100
98 80 100
97 80 100
96 80 100
95 80 100
94 80 100
94 80 100
93 80 100
93 80 100
92 80 100
92 80 100
91 80 100
91 80 100
91 80 100
90 80 100
90 80 100
89 80 100
89 80 100
89 80 100
89 80 100
88 80 100
88 80 100
88 80 100
88 80 100
88 80 100
88 80 100
87 80 100
87 80 100
87 80 100
87 80 100
87 80 100
87 80 100
87 80 100
86 80 100
86 80 100
86 80 100
86 80 100
86 80 100
86 80 100
86 80 100
86 80 100
86 80 100
85 80 100
85 80 100
85 80 100
85 80 100
85 80 100
85 80 100
85 80 100
85 80 100
85 80 100
85 80 100
85 80 100
85 80 100
84 80 100
84 80 100
84 80 100
84 80 100
84 80 100
84 80 100
84 80 100
84 80 100
84 80 100
84 80 100
84 80 100
84 80 100
84 80 100
84 80 100
83 80 100
83 80 100
83 80 100
83 80 100
83 80 100
83 80 100
83 80 100
83 80 100
83 80 100
83 80 100
83 80 100
83 80 100
83 80 100
83 80 100
83 80 100
82 80 100
82 80 100
82 80 100
82 80 100
82 80 100
82 80 100
82 80 100
82 80 100
82 80 100
82 80 100
82 80 100
82 80 100
82 80 100
82 80 100
82 80 100
82 80 100
81 80 100
81 80 100
81 80 100
81 80 100
81 80 100
81 80 100
81 80 100
81 80 100
81 80 100
81 80 100
81 80 100
81 80 100
81 80 100
81 80 100
81 80 100
81 80 100
80 80 100
80 80 100
80 80 100
80 80 100
80 80 100
80 80 100
80 80 100
80 80 100
80 80 100
80 80 100
80 80 100
80 80 100
80 80 100
80 80 100
80 80 100
79 80 100
79 80 100
79 80 100
79 80 100
79 80 100
79 80 100
79 80 100
79 80 100
79 80 100
79 80 100
79 80 100
79 80 100
79 80 100
79 80 100
79 80 100
78 80 100
78 80 100
78 80 100
78 80 100
78 80 100
78 80 100
78 80 100
78 80 100
78 80 100
78 80 100
78 80 100
78 80 100
78 80 100
78 80 100
77 80 100
77 80 100
77 80 100
77 80 100
77 80 100
77 80 100
77 80 100
77 80 100
77 80 100
77 80 100
77 80 100
77 80 100
77 80 100
76 80 100
76 80 100
76 80 100
76 80 100
76 80 100
76 80 100
76 80 100
76 80 100
76 80 100
76 80 100
76 80 100
75 80 100
75 80 100
75 80 100
75 80 100
75 80 100
75 80 100
75 80 100
75 80 100
75 80 100
74 80 100
74 80 100
74 80 100
74 80 100
74 80 100
74 80 100
74 80 100
73 80 100
73 80 100
73 80 100
73 80 100
73 80 100
73 80 100
72 80 100
72 80 100
72 80 100
72 80 100
71 80 100
71 80 100
71 80 100
70 80 100
69 80 100
69 80 100
68 80 100
68 80 100
67 80 100
67 80 100
66 80 100
66 80 100
65 80 100
65 80 100
64 80 100
63 80 100
62 80 100
61 80 100
59 80 100
58 80 100
58 80 100
57 80 100
57 80 100
56 80 100
56 80 100
55 80 100
55 80 100
54 80 100
54 80 100
53 80 100
53 80 100
52 80 100
52 80 100
51 80 100
51 80 100
50 80 100
49 80 100
49 80 100
48 80 100
47 80 100
46 80 100
45 80 100
44 80 100
43 80 100
42 80 100
41 80 100
40 79 100
40 78 100
40 77 100
40 76 100
40 75 100
40 74 100
40 73 100
40 72 100
40 71 100
40 69 100
40 68 100
40 67 100
40 66 100
40 65 100
40 64 100
40 63 100
40 62 100
40 61 100
40 59 100
40 58 100
40 57 100
40 56 100
40 55 100
40 54 100
40 53 100
40 52 100
40 51 100
39 50 100
39 49 100
38 49 100
38 48 100
38 47 100
38 46 100
38 45 100
38 44 100
5 187 100
6 187 100
6 188 100
7 188 100
7 189 100
8 189 100
8 190 100
9 190 100
10 189 100
10 188 100
10 187 100
10 186 100
10 185 100
10 184 100
10 183 100
10 182 100
10 181 100
11 180 100
12 180 100
13 180 100
14 180 100
15 180 100
16 180 100
17 180 100
18 180 100
19 180 100
21 180 100
22 180 100
23 180 100
24 180 100
25 180 100
26 180 100
27 180 100
28 180 100
29 180 100
31 180 100
32 180 100
33 180 100
34 180 100
35 180 100
36 180 100
37 180 100
38 180 100
39 180 100
40 179 100
40 178 100
40 177 100
40 176 100
40 175 100
40 174 100
40 173 100
40 172 100
40 171 100
40 169 100
40 168 100
40 167 100
40 166 100
40 165 100
40 164 100
40 163 100
40 162 100
40 161 100
41 160 100
42 160 100
42 160 100
43 160 100
43 160 100
44 160 100
44 160 100
44 160 100
45 160 100
45 160 100
45 160 100
45 160 100
46 160 100
46 160 100
46 160 100
46 160 100
46 160 100
47 160 100
47 160 100
47 160 100
47 160 100
47 160 100
47 160 100
48 160 100
48 160 100
48 160 100
48 160 100
48 160 100
48 160 100
48 160 100
49 160 100
49 160 100
49 160 100
49 160 100
49 160 100
49 160 100
49 160 100
49 160 100
50 160 100
50 160 100
50 160 100
50 160 100
50 160 100
50 160 100
50 160 100
50 160 100
50 160 100
51 160 100
51 160 100
51 160 100
51 160 100
51 160 100
51 160 100
51 160 100
51 160 100
51 160 100
52 160 100
52 160 100
52 160 100
52 160 100
52 160 100
52 160 100
52 160 100
52 160 100
52 160 100
52 160 100
53 160 100
53 160 100
53 160 100
53 160 100
53 160 100
53 160 100
53 160 100
53 160 100
53 160 100
53 160 100
54 160 100
54 160 100
54 160 100
54 160 100
54 160 100
54 160 100
54 160 100
54 160 100
54 160 100
54 160 100
54 160 100
55 160 100
55 160 100
55 160 100
55 160 100
55 160 100
55 160 100
55 160 100
55 160 100
55 160 100
55 160 100
55 160 100
56 160 100
56 160 100
56 160 100
56 160 100
56 160 100
56 160 100
56 160 100
56 160 100
56 160 100
56 160 100
56 160 100
56 160 100
57 160 100
57 160 100
57 160 100
57 160 100
57 160 100
57 160 100
57 160 100
57 160 100
57 160 100
57 160 100
57 160 100
57 160 100
58 160 100
58 160 100
58 160 100
58 160 100
58 160 100
58 160 100
58 160 100
58 160 100
58 160 100
58 160 100
58 160 100
58 160 100
58 160 100
59 160 100
59 160 100
59 160 100
59 160 100
59 160 100
59 160 100
59 160 100
59 160 100
59 160 100
59 160 100
59 160 100
59 160 100
59 160 100
60 160 100
60 160 100
60 160 100
60 160 100
60 160 100
60 160 100
60 160 100
60 160 100
60 160 100
60 160 100
60 160 100
60 160 100
60 160 100
61 160 100
61 160 100
61 160 100
61 160 100
61 160 100
61 160 100
61 160 100
61 160 100
61 160 100
61 160 100
61 160 100
61 160 100
61 160 100
61 160 100
62 160 100
62 160 100
62 160 100
62 160 100
62 160 100
62 160 100
62 160 100
62 160 100
62 160 100
62 160 100
62 160 100
62 160 100
62 160 100
62 160 100
63 160 100
63 160 100
63 160 100
63 160 100
63 160 100
63 160 100
63 160 100
63 160 100
63 160 100
63 160 100
63 160 100
63 160 100
63 160 100
64 160 100
64 160 100
64 160 100
64 160 100
64 160 100
64 160 100
64 160 100
64 160 100
64 160 100
64 160 100
64 160 100
64 160 100
65 160 100
65 160 100
65 160 100
65 160 100
65 160 100
65 160 100
65 160 100
65 160 100
65 160 100
65 160 100
65 160 100
66 160 100
66 160 100
66 160 100
66 160 100
66 160 100
66 160 100
66 160 100
66 160 100
66 160 100
67 160 100
67 160 100
67 160 100
67 160 100
67 160 100
67 160 100
67 160 100
67 160 100
68 160 100
68 160 100
68 160 100
68 160 100
68 160 100
68 160 100
69 160 100
69 160 100
69 160 100
69 160 100
70 160 100
70 160 100
71 160 100
71 160 100
72 160 100
72 160 100
73 160 100
74 160 100
75 160 100
76 160 100
77 160 100
78 160 100
79 160 100
81 160 100
82 160 100
83 160 100
84 160 100
85 160 100
86 160 100
87 160 100
88 160 100
89 160 100
90 159 100
90 158 100
90 157 100
90 156 100
90 155 100
90 154 100
90 153 100
90 152 100
90 151 100
90 149 100
90 148 100
90 147 100
90 146 100
90 145 100
90 144 100
90 143 100
90 142 100
90 141 100
91 140 100
92 140 100
93 140 100
94 140 100
95 140 100
96 140 100
97 140 100
98 140 100
99 140 100
100 139 100
100 138 100
100 137 100
100 136 100
100 135 100
100 134 100
100 133 100
100 132 100
100 131 100
100 129 100
100 128 100
100 127 100
100 126 100
100 125 100
100 124 100
100 123 100
100 122 100
100 121 100
184 62 100
183 62 100
183 61 100
182 61 100
182 60 100
181 60 100
180 61 100
180 62 100
180 63 100
180 64 100
180 65 100
180 66 100
180 67 100
180 68 100
180 69 100
179 70 100
178 70 100
177 70 100
176 70 100
175 70 100
174 70 100
173 70 100
172 70 100
171 70 100
169 70 100
168 70 100
167 70 100
166 70 100
165 70 100
164 70 100
163 70 100
162 70 100
161 70 100
159 70 100
158 70 100
157 70 100
156 70 100
155 70 100
154 70 100
153 70 100
152 70 100
151 70 100
150 71 100
150 72 100
150 73 100
150 74 100
150 75 100
150 76 100
150 77 100
150 78 100
150 79 100
149 80 100
148 80 100
147 80 100
147 80 100
146 80 100
146 80 100
145 80 100
145 80 100
144 80 100
144 80 100
144 80 100
143 80 100
143 80 100
143 80 100
142 80 100
142 80 100
142 80 100
142 80 100
141 80 100
141 80 100
141 80 100
141 80 100
140 80 100
140 80 100
140 80 100
139 80 100
139 80 100
139 80 100
139 80 100
139 80 100
138 80 100
138 80 100
138 80 100
138 80 100
138 80 100
137 80 100
137 80 100
137 80 100
137 80 100
137 80 100
137 80 100
136 80 100
136 80 100
136 80 100
136 80 100
136 80 100
136 80 100
135 80 100
135 80 100
135 80 100
135 80 100
135 80 100
135 80 100
134 80 100
134 80 100
134 80 100
134 80 100
134 80 100
134 80 100
133 80 100
133 80 100
133 80 100
133 80 100
133 80 100
133 80 100
132 80 100
132 80 100
132 80 100
132 80 100
132 80 100
131 80 100
131 80 100
131 80 100
131 80 100
131 80 100
130 80 100
130 80 100
130 80 100
129 80 100
129 80 100
129 80 100
128 80 100
128 80 100
128 80 100
127 80 100
127 80 100
126 80 100
126 80 100
125 80 100
125 80 100
124 80 100
123 80 100
122 80 100
121 80 100
119 80 100
118 80 100
117 80 100
116 80 100
115 80 100
114 80 100
113 80 100
112 80 100
111 80 100
109 80 100
108 80 100
107 80 100
106 80 100
105 80 100
104 80 100
103 80 100
102 80 100
101 80 100
178 146 100
179 146 100
179 145 100
180 145 100
180 144 100
180 143 100
180 142 100
180 141 100
180 139 100
180 138 100
180 137 100
180 136 100
180 135 100
180 134 100
180 133 100
180 132 100
180 131 100
179 130 100
178 130 100
177 130 100
176 130 100
175 130 100
174 130 100
173 130 100
172 130 100
171 130 100
170 129 100
170 128 100
170 127 100
170 126 100
170 125 100
170 124 100
170 123 100
170 122 100
170 121 100
170 119 100
170 118 100
170 117 100
170 116 100
170 115 100
170 114 100
170 113 100
170 112 100
170 111 100
170 109 100
170 108 100
170 107 100
170 106 100
170 105 100
170 104 100
170 103 100
170 102 100
170 101 100
170 99 100
170 98 100
170 97 100
170 96 100
170 95 100
170 94 100
170 93 100
170 92 100
170 91 100
170 89 100
170 88 100
170 87 100
170 86 100
170 85 100
170 84 100
170 83 100
170 82 100
170 81 100
170 79 100
170 78 100
170 77 100
170 76 100
170 75 100
170 74 100
170 73 100
170 72 100
170 71 100
