# score 150756
130 0 100
140 0 100
150 0 100
160 0 100
170 0 100
180 0 100
190 0 100
130 10 100
140 10 100
150 10 100
160 10 100
170 10 100
180 10 100
190 10 100
130 20 100
140 20 100
150 20 100
160 20 100
170 20 100
180 20 100
190 20 100
130 30 100
140 30 100
150 30 100
160 30 100
170 30 100
180 30 100
190 30 100
130 40 100
140 40 100
150 40 100
160 40 100
170 40 100
180 40 100
190 40 100
50 100 100
60 100 100
70 100 100
80 100 100
90 100 100
100 100 100
110 100 100
120 100 100
130 100 100
50 110 100
60 110 100
70 110 100
80 110 100
90 110 100
100 110 100
110 110 100
120 110 100
130 110 100
50 120 100
60 120 100
70 120 100
80 120 100
90 120 100
100 120 100
110 120 100
120 120 100
130 120 100
50 130 100
60 130 100
70 130 100
80 130 100
90 130 100
100 130 100
110 130 100
120 130 100
130 130 100
50 140 100
60 140 100
70 140 100
80 140 100
90 140 100
100 140 100
110 140 100
120 140 100
130 140 100
50 150 100
60 150 100
70 150 100
80 150 100
90 150 100
100 150 100
110 150 100
120 150 100
130 150 100
50 160 100
60 160 100
70 160 100
80 160 100
90 160 100
100 160 100
110 160 100
120 160 100
130 160 100
50 170 100
60 170 100
70 170 100
80 170 100
90 170 100
100 170 100
110 170 100
120 170 100
130 170 100
50 180 100
60 180 100
70 180 100
80 180 100
90 180 100
100 180 100
110 180 100
120 180 100
130 180 100
0 110 100
10 110 100
20 110 100
30 110 100
40 110 100
50 110 100
60 110 100
0 120 100
10 120 100
20 120 100
30 120 100
40 120 100
50 120 100
60 120 100
70 120 100
0 130 100
10 130 100
20 130 100
30 130 100
40 130 100
60 130 100
70 130 100
80 130 100
0 140 100
10 140 100
20 140 100
30 140 100
40 140 100
60 140 100
70 140 100
80 140 100
0 150 100
10 150 100
20 150 100
30 150 100
40 150 100
60 150 100
70 150 100
0 160 100
10 160 100
20 160 100
30 160 100
40 160 100
0 170 100
10 170 100
20 170 100
30 170 100
40 170 100
60 170 100
70 170 100
0 180 100
10 180 100
20 180 100
30 180 100
40 180 100
50 180 100
60 180 100
70 180 100
80 180 100
0 190 100
10 190 100
20 190 100
30 190 100
40 190 100
50 190 100
60 190 100
70 190 100
80 190 100
110 40 100
120 40 100
170 40 100
180 40 100
190 40 100
110 50 100
120 50 100
130 50 100
140 50 100
150 50 100
160 50 100
170 50 100
180 50 100
190 50 100
110 60 100
120 60 100
130 60 100
140 60 100
150 60 100
160 60 100
170 60 100
180 60 100
190 60 100
110 70 100
120 70 100
130 70 100
140 70 100
150 70 100
160 70 100
170 70 100
180 70 100
190 70 100
110 80 100
120 80 100
130 80 100
140 80 100
150 80 100
160 80 100
170 80 100
180 80 100
190 80 100
110 90 100
120 90 100
130 90 100
140 90 100
150 90 100
160 90 100
170 90 100
180 90 100
190 90 100
140 100 100
150 100 100
160 100 100
170 100 100
180 100 100
190 100 100
140 110 100
150 110 100
160 110 100
170 110 100
180 110 100
190 110 100
130 120 100
140 120 100
150 120 100
160 120 100
170 120 100
180 120 100
190 120 100
30 60 100
40 60 100
50 60 100
60 60 100
70 60 100
80 60 100
90 60 100
100 60 100
110 60 100
30 70 100
40 70 100
50 70 100
60 70 100
70 70 100
80 70 100
90 70 100
100 70 100
110 70 100
30 80 100
40 80 100
50 80 100
60 80 100
70 80 100
80 80 100
90 80 100
100 80 100
30 90 100
40 90 100
50 90 100
60 90 100
70 90 100
80 90 100
90 90 100
100 90 100
30 100 100
40 100 100
50 100 100
30 110 100
40 110 100
50 110 100
30 120 100
60 120 100
70 120 100
60 130 100
70 130 100
60 140 100
70 140 100
80 140 100
60 10 100
70 10 100
80 10 100
90 10 100
100 10 100
110 10 100
120 10 100
130 10 100
60 20 100
70 20 100
80 20 100
90 20 100
100 20 100
110 20 100
120 20 100
60 30 100
70 30 100
80 30 100
90 30 100
100 30 100
110 30 100
120 30 100
60 40 100
70 40 100
80 40 100
90 40 100
100 40 100
110 40 100
120 40 100
60 50 100
70 50 100
80 50 100
90 50 100
100 50 100
110 50 100
120 50 100
130 50 100
60 60 100
70 60 100
80 60 100
90 60 100
100 60 100
110 60 100
120 60 100
130 60 100
60 70 100
70 70 100
80 70 100
90 70 100
100 70 100
110 70 100
120 70 100
130 70 100
60 80 100
60 90 100
60 50 100
70 50 100
80 50 100
90 50 100
100 50 100
110 50 100
120 50 100
60 60 100
70 60 100
80 60 100
90 60 100
100 60 100
110 60 100
120 60 100
130 60 100
60 70 100
70 70 100
110 70 100
120 70 100
60 80 100
60 90 100
140 120 100
60 130 100
70 130 100
120 130 100
130 130 100
140 130 100
0 0 100
10 0 100
20 0 100
30 0 100
40 0 100
50 0 100
60 0 100
70 0 100
0 10 100
10 10 100
20 10 100
30 10 100
40 10 100
50 10 100
60 10 100
70 10 100
0 20 100
10 20 100
20 20 100
30 20 100
40 20 100
50 20 100
60 20 100
70 20 100
0 30 100
10 30 100
20 30 100
30 30 100
40 30 100
50 30 100
60 30 100
70 30 100
0 40 100
10 40 100
20 40 100
30 40 100
40 40 100
50 40 100
60 40 100
0 50 100
10 50 100
20 50 100
30 50 100
40 50 100
50 50 100
60 50 100
70 50 100
40 10 100
50 10 100
30 20 100
40 20 100
50 20 100
30 30 100
40 30 100
50 30 100
30 40 100
40 40 100
50 40 100
30 50 100
40 50 100
50 50 100
0 60 100
10 60 100
20 60 100
30 60 100
40 60 100
50 60 100
0 70 100
10 70 100
20 70 100
30 70 100
40 70 100
50 70 100
0 80 100
10 80 100
20 80 100
30 80 100
40 80 100
50 80 100
0 90 100
10 90 100
20 90 100
30 90 100
40 90 100
50 90 100
42 152 100
43 152 100
43 151 100
44 151 100
44 150 100
45 150 100
46 150 100
47 150 100
48 150 100
49 150 100
51 150 100
52 150 100
53 150 100
54 150 100
55 150 100
56 150 100
57 150 100
58 150 100
59 150 100
59 150 100
60 151 100
60 151 100
60 152 100
60 152 100
60 153 100
60 154 100
60 155 100
60 156 100
60 157 100
60 158 100
60 159 100
61 160 100
62 160 100
62 160 100
63 160 100
63 160 100
64 160 100
64 160 100
65 160 100
65 160 100
66 160 100
66 160 100
67 160 100
67 160 100
68 160 100
68 160 100
69 160 100
71 160 100
72 160 100
73 160 100
74 160 100
75 160 100
76 160 100
77 160 100
78 160 100
79 160 100
81 160 100
82 160 100
83 160 100
84 160 100
85 160 100
86 160 100
87 160 100
88 160 100
89 160 100
91 160 100
92 160 100
93 160 100
94 160 100
95 160 100
96 160 100
97 160 100
98 160 100
99 160 100
100 159 100
100 158 100
100 157 100
100 156 100
100 155 100
100 154 100
100 153 100
100 152 100
100 151 100
99 150 100
99 149 100
99 148 100
99 147 100
99 146 100
99 145 100
150 87 100
150 88 100
150 89 100
149 90 100
148 90 100
147 90 100
146 90 100
145 90 100
144 90 100
143 90 100
142 90 100
141 90 100
139 90 100
138 90 100
137 90 100
136 90 100
135 90 100
134 90 100
133 90 100
132 90 100
131 90 100
130 91 100
130 92 100
130 93 100
130 94 100
130 95 100
130 96 100
130 97 100
130 98 100
130 99 100
130 101 100
130 102 100
130 103 100
130 104 100
130 105 100
130 106 100
130 107 100
130 108 100
130 109 100
129 110 100
128 110 100
127 110 100
126 110 100
125 110 100
124 110 100
123 110 100
122 110 100
121 110 100
119 110 100
118 110 100
117 110 100
116 110 100
115 110 100
114 110 100
113 110 100
112 110 100
111 110 100
110 111 100
110 112 100
110 113 100
110 114 100
110 115 100
110 116 100
110 117 100
110 118 100
110 119 100
110 121 100
110 122 100
110 123 100
110 124 100
110 125 100
110 126 100
110 127 100
110 128 100
110 129 100
109 130 100
108 130 100
107 130 100
106 130 100
105 130 100
104 130 100
103 130 100
102 130 100
101 130 100
100 131 100
100 132 100
100 133 100
100 134 100
100 135 100
100 136 100
100 137 100
100 138 100
100 139 100
99 140 100
99 141 100
99 142 100
99 143 100
99 144 100
70 107 100
70 108 100
70 109 100
71 110 100
72 110 100
73 110 100
74 110 100
75 110 100
76 110 100
77 110 100
78 110 100
79 110 100
81 110 100
82 110 100
83 110 100
84 110 100
85 110 100
86 110 100
87 110 100
88 110 100
89 110 100
91 110 100
92 110 100
93 110 100
94 110 100
95 110 100
96 110 100
97 110 100
98 110 100
99 110 100
101 110 100
102 110 100
103 110 100
104 110 100
105 110 100
106 110 100
107 110 100
108 110 100
109 110 100
102 54 100
102 54 100
102 54 100
101 54 100
101 54 100
101 54 100
101 55 100
101 55 100
101 55 100
101 55 100
100 55 100
100 55 100
100 55 100
100 55 100
100 56 100
100 56 100
100 56 100
100 56 100
100 57 100
100 57 100
100 57 100
100 57 100
100 57 100
100 58 100
100 58 100
100 58 100
100 58 100
100 58 100
100 58 100
100 59 100
100 59 100
100 59 100
100 59 100
100 59 100
100 59 100
100 60 100
100 60 100
100 60 100
100 61 100
100 61 100
100 61 100
100 61 100
100 61 100
100 61 100
100 62 100
100 62 100
100 62 100
100 62 100
100 62 100
100 62 100
100 63 100
100 63 100
100 63 100
100 63 100
100 63 100
100 64 100
100 64 100
100 64 100
100 64 100
100 64 100
100 65 100
100 65 100
100 65 100
100 65 100
100 66 100
100 66 100
100 66 100
100 67 100
100 67 100
100 67 100
100 68 100
100 68 100
100 69 100
100 69 100
100 71 100
100 72 100
100 73 100
100 74 100
100 75 100
100 76 100
100 77 100
100 78 100
100 79 100
100 81 100
100 82 100
100 83 100
100 84 100
100 85 100
100 86 100
100 87 100
100 88 100
100 89 100
100 91 100
100 92 100
100 93 100
100 94 100
100 95 100
100 96 100
100 97 100
100 98 100
100 99 100
100 101 100
100 102 100
100 103 100
100 104 100
100 105 100
100 106 100
100 107 100
100 108 100
100 109 100
107 98 100
106 98 100
106 99 100
105 99 100
105 100 100
104 100 100
103 100 100
102 100 100
101 100 100
32 10 100
33 10 100
34 10 100
35 10 100
36 10 100
37 10 100
38 10 100
39 10 100
41 10 100
41 10 100
42 10 100
42 10 100
42 10 100
43 10 100
43 10 100
43 10 100
43 10 100
44 10 100
44 10 100
44 10 100
44 10 100
44 10 100
44 10 100
45 10 100
45 10 100
45 10 100
45 10 100
45 10 100
45 10 100
45 10 100
46 10 100
46 10 100
46 10 100
46 10 100
46 10 100
46 10 100
46 10 100
46 10 100
46 10 100
47 10 100
47 10 100
47 10 100
47 10 100
47 10 100
47 10 100
47 10 100
47 10 100
47 10 100
47 10 100
48 10 100
48 10 100
48 10 100
48 10 100
48 10 100
48 10 100
48 10 100
48 10 100
48 10 100
48 10 100
48 10 100
49 10 100
49 10 100
49 10 100
49 10 100
49 10 100
49 10 100
49 10 100
49 10 100
49 10 100
49 10 100
49 10 100
49 10 100
50 10 100
50 10 100
50 10 100
50 10 100
50 10 100
50 10 100
50 10 100
50 10 100
50 10 100
50 10 100
50 10 100
51 10 100
51 10 100
51 10 100
51 10 100
51 10 100
51 10 100
51 10 100
51 10 100
51 10 100
51 10 100
51 10 100
51 10 100
51 10 100
51 10 100
52 10 100
52 10 100
52 10 100
52 10 100
52 10 100
52 10 100
52 10 100
52 10 100
52 10 100
52 10 100
52 10 100
52 10 100
52 10 100
52 10 100
53 10 100
53 10 100
53 10 100
53 10 100
53 10 100
53 10 100
53 10 100
53 10 100
53 10 100
53 10 100
53 10 100
53 10 100
53 10 100
53 10 100
53 10 100
54 10 100
54 10 100
54 10 100
54 10 100
54 10 100
54 10 100
54 10 100
54 10 100
54 10 100
54 10 100
54 10 100
54 10 100
54 10 100
54 10 100
54 10 100
55 10 100
55 10 100
55 10 100
55 10 100
55 10 100
55 10 100
55 10 100
55 10 100
55 10 100
55 10 100
55 10 100
55 10 100
55 10 100
55 10 100
55 10 100
55 10 100
56 10 100
56 10 100
56 10 100
56 10 100
56 10 100
56 10 100
56 10 100
56 10 100
56 10 100
56 10 100
56 10 100
56 10 100
56 10 100
56 10 100
56 10 100
56 10 100
57 10 100
57 10 100
57 10 100
57 10 100
57 10 100
57 10 100
57 10 100
57 10 100
57 10 100
57 10 100
57 10 100
57 10 100
57 10 100
57 10 100
57 10 100
57 10 100
57 10 100
58 10 100
58 10 100
58 10 100
58 10 100
58 10 100
58 10 100
58 10 100
58 10 100
58 10 100
58 10 100
58 10 100
58 10 100
58 10 100
58 10 100
58 10 100
58 10 100
58 10 100
59 10 100
59 10 100
59 10 100
59 10 100
59 10 100
59 10 100
59 10 100
59 10 100
59 10 100
59 10 100
59 10 100
59 10 100
59 10 100
59 10 100
59 10 100
59 10 100
59 10 100
59 10 100
60 10 100
60 10 100
60 10 100
60 10 100
60 10 100
60 10 100
60 10 100
60 10 100
60 10 100
60 10 100
60 10 100
60 10 100
60 10 100
60 10 100
60 10 100
60 10 100
61 10 100
61 10 100
61 10 100
61 10 100
61 10 100
61 10 100
61 10 100
61 10 100
61 10 100
61 10 100
61 10 100
61 10 100
61 10 100
61 10 100
61 10 100
61 10 100
61 10 100
61 10 100
62 10 100
62 10 100
62 10 100
62 10 100
62 10 100
62 10 100
62 10 100
62 10 100
62 10 100
62 10 100
62 10 100
62 10 100
62 10 100
62 10 100
62 10 100
62 10 100
62 10 100
62 10 100
62 10 100
63 10 100
63 10 100
63 10 100
63 10 100
63 10 100
63 10 100
63 10 100
63 10 100
63 10 100
63 10 100
63 10 100
63 10 100
63 10 100
63 10 100
63 10 100
63 10 100
63 10 100
63 10 100
63 10 100
64 10 100
64 10 100
64 10 100
64 10 100
64 10 100
64 10 100
64 10 100
64 10 100
64 10 100
64 10 100
64 10 100
64 10 100
64 10 100
64 10 100
64 10 100
64 10 100
64 10 100
64 10 100
64 10 100
65 10 100
65 10 100
65 10 100
65 10 100
65 10 100
65 10 100
65 10 100
65 10 100
65 10 100
65 10 100
65 10 100
65 10 100
65 10 100
65 10 100
65 10 100
65 10 100
65 10 100
65 10 100
65 10 100
65 10 100
66 10 100
66 10 100
66 10 100
66 10 100
66 10 100
66 10 100
66 10 100
66 10 100
66 10 100
66 10 100
66 10 100
66 10 100
66 10 100
66 10 100
66 10 100
66 10 100
66 10 100
66 10 100
66 10 100
66 10 100
67 10 100
67 10 100
67 10 100
67 10 100
67 10 100
67 10 100
67 10 100
67 10 100
67 10 100
67 10 100
67 10 100
67 10 100
67 10 100
67 10 100
67 10 100
67 10 100
67 10 100
67 10 100
67 10 100
67 10 100
68 10 100
68 10 100
68 10 100
68 10 100
68 10 100
68 10 100
68 10 100
68 10 100
68 10 100
68 10 100
68 10 100
68 10 100
68 10 100
68 10 100
68 10 100
68 10 100
68 10 100
68 10 100
68 10 100
69 10 100
69 10 100
69 10 100
69 10 100
69 10 100
69 10 100
69 10 100
69 10 100
69 10 100
69 10 100
69 10 100
69 10 100
69 10 100
69 10 100
69 10 100
69 10 100
69 10 100
69 10 100
69 10 100
70 10 100
70 10 100
70 10 100
70 10 100
70 10 100
70 10 100
70 10 100
70 10 100
70 10 100
70 10 100
70 10 100
70 10 100
70 10 100
70 10 100
70 10 100
70 10 100
71 10 100
71 10 100
71 10 100
71 10 100
71 10 100
71 10 100
71 10 100
71 10 100
71 10 100
71 10 100
71 10 100
71 10 100
71 10 100
71 10 100
71 10 100
71 10 100
72 10 100
72 10 100
72 10 100
72 10 100
72 10 100
72 10 100
72 10 100
72 10 100
72 10 100
72 10 100
72 10 100
72 10 100
72 10 100
72 10 100
72 10 100
73 10 100
73 10 100
73 10 100
73 10 100
73 10 100
73 10 100
73 10 100
73 10 100
73 10 100
73 10 100
73 10 100
73 10 100
73 10 100
74 10 100
74 10 100
74 10 100
74 10 100
74 10 100
74 10 100
74 10 100
74 10 100
74 10 100
74 10 100
74 10 100
74 10 100
75 10 100
75 10 100
75 10 100
75 10 100
75 10 100
75 10 100
75 10 100
75 10 100
75 10 100
75 10 100
76 10 100
76 10 100
76 10 100
76 10 100
76 10 100
76 10 100
76 10 100
76 10 100
77 10 100
77 10 100
77 10 100
77 10 100
77 10 100
77 10 100
77 10 100
78 10 100
78 10 100
78 10 100
78 10 100
78 10 100
78 10 100
79 10 100
79 10 100
79 10 100
79 10 100
79 10 100
80 10 100
80 10 100
80 10 100
81 10 100
81 10 100
81 10 100
82 10 100
82 10 100
82 10 100
83 10 100
83 10 100
84 10 100
84 10 100
85 10 100
85 10 100
86 10 100
87 10 100
88 10 100
89 10 100
90 11 100
90 12 100
90 13 100
90 14 100
90 15 100
90 16 100
90 17 100
90 18 100
90 19 100
90 21 100
90 22 100
90 23 100
90 24 100
90 25 100
90 26 100
90 27 100
90 28 100
90 29 100
90 31 100
90 32 100
90 33 100
90 34 100
90 35 100
90 36 100
90 37 100
90 38 100
90 39 100
90 41 100
90 42 100
90 43 100
90 44 100
90 45 100
90 46 100
90 47 100
90 48 100
90 49 100
91 50 100
91 50 100
92 50 100
92 50 100
93 50 100
94 50 100
95 50 100
96 50 100
97 50 100
98 50 100
99 50 100
101 50 100
101 50 100
101 51 100
101 51 100
102 51 100
102 51 100
102 52 100
102 52 100
102 53 100
102 53 100
102 53 100
14 57 100
15 57 100
15 56 100
16 56 100
16 55 100
17 55 100
17 54 100
18 54 100
18 53 100
19 53 100
19 52 100
20 52 100
20 51 100
20 49 100
20 48 100
20 47 100
20 46 100
20 45 100
20 44 100
20 43 100
20 42 100
20 41 100
20 39 100
20 39 100
20 38 100
20 38 100
20 37 100
20 37 100
20 36 100
20 36 100
20 35 100
20 35 100
20 34 100
20 34 100
20 33 100
20 33 100
20 32 100
20 31 100
20 29 100
20 28 100
20 27 100
20 26 100
20 25 100
20 24 100
20 23 100
20 22 100
20 21 100
20 19 100
20 18 100
20 17 100
20 16 100
20 15 100
20 14 100
20 13 100
20 12 100
20 11 100
21 10 100
22 10 100
23 10 100
24 10 100
25 10 100
26 10 100
27 10 100
28 10 100
29 10 100
31 10 100
