# score 302556
10 40 100
20 40 100
30 40 100
40 40 100
50 40 100
60 40 100
70 40 100
80 40 100
90 40 100
10 50 100
20 50 100
30 50 100
40 50 100
50 50 100
60 50 100
70 50 100
80 50 100
90 50 100
10 60 100
20 60 100
30 60 100
40 60 100
50 60 100
60 60 100
70 60 100
80 60 100
90 60 100
10 70 100
20 70 100
30 70 100
40 70 100
50 70 100
60 70 100
70 70 100
80 70 100
90 70 100
10 80 100
20 80 100
30 80 100
40 80 100
50 80 100
60 80 100
70 80 100
80 80 100
90 80 100
10 90 100
20 90 100
30 90 100
40 90 100
50 90 100
60 90 100
70 90 100
80 90 100
90 90 100
10 100 100
20 100 100
30 100 100
40 100 100
50 100 100
60 100 100
70 100 100
80 100 100
90 100 100
10 110 100
20 110 100
30 110 100
40 110 100
50 110 100
60 110 100
70 110 100
80 110 100
90 110 100
10 120 100
20 120 100
30 120 100
40 120 100
50 120 100
60 120 100
70 120 100
80 120 100
90 120 100
120 10 100
130 10 100
140 10 100
150 10 100
160 10 100
170 10 100
180 10 100
190 10 100
120 20 100
130 20 100
140 20 100
150 20 100
160 20 100
170 20 100
180 20 100
190 20 100
120 30 100
130 30 100
140 30 100
150 30 100
160 30 100
170 30 100
180 30 100
190 30 100
120 40 100
130 40 100
140 40 100
150 40 100
160 40 100
170 40 100
180 40 100
190 40 100
120 50 100
130 50 100
140 50 100
150 50 100
160 50 100
170 50 100
180 50 100
190 50 100
120 60 100
130 60 100
140 60 100
150 60 100
160 60 100
170 60 100
180 60 100
190 60 100
120 70 100
130 70 100
140 70 100
150 70 100
160 70 100
170 70 100
180 70 100
190 70 100
120 80 100
130 80 100
140 80 100
150 80 100
160 80 100
170 80 100
180 80 100
190 80 100
120 90 100
130 90 100
140 90 100
150 90 100
160 90 100
170 90 100
180 90 100
190 90 100
0 0 100
10 0 100
20 0 100
30 0 100
40 0 100
50 0 100
0 10 100
10 10 100
20 10 100
30 10 100
40 10 100
50 10 100
0 20 100
10 20 100
20 20 100
30 20 100
40 20 100
50 20 100
0 30 100
10 30 100
20 30 100
30 30 100
40 30 100
50 30 100
0 40 100
10 40 100
20 40 100
30 40 100
40 40 100
50 40 100
0 50 100
10 50 100
20 50 100
30 50 100
40 50 100
50 50 100
0 60 100
10 60 100
20 60 100
50 60 100
160 70 100
170 70 100
180 70 100
190 70 100
150 80 100
160 80 100
170 80 100
180 80 100
150 90 100
160 90 100
170 90 100
180 90 100
150 100 100
160 100 100
170 100 100
180 100 100
190 100 100
150 110 100
160 110 100
170 110 100
180 110 100
190 110 100
150 120 100
160 120 100
170 120 100
180 120 100
190 120 100
150 130 100
160 130 100
170 130 100
180 130 100
190 130 100
150 140 100
160 140 100
170 140 100
180 140 100
190 140 100
150 150 100
160 150 100
170 150 100
180 150 100
190 150 100
100 130 100
110 130 100
120 130 100
130 130 100
140 130 100
150 130 100
170 130 100
180 130 100
100 140 100
110 140 100
120 140 100
130 140 100
140 140 100
150 140 100
160 140 100
170 140 100
180 140 100
100 150 100
110 150 100
120 150 100
130 150 100
140 150 100
150 150 100
160 150 100
170 150 100
180 150 100
100 160 100
110 160 100
120 160 100
130 160 100
140 160 100
150 160 100
160 160 100
170 160 100
180 160 100
100 170 100
110 170 100
120 170 100
130 170 100
140 170 100
150 170 100
160 170 100
170 170 100
180 170 100
100 180 100
110 180 100
120 180 100
130 180 100
140 180 100
150 180 100
160 180 100
170 180 100
180 180 100
100 190 100
110 190 100
120 190 100
130 190 100
140 190 100
150 190 100
160 190 100
170 190 100
180 190 100
0 120 100
10 120 100
20 120 100
30 120 100
40 120 100
50 120 100
60 120 100
0 130 100
10 130 100
20 130 100
30 130 100
40 130 100
50 130 100
60 130 100
0 140 100
10 140 100
20 140 100
30 140 100
40 140 100
50 140 100
60 140 100
0 150 100
10 150 100
20 150 100
30 150 100
40 150 100
50 150 100
60 150 100
0 160 100
10 160 100
20 160 100
30 160 100
40 160 100
50 160 100
60 160 100
0 170 100
10 170 100
20 170 100
30 170 100
40 170 100
50 170 100
60 170 100
0 180 100
10 180 100
20 180 100
30 180 100
40 180 100
50 180 100
60 180 100
0 190 100
10 190 100
20 190 100
30 190 100
40 190 100
50 190 100
60 190 100
90 40 100
100 40 100
110 40 100
120 40 100
140 40 100
150 40 100
160 40 100
90 50 100
100 50 100
110 50 100
120 50 100
130 50 100
140 50 100
150 50 100
170 50 100
100 60 100
110 60 100
120 60 100
130 60 100
170 60 100
100 70 100
110 70 100
120 70 100
130 70 100
160 70 100
170 70 100
90 80 100
100 80 100
110 80 100
120 80 100
150 80 100
160 80 100
170 80 100
90 90 100
100 90 100
110 90 100
120 90 100
130 90 100
140 90 100
150 90 100
160 90 100
170 90 100
100 100 100
110 100 100
120 100 100
130 100 100
140 100 100
150 100 100
160 100 100
170 100 100
90 110 100
100 110 100
110 110 100
120 110 100
130 110 100
140 110 100
160 110 100
170 110 100
90 120 100
100 120 100
110 120 100
120 120 100
130 120 100
140 120 100
198 118 100
197 118 100
197 119 100
196 119 100
196 120 100
195 120 100
194 120 100
193 120 100
192 120 100
191 120 100
189 120 100
188 120 100
187 120 100
186 120 100
185 120 100
184 120 100
183 120 100
182 120 100
181 120 100
179 120 100
178 120 100
177 120 100
176 120 100
175 120 100
174 120 100
173 120 100
172 120 100
171 120 100
169 120 100
168 120 100
167 120 100
166 120 100
165 120 100
164 120 100
163 120 100
162 120 100
161 120 100
159 120 100
158 120 100
157 120 100
156 120 100
155 120 100
154 120 100
153 120 100
152 120 100
151 120 100
149 120 100
148 120 100
147 120 100
146 120 100
145 120 100
144 120 100
143 120 100
142 120 100
141 120 100
140 119 100
140 118 100
140 117 100
140 116 100
140 115 100
140 114 100
140 113 100
140 112 100
140 111 100
140 109 100
140 108 100
140 107 100
140 106 100
140 105 100
140 104 100
140 103 100
140 102 100
140 101 100
140 99 100
140 98 100
140 97 100
140 96 100
140 96 100
140 95 100
140 95 100
140 94 100
140 94 100
140 93 100
140 93 100
140 92 100
140 92 100
140 91 100
140 91 100
139 90 100
139 90 100
139 89 100
139 89 100
139 88 100
139 88 100
139 87 100
139 87 100
139 86 100
139 86 100
140 86 100
140 86 100
140 85 100
140 85 100
140 84 100
140 84 100
140 83 100
140 83 100
140 82 100
140 81 100
140 79 100
140 78 100
140 77 100
140 76 100
140 75 100
140 74 100
140 73 100
140 72 100
140 71 100
141 70 100
142 70 100
143 70 100
144 70 100
145 70 100
146 70 100
147 70 100
148 70 100
149 70 100
150 69 100
150 68 100
150 67 100
150 66 100
150 65 100
150 64 100
150 63 100
150 62 100
150 61 100
151 60 100
152 60 100
153 60 100
154 60 100
155 60 100
156 60 100
157 60 100
158 60 100
159 60 100
160 59 100
160 58 100
160 57 100
160 56 100
160 55 100
160 54 100
160 53 100
160 52 100
160 51 100
161 50 100
161 51 100
162 51 100
145 176 100
145 176 100
145 176 100
145 176 100
145 176 100
145 176 100
145 176 100
145 176 100
145 176 100
145 176 100
145 176 100
145 176 100
145 176 100
145 176 100
145 176 100
145 176 100
145 176 100
145 176 100
145 176 100
145 176 100
145 176 100
145 176 100
145 176 100
145 176 100
145 176 100
145 176 100
145 176 100
145 176 100
145 176 100
144 176 100
144 176 100
144 176 100
144 176 100
144 176 100
144 176 100
144 176 100
144 176 100
144 176 100
144 176 100
144 176 100
144 176 100
144 176 100
144 176 100
144 176 100
144 176 100
144 176 100
144 176 100
144 176 100
144 176 100
144 176 100
144 176 100
144 176 100
144 176 100
144 176 100
144 176 100
144 176 100
144 175 100
144 175 100
144 175 100
144 175 100
144 175 100
144 175 100
144 175 100
144 175 100
144 175 100
144 175 100
144 175 100
144 175 100
144 175 100
144 175 100
144 175 100
144 175 100
144 175 100
144 175 100
144 175 100
144 175 100
144 175 100
144 175 100
144 175 100
144 175 100
143 175 100
143 175 100
143 175 100
143 175 100
143 175 100
143 175 100
143 175 100
143 175 100
143 175 100
143 175 100
143 175 100
143 175 100
143 175 100
143 175 100
143 175 100
143 175 100
143 175 100
143 175 100
143 175 100
143 175 100
143 175 100
143 175 100
143 174 100
143 174 100
143 174 100
143 174 100
143 174 100
143 174 100
143 174 100
143 174 100
143 174 100
143 174 100
143 174 100
143 174 100
143 174 100
143 174 100
143 174 100
143 174 100
143 174 100
143 174 100
143 174 100
142 174 100
142 174 100
142 174 100
142 174 100
142 174 100
142 174 100
142 174 100
142 174 100
142 174 100
142 174 100
142 174 100
142 174 100
142 174 100
142 174 100
142 174 100
142 174 100
142 174 100
142 173 100
142 173 100
142 173 100
142 173 100
142 173 100
142 173 100
142 173 100
142 173 100
142 173 100
142 173 100
142 173 100
142 173 100
142 173 100
142 173 100
141 173 100
141 173 100
141 173 100
141 173 100
141 173 100
141 173 100
141 173 100
141 173 100
141 173 100
141 173 100
141 173 100
141 173 100
141 173 100
141 172 100
141 172 100
141 172 100
141 172 100
141 172 100
141 172 100
141 172 100
141 172 100
141 172 100
141 172 100
141 172 100
140 172 100
140 172 100
140 172 100
140 172 100
140 172 100
140 172 100
140 172 100
140 172 100
140 172 100
140 172 100
140 171 100
140 171 100
140 171 100
140 171 100
140 171 100
140 171 100
140 171 100
140 171 100
140 170 100
140 170 100
140 170 100
140 170 100
140 170 100
140 169 100
140 169 100
140 169 100
140 169 100
140 168 100
140 168 100
140 168 100
140 167 100
140 167 100
140 166 100
140 166 100
140 165 100
140 164 100
140 163 100
140 162 100
140 161 100
140 159 100
140 158 100
140 157 100
140 156 100
140 155 100
140 154 100
140 153 100
140 152 100
140 151 100
140 149 100
140 148 100
140 147 100
140 146 100
140 145 100
140 145 100
140 144 100
140 144 100
140 143 100
140 143 100
140 143 100
140 142 100
140 142 100
140 142 100
140 142 100
140 141 100
140 141 100
140 141 100
140 141 100
140 141 100
140 140 100
140 140 100
140 140 100
140 140 100
140 140 100
140 140 100
140 139 100
140 139 100
140 139 100
140 139 100
140 139 100
140 139 100
140 139 100
140 139 100
140 138 100
140 138 100
140 138 100
140 138 100
140 138 100
140 138 100
140 138 100
140 138 100
140 138 100
140 138 100
140 137 100
140 137 100
140 137 100
140 137 100
140 137 100
140 137 100
140 137 100
140 137 100
140 137 100
140 137 100
140 137 100
140 136 100
140 136 100
140 136 100
140 136 100
140 136 100
140 136 100
140 136 100
140 136 100
140 136 100
140 136 100
140 136 100
140 136 100
140 135 100
140 135 100
140 135 100
140 135 100
140 135 100
140 135 100
140 135 100
140 135 100
140 135 100
140 135 100
140 135 100
140 135 100
140 134 100
140 134 100
140 134 100
140 134 100
140 134 100
140 134 100
140 134 100
140 134 100
140 134 100
140 134 100
140 134 100
140 133 100
140 133 100
140 133 100
140 133 100
140 133 100
140 133 100
140 133 100
140 133 100
140 133 100
140 133 100
140 132 100
140 132 100
140 132 100
140 132 100
140 132 100
140 132 100
140 132 100
140 132 100
140 131 100
140 131 100
140 131 100
140 131 100
140 131 100
140 131 100
140 131 100
140 130 100
140 130 100
140 130 100
140 130 100
140 130 100
140 129 100
140 129 100
140 129 100
140 129 100
140 129 100
140 128 100
140 128 100
140 128 100
140 128 100
140 128 100
140 127 100
140 127 100
140 127 100
140 127 100
140 126 100
140 126 100
140 126 100
140 125 100
140 125 100
140 125 100
140 124 100
140 124 100
140 123 100
140 123 100
140 122 100
140 121 100
25 167 100
26 167 100
26 168 100
27 168 100
27 169 100
28 169 100
28 170 100
29 170 100
30 169 100
30 168 100
30 167 100
30 166 100
30 165 100
30 164 100
30 163 100
30 162 100
30 161 100
30 159 100
30 159 100
30 158 100
30 158 100
30 157 100
30 157 100
30 156 100
30 156 100
30 156 100
30 155 100
30 155 100
30 155 100
30 155 100
30 154 100
30 154 100
30 154 100
30 154 100
30 154 100
30 153 100
30 153 100
30 153 100
30 153 100
30 153 100
30 153 100
30 152 100
30 152 100
30 152 100
30 152 100
30 152 100
30 152 100
30 152 100
30 152 100
30 151 100
30 151 100
30 151 100
30 151 100
30 151 100
30 151 100
30 151 100
30 151 100
30 151 100
30 150 100
30 150 100
30 150 100
30 150 100
30 150 100
30 150 100
30 150 100
30 150 100
30 150 100
30 149 100
30 149 100
30 149 100
30 149 100
30 149 100
30 149 100
30 149 100
30 149 100
30 149 100
30 149 100
30 149 100
30 148 100
30 148 100
30 148 100
30 148 100
30 148 100
30 148 100
30 148 100
30 148 100
30 148 100
30 148 100
30 148 100
30 148 100
30 147 100
30 147 100
30 147 100
30 147 100
30 147 100
30 147 100
30 147 100
30 147 100
30 147 100
30 147 100
30 147 100
30 147 100
30 146 100
30 146 100
30 146 100
30 146 100
30 146 100
30 146 100
30 146 100
30 146 100
30 146 100
30 146 100
30 146 100
30 146 100
30 146 100
30 145 100
30 145 100
30 145 100
30 145 100
30 145 100
30 145 100
30 145 100
30 145 100
30 145 100
30 145 100
30 145 100
30 145 100
30 145 100
30 144 100
30 144 100
30 144 100
30 144 100
30 144 100
30 144 100
30 144 100
30 144 100
30 144 100
30 144 100
30 144 100
30 144 100
30 143 100
30 143 100
30 143 100
30 143 100
30 143 100
30 143 100
30 143 100
30 143 100
30 143 100
30 143 100
30 143 100
30 143 100
30 142 100
30 142 100
30 142 100
30 142 100
30 142 100
30 142 100
30 142 100
30 142 100
30 142 100
30 142 100
30 142 100
30 141 100
30 141 100
30 141 100
30 141 100
30 141 100
30 141 100
30 141 100
30 141 100
30 141 100
30 141 100
30 141 100
30 140 100
30 140 100
30 140 100
30 140 100
30 140 100
30 140 100
30 140 100
30 140 100
30 140 100
30 139 100
30 139 100
30 139 100
30 139 100
30 139 100
30 139 100
30 139 100
30 139 100
30 139 100
30 138 100
30 138 100
30 138 100
30 138 100
30 138 100
30 138 100
30 138 100
30 138 100
30 137 100
30 137 100
30 137 100
30 137 100
30 137 100
30 137 100
30 137 100
30 136 100
30 136 100
30 136 100
30 136 100
30 136 100
30 136 100
30 135 100
30 135 100
30 135 100
30 135 100
30 135 100
30 134 100
30 134 100
30 134 100
30 134 100
30 133 100
30 133 100
30 133 100
30 133 100
30 132 100
30 132 100
30 132 100
30 131 100
30 131 100
30 130 100
30 129 100
30 129 100
30 128 100
30 128 100
30 127 100
30 126 100
30 125 100
30 124 100
30 124 100
30 123 100
30 123 100
30 122 100
30 122 100
30 121 100
30 121 100
30 119 100
30 119 100
30 119 100
30 118 100
30 118 100
30 118 100
30 117 100
30 117 100
30 117 100
30 117 100
30 116 100
30 116 100
30 116 100
30 116 100
30 115 100
30 115 100
30 115 100
30 115 100
30 115 100
30 114 100
30 114 100
30 114 100
30 114 100
30 114 100
30 113 100
30 113 100
30 113 100
30 113 100
30 113 100
30 112 100
30 112 100
30 112 100
30 112 100
30 112 100
30 111 100
30 111 100
30 111 100
30 111 100
30 111 100
30 111 100
30 110 100
30 110 100
30 110 100
30 110 100
30 109 100
30 109 100
30 109 100
30 109 100
30 109 100
30 108 100
30 108 100
30 108 100
30 108 100
30 108 100
30 107 100
30 107 100
30 107 100
30 107 100
30 106 100
30 106 100
30 106 100
30 105 100
30 105 100
30 105 100
30 104 100
30 104 100
30 103 100
30 103 100
30 102 100
30 101 100
31 100 100
31 99 100
32 99 100
32 98 100
33 98 100
33 97 100
34 97 100
34 96 100
35 96 100
35 95 100
36 95 100
36 95 100
36 94 100
36 94 100
37 94 100
37 94 100
37 93 100
37 93 100
38 93 100
38 93 100
38 92 100
38 92 100
38 92 100
39 92 100
39 92 100
39 92 100
39 91 100
39 91 100
39 91 100
40 91 100
40 91 100
40 91 100
40 90 100
40 90 100
41 90 100
41 90 100
41 90 100
42 90 100
42 90 100
42 90 100
43 90 100
43 90 100
44 90 100
44 90 100
45 90 100
45 90 100
46 90 100
46 90 100
47 90 100
47 90 100
48 90 100
48 90 100
49 90 100
49 90 100
50 90 100
51 90 100
52 90 100
53 90 100
54 90 100
55 90 100
56 90 100
57 90 100
58 90 100
59 90 100
59 89 100
59 88 100
59 87 100
