# score 348840
140 60 100
150 60 100
160 60 100
170 60 100
180 60 100
190 60 100
140 70 100
150 70 100
160 70 100
170 70 100
180 70 100
190 70 100
140 80 100
150 80 100
160 80 100
170 80 100
180 80 100
190 80 100
140 90 100
150 90 100
160 90 100
170 90 100
180 90 100
190 90 100
140 100 100
150 100 100
160 100 100
170 100 100
180 100 100
190 100 100
140 110 100
150 110 100
160 110 100
170 110 100
180 110 100
190 110 100
140 120 100
150 120 100
160 120 100
170 120 100
180 120 100
190 120 100
140 130 100
150 130 100
160 130 100
170 130 100
180 130 100
190 130 100
140 140 100
150 140 100
160 140 100
170 140 100
180 140 100
190 140 100
30 40 100
40 40 100
50 40 100
60 40 100
70 40 100
80 40 100
90 40 100
100 40 100
110 40 100
30 50 100
40 50 100
50 50 100
60 50 100
70 50 100
80 50 100
90 50 100
100 50 100
110 50 100
30 60 100
40 60 100
50 60 100
60 60 100
70 60 100
80 60 100
90 60 100
100 60 100
110 60 100
30 70 100
40 70 100
50 70 100
60 70 100
70 70 100
80 70 100
90 70 100
100 70 100
110 70 100
30 80 100
40 80 100
50 80 100
60 80 100
70 80 100
80 80 100
90 80 100
100 80 100
110 80 100
30 90 100
40 90 100
50 90 100
60 90 100
70 90 100
80 90 100
90 90 100
100 90 100
110 90 100
30 100 100
40 100 100
50 100 100
60 100 100
70 100 100
80 100 100
90 100 100
100 100 100
110 100 100
30 110 100
40 110 100
50 110 100
60 110 100
70 110 100
80 110 100
90 110 100
100 110 100
110 110 100
30 120 100
40 120 100
50 120 100
60 120 100
70 120 100
80 120 100
90 120 100
100 120 100
110 120 100
90 80 100
100 80 100
110 80 100
120 80 100
130 80 100
140 80 100
150 80 100
160 80 100
100 90 100
110 90 100
120 90 100
130 90 100
140 90 100
150 90 100
160 90 100
110 100 100
120 100 100
130 100 100
140 100 100
160 100 100
80 110 100
120 110 100
130 110 100
140 110 100
160 110 100
80 120 100
90 120 100
120 120 100
130 120 100
140 120 100
150 120 100
160 120 100
80 130 100
90 130 100
100 130 100
110 130 100
120 130 100
130 130 100
140 130 100
150 130 100
160 130 100
80 140 100
90 140 100
100 140 100
110 140 100
120 140 100
130 140 100
140 140 100
150 140 100
160 140 100
80 150 100
90 150 100
100 150 100
110 150 100
120 150 100
130 150 100
140 150 100
150 150 100
160 150 100
80 160 100
90 160 100
100 160 100
110 160 100
120 160 100
130 160 100
140 160 100
150 160 100
160 160 100
60 130 100
70 130 100
80 130 100
90 130 100
140 130 100
60 140 100
70 140 100
90 140 100
130 140 100
140 140 100
60 150 100
70 150 100
90 150 100
100 150 100
110 150 100
120 150 100
130 150 100
140 150 100
60 160 100
70 160 100
80 160 100
90 160 100
100 160 100
110 160 100
120 160 100
130 160 100
140 160 100
60 170 100
70 170 100
80 170 100
90 170 100
100 170 100
110 170 100
120 170 100
130 170 100
140 170 100
60 180 100
70 180 100
80 180 100
90 180 100
100 180 100
110 180 100
120 180 100
130 180 100
140 180 100
60 190 100
70 190 100
80 190 100
90 190 100
100 190 100
110 190 100
120 190 100
130 190 100
140 190 100
0 20 100
10 20 100
20 20 100
30 20 100
40 20 100
50 20 100
0 30 100
10 30 100
20 30 100
30 30 100
40 30 100
50 30 100
0 40 100
10 40 100
20 40 100
30 40 100
50 40 100
0 50 100
10 50 100
20 50 100
30 50 100
40 50 100
50 50 100
0 60 100
10 60 100
20 60 100
30 60 100
40 60 100
50 60 100
0 70 100
10 70 100
20 70 100
30 70 100
40 70 100
50 70 100
0 80 100
10 80 100
20 80 100
30 80 100
40 80 100
50 80 100
0 90 100
10 90 100
20 90 100
30 90 100
40 90 100
0 100 100
10 100 100
20 100 100
30 100 100
150 130 100
160 130 100
170 130 100
180 130 100
190 130 100
150 140 100
160 140 100
170 140 100
180 140 100
190 140 100
150 150 100
160 150 100
170 150 100
180 150 100
190 150 100
150 160 100
170 160 100
180 160 100
190 160 100
150 170 100
160 170 100
170 170 100
180 170 100
190 170 100
150 180 100
160 180 100
170 180 100
180 180 100
190 180 100
150 190 100
160 190 100
170 190 100
180 190 100
190 190 100
0 0 100
10 0 100
20 0 100
30 0 100
40 0 100
50 0 100
0 10 100
10 10 100
20 10 100
30 10 100
40 10 100
50 10 100
40 20 100
50 20 100
50 30 100
10 40 100
20 40 100
30 40 100
50 40 100
10 50 100
20 50 100
30 50 100
40 50 100
50 50 100
0 100 100
10 100 100
20 100 100
30 100 100
0 110 100
10 110 100
20 110 100
30 110 100
0 120 100
10 120 100
20 120 100
30 120 100
40 120 100
0 130 100
10 130 100
20 130 100
30 130 100
40 130 100
0 140 100
10 140 100
20 140 100
30 140 100
40 140 100
0 150 100
10 150 100
20 150 100
30 150 100
40 150 100
0 160 100
10 160 100
20 160 100
30 160 100
40 160 100
0 170 100
10 170 100
20 170 100
30 170 100
40 170 100
0 180 100
10 180 100
20 180 100
30 180 100
40 180 100
150 0 100
160 0 100
170 0 100
180 0 100
190 0 100
150 10 100
160 10 100
170 10 100
180 10 100
190 10 100
150 20 100
160 20 100
170 20 100
180 20 100
190 20 100
150 30 100
160 30 100
170 30 100
180 30 100
190 30 100
150 40 100
160 40 100
170 40 100
180 40 100
190 40 100
150 50 100
160 50 100
170 50 100
180 50 100
190 50 100
150 60 100
160 60 100
170 60 100
180 60 100
190 60 100
77 83 100
78 83 100
78 84 100
79 84 100
79 85 100
80 85 100
80 86 100
80 87 100
80 88 100
80 89 100
81 90 100
82 90 100
83 90 100
84 90 100
85 90 100
86 90 100
87 90 100
88 90 100
89 90 100
91 90 100
92 90 100
93 90 100
94 90 100
95 90 100
96 90 100
97 90 100
98 90 100
99 90 100
99 90 100
101 90 100
101 90 100
101 90 100
101 89 100
101 89 100
101 89 100
102 89 100
102 89 100
102 89 100
102 88 100
102 88 100
102 88 100
103 88 100
103 88 100
103 88 100
103 88 100
103 87 100
103 87 100
103 87 100
104 87 100
104 87 100
104 87 100
104 87 100
104 86 100
104 86 100
104 86 100
104 86 100
105 86 100
105 86 100
105 86 100
105 86 100
105 85 100
105 85 100
105 85 100
105 85 100
106 85 100
106 85 100
106 85 100
106 85 100
106 84 100
106 84 100
106 84 100
106 84 100
107 84 100
107 84 100
107 84 100
107 84 100
107 83 100
107 83 100
107 83 100
107 83 100
108 83 100
108 83 100
108 83 100
108 83 100
108 82 100
108 82 100
108 82 100
109 82 100
109 82 100
109 82 100
109 81 100
109 81 100
110 81 100
110 81 100
110 79 100
110 79 100
110 78 100
110 78 100
110 77 100
110 77 100
110 76 100
110 76 100
110 75 100
110 75 100
110 74 100
110 74 100
110 73 100
110 73 100
110 72 100
110 72 100
110 71 100
110 71 100
110 70 100
110 69 100
110 69 100
110 68 100
110 68 100
110 67 100
110 67 100
110 66 100
110 66 100
110 65 100
110 64 100
110 63 100
110 62 100
110 61 100
111 60 100
112 60 100
113 60 100
114 60 100
115 60 100
116 60 100
117 60 100
118 60 100
119 60 100
120 60 100
121 60 100
122 60 100
123 60 100
124 60 100
125 60 100
126 60 100
127 60 100
128 60 100
129 60 100
130 60 100
131 60 100
132 60 100
133 60 100
134 60 100
135 60 100
136 60 100
137 60 100
138 60 100
139 60 100
141 60 100
141 61 100
142 61 100
142 62 100
143 62 100
143 63 100
144 63 100
144 64 100
145 64 100
145 65 100
146 65 100
146 66 100
147 66 100
147 67 100
148 67 100
148 68 100
149 68 100
149 69 100
150 69 100
150 71 100
150 72 100
150 73 100
150 74 100
150 75 100
150 75 100
150 76 100
150 76 100
150 77 100
150 77 100
150 77 100
150 78 100
150 78 100
150 78 100
150 79 100
150 79 100
150 79 100
150 79 100
150 80 100
150 80 100
150 81 100
150 81 100
150 81 100
150 81 100
150 82 100
150 82 100
150 82 100
150 82 100
150 83 100
150 83 100
150 83 100
150 83 100
150 84 100
150 84 100
150 84 100
150 84 100
150 85 100
150 85 100
150 85 100
150 86 100
150 86 100
150 86 100
150 87 100
150 87 100
150 87 100
150 88 100
150 88 100
150 88 100
150 89 100
150 89 100
150 91 100
150 91 100
150 92 100
150 92 100
150 92 100
150 93 100
150 93 100
150 93 100
150 94 100
150 94 100
150 94 100
150 95 100
150 95 100
150 95 100
150 96 100
150 96 100
150 96 100
150 97 100
150 97 100
150 98 100
150 98 100
150 99 100
150 99 100
151 100 100
152 100 100
153 100 100
154 100 100
155 100 100
156 100 100
156 100 100
157 100 100
157 100 100
158 100 100
158 100 100
159 100 100
159 100 100
159 100 100
160 100 100
161 100 100
161 100 100
161 100 100
161 100 100
162 100 100
162 100 100
162 100 100
162 100 100
163 100 100
163 100 100
163 100 100
163 100 100
164 100 100
164 100 100
164 100 100
165 100 100
165 100 100
165 100 100
166 100 100
166 100 100
166 100 100
167 100 100
167 100 100
168 100 100
168 100 100
169 100 100
169 100 100
170 100 100
171 100 100
171 100 100
172 100 100
172 100 100
173 100 100
173 100 100
174 100 100
174 100 100
175 100 100
176 100 100
177 100 100
178 100 100
179 100 100
181 100 100
181 101 100
182 101 100
183 101 100
125 122 100
125 122 100
124 122 100
124 122 100
124 121 100
124 121 100
123 121 100
123 121 100
123 120 100
123 120 100
122 120 100
122 120 100
121 120 100
121 120 100
119 120 100
118 120 100
117 120 100
116 120 100
115 120 100
114 120 100
113 120 100
112 120 100
111 120 100
110 119 100
110 118 100
110 117 100
110 116 100
110 115 100
110 114 100
110 113 100
110 112 100
110 111 100
109 110 100
108 110 100
107 110 100
106 110 100
105 110 100
104 110 100
103 110 100
102 110 100
101 110 100
100 109 100
100 108 100
100 107 100
100 106 100
100 105 100
100 104 100
100 103 100
100 102 100
100 101 100
100 99 100
100 98 100
100 97 100
100 96 100
100 95 100
100 94 100
100 93 100
100 93 100
100 92 100
100 92 100
100 91 100
100 91 100
108 179 100
109 179 100
109 180 100
110 179 100
110 179 100
110 178 100
110 178 100
110 177 100
110 177 100
110 177 100
110 176 100
110 176 100
110 176 100
110 175 100
110 175 100
110 175 100
110 174 100
110 174 100
110 174 100
110 174 100
110 173 100
110 173 100
110 173 100
110 173 100
110 172 100
110 172 100
110 172 100
110 172 100
110 171 100
110 171 100
110 171 100
110 171 100
110 171 100
110 170 100
110 170 100
110 170 100
110 170 100
110 170 100
110 169 100
110 169 100
110 169 100
110 169 100
110 169 100
110 169 100
110 169 100
110 168 100
110 168 100
110 168 100
110 168 100
110 168 100
110 168 100
110 168 100
110 168 100
110 167 100
110 167 100
110 167 100
110 167 100
110 167 100
110 167 100
110 167 100
110 167 100
110 167 100
110 166 100
110 166 100
110 166 100
110 166 100
110 166 100
110 166 100
110 166 100
110 166 100
110 166 100
110 166 100
110 166 100
110 165 100
110 165 100
110 165 100
110 165 100
110 165 100
110 165 100
110 165 100
110 165 100
110 165 100
110 165 100
110 165 100
110 165 100
110 164 100
110 164 100
110 164 100
110 164 100
110 164 100
110 164 100
110 164 100
110 164 100
110 164 100
110 164 100
110 164 100
110 164 100
110 164 100
110 163 100
110 163 100
110 163 100
110 163 100
110 163 100
110 163 100
110 163 100
110 163 100
110 163 100
110 163 100
110 163 100
110 163 100
110 162 100
110 162 100
110 162 100
110 162 100
110 162 100
110 162 100
110 162 100
110 162 100
110 162 100
110 162 100
110 162 100
110 161 100
110 161 100
110 161 100
110 161 100
110 161 100
110 161 100
110 161 100
110 161 100
110 161 100
110 161 100
110 160 100
110 160 100
110 160 100
110 160 100
110 160 100
110 160 100
110 159 100
110 159 100
110 159 100
110 159 100
110 159 100
110 159 100
110 158 100
110 158 100
110 158 100
110 158 100
110 158 100
110 157 100
110 157 100
110 157 100
110 157 100
110 156 100
110 156 100
110 156 100
110 155 100
110 155 100
110 154 100
110 154 100
110 153 100
110 153 100
110 152 100
110 152 100
110 151 100
110 151 100
110 149 100
110 149 100
110 148 100
110 147 100
110 146 100
110 145 100
110 144 100
110 143 100
110 142 100
110 141 100
110 139 100
110 138 100
110 137 100
110 136 100
110 135 100
110 134 100
110 133 100
110 132 100
110 131 100
110 129 100
110 128 100
110 127 100
110 126 100
110 125 100
110 124 100
110 123 100
110 122 100
110 121 100
11 63 100
11 63 100
10 63 100
10 63 100
10 64 100
10 64 100
10 65 100
10 65 100
10 66 100
10 66 100
10 67 100
10 67 100
10 68 100
10 69 100
11 70 100
11 71 100
12 71 100
12 72 100
13 72 100
13 73 100
13 73 100
14 73 100
14 73 100
14 74 100
14 74 100
15 74 100
15 74 100
15 75 100
15 75 100
15 75 100
16 75 100
16 75 100
16 75 100
16 76 100
16 76 100
16 76 100
16 76 100
17 76 100
17 76 100
17 76 100
17 76 100
17 77 100
17 77 100
17 77 100
17 77 100
17 77 100
18 77 100
18 77 100
18 77 100
18 77 100
18 77 100
18 77 100
18 78 100
18 78 100
18 78 100
18 78 100
18 78 100
18 78 100
18 78 100
19 78 100
19 78 100
19 78 100
19 78 100
19 78 100
19 78 100
19 78 100
19 78 100
19 78 100
19 79 100
19 79 100
19 79 100
19 79 100
19 79 100
19 79 100
19 79 100
19 79 100
19 79 100
19 79 100
20 79 100
20 79 100
20 79 100
20 79 100
20 79 100
20 79 100
20 79 100
20 79 100
20 79 100
20 79 100
20 79 100
20 79 100
20 80 100
20 80 100
20 80 100
20 80 100
20 80 100
20 80 100
20 80 100
20 80 100
20 80 100
20 80 100
20 80 100
20 80 100
20 80 100
21 80 100
21 80 100
21 80 100
21 80 100
21 80 100
21 80 100
21 80 100
21 80 100
21 80 100
21 80 100
21 80 100
21 80 100
21 80 100
21 80 100
21 80 100
21 80 100
22 80 100
22 80 100
22 80 100
22 80 100
22 80 100
22 80 100
22 80 100
22 80 100
22 80 100
22 80 100
22 80 100
22 80 100
22 80 100
22 80 100
22 80 100
22 80 100
22 80 100
22 80 100
23 80 100
23 80 100
23 80 100
23 80 100
23 80 100
23 80 100
23 80 100
23 80 100
23 80 100
23 80 100
23 80 100
23 80 100
23 80 100
23 80 100
23 80 100
23 80 100
23 80 100
23 80 100
23 80 100
24 80 100
24 80 100
24 80 100
24 80 100
24 80 100
24 80 100
24 80 100
24 80 100
24 80 100
24 80 100
24 80 100
24 80 100
24 80 100
24 80 100
24 80 100
24 80 100
24 80 100
24 80 100
24 80 100
24 80 100
24 80 100
25 80 100
25 80 100
25 80 100
25 80 100
25 80 100
25 80 100
25 80 100
25 80 100
25 80 100
25 80 100
25 80 100
25 80 100
25 80 100
25 80 100
25 80 100
25 80 100
25 80 100
25 80 100
25 80 100
25 80 100
25 80 100
25 80 100
25 80 100
25 80 100
26 80 100
26 80 100
26 80 100
26 80 100
26 80 100
26 80 100
26 80 100
26 80 100
26 80 100
26 80 100
26 80 100
26 80 100
26 80 100
26 80 100
26 80 100
26 80 100
26 80 100
26 80 100
26 80 100
26 80 100
26 80 100
26 80 100
26 80 100
26 80 100
26 80 100
26 80 100
27 80 100
27 80 100
27 80 100
27 80 100
27 80 100
27 80 100
27 80 100
27 80 100
27 80 100
27 80 100
27 80 100
27 80 100
27 80 100
27 80 100
27 80 100
27 80 100
27 80 100
27 80 100
27 80 100
27 80 100
27 80 100
27 80 100
27 80 100
27 80 100
27 80 100
27 80 100
27 80 100
27 80 100
27 80 100
28 80 100
28 80 100
28 80 100
28 80 100
28 80 100
28 80 100
28 80 100
28 80 100
28 80 100
28 80 100
28 80 100
28 80 100
28 80 100
28 80 100
28 80 100
28 80 100
28 80 100
28 80 100
28 80 100
28 80 100
28 80 100
28 80 100
28 80 100
28 80 100
28 80 100
28 80 100
28 80 100
28 80 100
28 80 100
28 80 100
28 80 100
29 80 100
29 80 100
29 80 100
29 80 100
29 80 100
29 80 100
29 80 100
29 80 100
29 80 100
29 80 100
29 80 100
29 80 100
29 80 100
29 80 100
29 80 100
29 80 100
29 80 100
29 80 100
29 80 100
29 80 100
29 80 100
29 80 100
29 80 100
29 80 100
29 80 100
29 80 100
29 80 100
29 80 100
29 80 100
29 80 100
29 80 100
29 80 100
29 80 100
30 80 100
30 80 100
30 80 100
30 80 100
30 80 100
30 80 100
30 80 100
30 80 100
30 80 100
30 80 100
30 80 100
30 80 100
30 80 100
30 80 100
30 80 100
30 80 100
30 80 100
30 80 100
30 80 100
30 80 100
30 80 100
30 80 100
30 80 100
30 80 100
30 80 100
30 80 100
30 80 100
30 80 100
30 80 100
30 80 100
30 80 100
30 80 100
31 80 100
31 80 100
31 80 100
31 80 100
31 80 100
31 80 100
31 80 100
31 80 100
31 80 100
31 80 100
31 80 100
31 80 100
31 80 100
31 80 100
31 80 100
31 80 100
31 80 100
31 80 100
31 80 100
31 80 100
31 80 100
31 80 100
31 80 100
31 80 100
31 80 100
31 80 100
31 80 100
31 80 100
31 80 100
31 80 100
31 80 100
31 80 100
31 80 100
31 80 100
31 80 100
32 80 100
32 80 100
32 80 100
32 80 100
32 80 100
32 80 100
32 80 100
32 80 100
32 80 100
32 80 100
32 80 100
32 80 100
32 80 100
32 80 100
32 80 100
32 80 100
32 80 100
32 80 100
32 80 100
32 80 100
32 80 100
32 80 100
32 80 100
32 80 100
32 80 100
32 80 100
32 80 100
32 80 100
32 80 100
32 80 100
32 80 100
32 80 100
32 80 100
32 80 100
33 80 100
33 80 100
33 80 100
33 80 100
33 80 100
33 80 100
33 80 100
33 80 100
33 80 100
33 80 100
33 80 100
33 80 100
33 80 100
33 80 100
33 80 100
33 80 100
33 80 100
33 80 100
33 80 100
33 80 100
33 80 100
33 80 100
33 80 100
33 80 100
33 80 100
33 80 100
33 80 100
33 80 100
33 80 100
33 80 100
33 80 100
33 80 100
33 80 100
34 80 100
34 80 100
34 80 100
34 80 100
34 80 100
34 80 100
34 80 100
34 80 100
34 80 100
34 80 100
34 80 100
34 80 100
34 80 100
34 80 100
34 80 100
34 80 100
34 80 100
34 80 100
34 80 100
34 80 100
34 80 100
34 80 100
34 80 100
34 80 100
34 80 100
34 80 100
34 80 100
34 80 100
34 80 100
34 80 100
34 80 100
34 80 100
35 80 100
35 80 100
35 80 100
35 80 100
35 80 100
35 80 100
35 80 100
35 80 100
35 80 100
35 80 100
35 80 100
35 80 100
35 80 100
35 80 100
35 80 100
35 80 100
35 80 100
35 80 100
35 80 100
35 80 100
35 80 100
35 80 100
35 80 100
35 80 100
35 80 100
35 80 100
35 80 100
35 80 100
35 80 100
36 80 100
36 80 100
36 80 100
36 80 100
36 80 100
36 80 100
36 80 100
36 80 100
36 80 100
36 80 100
36 80 100
36 80 100
36 80 100
36 80 100
36 80 100
36 80 100
36 80 100
36 80 100
36 80 100
36 80 100
36 80 100
36 80 100
36 80 100
36 80 100
36 80 100
36 80 100
36 80 100
37 80 100
37 80 100
37 80 100
37 80 100
37 80 100
37 80 100
37 80 100
37 80 100
37 80 100
37 80 100
37 80 100
37 80 100
37 80 100
37 80 100
37 80 100
37 80 100
37 80 100
37 80 100
37 80 100
37 80 100
37 80 100
37 80 100
37 80 100
38 80 100
38 80 100
38 80 100
38 80 100
38 80 100
38 80 100
38 80 100
38 80 100
38 80 100
38 80 100
38 80 100
38 80 100
38 80 100
38 80 100
38 80 100
38 80 100
38 80 100
38 80 100
38 80 100
38 80 100
39 80 100
39 80 100
39 80 100
39 80 100
39 80 100
39 80 100
39 80 100
39 80 100
39 80 100
39 80 100
39 80 100
39 80 100
39 80 100
39 80 100
39 80 100
39 80 100
39 80 100
40 80 100
40 80 100
40 80 100
40 80 100
40 80 100
40 80 100
40 80 100
40 80 100
40 80 100
40 80 100
40 80 100
40 80 100
40 80 100
41 80 100
41 80 100
41 80 100
41 80 100
41 80 100
41 80 100
41 80 100
41 80 100
41 80 100
41 80 100
41 80 100
41 80 100
42 80 100
42 80 100
42 80 100
42 80 100
42 80 100
42 80 100
42 80 100
42 80 100
42 80 100
42 80 100
42 80 100
43 80 100
43 80 100
43 80 100
43 80 100
43 80 100
43 80 100
43 80 100
43 80 100
43 80 100
44 80 100
44 80 100
44 80 100
44 80 100
44 80 100
44 80 100
44 80 100
44 80 100
45 80 100
45 80 100
45 80 100
45 80 100
45 80 100
45 80 100
45 80 100
46 80 100
46 80 100
46 80 100
46 80 100
46 80 100
47 80 100
47 80 100
47 80 100
47 80 100
48 80 100
48 80 100
48 80 100
49 80 100
49 80 100
51 80 100
51 80 100
52 80 100
53 80 100
54 80 100
55 80 100
56 80 100
57 80 100
58 80 100
59 80 100
61 80 100
62 80 100
63 80 100
64 80 100
65 80 100
66 80 100
67 80 100
68 80 100
69 80 100
71 80 100
71 81 100
72 81 100
72 82 100
73 82 100
73 83 100
74 83 100
75 83 100
76 83 100
198 172 100
197 172 100
197 171 100
196 171 100
196 170 100
195 170 100
194 170 100
193 170 100
192 170 100
191 170 100
189 170 100
188 170 100
187 170 100
186 170 100
185 170 100
184 170 100
183 170 100
182 170 100
181 170 100
179 170 100
178 170 100
177 170 100
176 170 100
175 170 100
174 170 100
173 170 100
172 170 100
171 170 100
169 170 100
168 170 100
167 170 100
166 170 100
165 170 100
164 170 100
163 170 100
162 170 100
161 170 100
159 170 100
158 170 100
157 170 100
156 170 100
155 170 100
154 170 100
153 170 100
152 170 100
151 170 100
150 171 100
150 172 100
150 173 100
150 174 100
150 175 100
150 176 100
150 177 100
150 178 100
150 179 100
149 180 100
148 180 100
147 180 100
146 180 100
145 180 100
144 180 100
143 180 100
143 180 100
142 180 100
142 180 100
141 180 100
141 180 100
141 180 100
141 180 100
140 180 100
140 180 100
140 180 100
140 180 100
140 180 100
139 180 100
139 180 100
139 180 100
139 180 100
139 180 100
139 180 100
139 180 100
139 180 100
139 180 100
138 180 100
138 180 100
138 180 100
138 180 100
138 180 100
138 180 100
138 180 100
138 180 100
138 180 100
138 180 100
138 180 100
138 180 100
137 180 100
137 180 100
137 180 100
137 180 100
137 180 100
137 180 100
137 180 100
137 180 100
137 180 100
137 180 100
137 180 100
137 180 100
137 180 100
137 180 100
137 180 100
137 180 100
136 180 100
136 180 100
136 180 100
136 180 100
136 180 100
136 180 100
136 180 100
136 180 100
136 180 100
136 180 100
136 180 100
136 180 100
136 180 100
136 180 100
136 180 100
136 180 100
136 180 100
136 180 100
136 180 100
136 180 100
135 180 100
135 180 100
135 180 100
135 180 100
135 180 100
135 180 100
135 180 100
135 180 100
135 180 100
135 180 100
135 180 100
135 180 100
135 180 100
135 180 100
135 180 100
135 180 100
135 180 100
135 180 100
135 180 100
135 180 100
135 180 100
135 180 100
135 180 100
134 180 100
134 180 100
134 180 100
134 180 100
134 180 100
134 180 100
134 180 100
134 180 100
134 180 100
134 180 100
134 180 100
134 180 100
134 180 100
134 180 100
134 180 100
134 180 100
134 180 100
134 180 100
134 180 100
134 180 100
134 180 100
134 180 100
134 180 100
134 180 100
133 180 100
133 180 100
133 180 100
133 180 100
133 180 100
133 180 100
133 180 100
133 180 100
133 180 100
133 180 100
133 180 100
133 180 100
133 180 100
133 180 100
133 180 100
133 180 100
133 180 100
133 180 100
133 180 100
133 180 100
133 180 100
133 180 100
133 180 100
133 180 100
133 180 100
132 180 100
132 180 100
132 180 100
132 180 100
132 180 100
132 180 100
132 180 100
132 180 100
132 180 100
132 180 100
132 180 100
132 180 100
132 180 100
132 180 100
132 180 100
132 180 100
132 180 100
132 180 100
132 180 100
132 180 100
132 180 100
132 180 100
132 180 100
132 180 100
132 180 100
132 180 100
131 180 100
131 180 100
131 180 100
131 180 100
131 180 100
131 180 100
131 180 100
131 180 100
131 180 100
131 180 100
131 180 100
131 180 100
131 180 100
131 180 100
131 180 100
131 180 100
131 180 100
131 180 100
131 180 100
131 180 100
131 180 100
131 180 100
131 180 100
131 180 100
131 180 100
131 180 100
130 180 100
130 180 100
130 180 100
130 180 100
130 180 100
130 180 100
130 180 100
130 180 100
130 180 100
130 180 100
130 180 100
130 180 100
130 180 100
130 180 100
130 180 100
130 180 100
130 180 100
130 180 100
130 180 100
130 180 100
130 180 100
130 180 100
130 180 100
130 180 100
130 180 100
129 180 100
129 180 100
129 180 100
129 180 100
129 180 100
129 180 100
129 180 100
129 180 100
129 180 100
129 180 100
129 180 100
129 180 100
129 180 100
129 180 100
129 180 100
129 180 100
129 180 100
129 180 100
129 180 100
129 180 100
129 180 100
129 180 100
129 180 100
129 180 100
129 180 100
129 180 100
129 180 100
128 180 100
128 180 100
128 180 100
128 180 100
128 180 100
128 180 100
128 180 100
128 180 100
128 180 100
128 180 100
128 180 100
128 180 100
128 180 100
128 180 100
128 180 100
128 180 100
128 180 100
128 180 100
128 180 100
128 180 100
128 180 100
128 180 100
128 180 100
128 180 100
128 180 100
128 180 100
128 180 100
128 180 100
127 180 100
127 180 100
127 180 100
127 180 100
127 180 100
127 180 100
127 180 100
127 180 100
127 180 100
127 180 100
127 180 100
127 180 100
127 180 100
127 180 100
127 180 100
127 180 100
127 180 100
127 180 100
127 180 100
127 180 100
127 180 100
127 180 100
127 180 100
127 180 100
127 180 100
127 180 100
127 180 100
127 180 100
126 180 100
126 180 100
126 180 100
126 180 100
126 180 100
126 180 100
126 180 100
126 180 100
126 180 100
126 180 100
126 180 100
126 180 100
126 180 100
126 180 100
126 180 100
126 180 100
126 180 100
126 180 100
126 180 100
126 180 100
126 180 100
126 180 100
126 180 100
126 180 100
126 180 100
126 180 100
126 180 100
126 180 100
125 180 100
125 180 100
125 180 100
125 180 100
125 180 100
125 180 100
125 180 100
125 180 100
125 180 100
125 180 100
125 180 100
125 180 100
125 180 100
125 180 100
125 180 100
125 180 100
125 180 100
125 180 100
125 180 100
125 180 100
125 180 100
125 180 100
125 180 100
125 180 100
125 180 100
125 180 100
125 180 100
124 180 100
124 180 100
124 180 100
124 180 100
124 180 100
124 180 100
124 180 100
124 180 100
124 180 100
124 180 100
124 180 100
124 180 100
124 180 100
124 180 100
124 180 100
124 180 100
124 180 100
124 180 100
124 180 100
124 180 100
124 180 100
124 180 100
124 180 100
124 180 100
124 180 100
123 180 100
123 180 100
123 180 100
123 180 100
123 180 100
123 180 100
123 180 100
123 180 100
123 180 100
123 180 100
123 180 100
123 180 100
123 180 100
123 180 100
123 180 100
123 180 100
123 180 100
123 180 100
123 180 100
123 180 100
123 180 100
123 180 100
122 180 100
122 180 100
122 180 100
122 180 100
122 180 100
122 180 100
122 180 100
122 180 100
122 180 100
122 180 100
122 180 100
122 180 100
122 180 100
122 180 100
122 180 100
122 180 100
122 180 100
122 180 100
121 180 100
121 180 100
121 180 100
121 180 100
121 180 100
121 180 100
121 180 100
121 180 100
121 180 100
121 180 100
121 180 100
121 180 100
121 180 100
121 180 100
121 180 100
120 180 100
120 180 100
120 180 100
120 180 100
120 180 100
120 180 100
120 180 100
120 180 100
120 180 100
120 180 100
120 180 100
120 180 100
119 180 100
119 180 100
119 180 100
119 180 100
119 180 100
119 180 100
119 180 100
119 180 100
119 180 100
119 180 100
119 180 100
118 180 100
118 180 100
118 180 100
118 180 100
118 180 100
118 180 100
118 180 100
118 180 100
118 180 100
118 180 100
117 180 100
117 180 100
117 180 100
117 180 100
117 180 100
117 180 100
117 180 100
117 180 100
117 180 100
116 180 100
116 180 100
116 180 100
116 180 100
116 180 100
116 180 100
116 180 100
116 180 100
115 180 100
115 180 100
115 180 100
115 180 100
115 180 100
115 180 100
114 180 100
114 180 100
114 180 100
114 180 100
114 180 100
113 180 100
113 180 100
113 180 100
113 180 100
112 180 100
112 180 100
112 180 100
111 180 100
111 180 100
16 18 100
15 18 100
15 19 100
14 19 100
14 20 100
13 20 100
12 20 100
11 20 100
9 20 100
8 20 100
7 20 100
6 20 100
5 20 100
4 20 100
3 20 100
2 20 100
1 20 100
0 21 100
0 22 100
0 23 100
0 24 100
0 25 100
0 26 100
0 27 100
0 28 100
0 29 100
0 31 100
0 32 100
0 33 100
0 34 100
0 35 100
0 36 100
0 37 100
0 38 100
0 39 100
0 41 100
0 42 100
0 43 100
0 44 100
0 45 100
0 46 100
0 47 100
0 48 100
0 49 100
0 51 100
0 52 100
0 53 100
0 54 100
0 55 100
0 56 100
0 57 100
0 58 100
0 59 100
0 61 100
0 62 100
0 63 100
0 64 100
0 65 100
0 66 100
0 67 100
0 68 100
0 69 100
1 70 100
2 70 100
3 70 100
4 70 100
5 70 100
6 70 100
7 70 100
8 70 100
9 70 100
5 143 100
6 143 100
6 142 100
7 142 100
7 141 100
8 141 100
8 140 100
9 140 100
10 139 100
10 138 100
10 137 100
10 136 100
10 135 100
10 134 100
10 133 100
10 132 100
10 131 100
10 129 100
10 128 100
10 127 100
10 126 100
10 125 100
10 124 100
10 123 100
10 122 100
10 121 100
11 120 100
11 119 100
11 119 100
12 119 100
12 119 100
12 118 100
12 118 100
12 118 100
13 118 100
13 118 100
13 118 100
13 118 100
13 117 100
13 117 100
13 117 100
13 117 100
13 117 100
14 117 100
14 117 100
14 117 100
14 117 100
14 117 100
14 117 100
14 117 100
14 116 100
14 116 100
14 116 100
14 116 100
14 116 100
14 116 100
14 116 100
14 116 100
14 116 100
15 116 100
15 116 100
15 116 100
15 116 100
15 116 100
15 116 100
15 116 100
15 116 100
15 116 100
15 116 100
15 115 100
15 115 100
15 115 100
15 115 100
15 115 100
15 115 100
15 115 100
15 115 100
15 115 100
15 115 100
15 115 100
15 115 100
16 115 100
16 115 100
16 115 100
16 115 100
16 115 100
16 115 100
16 115 100
16 115 100
16 115 100
16 115 100
16 115 100
16 115 100
16 114 100
16 114 100
16 114 100
16 114 100
16 114 100
16 114 100
16 114 100
16 114 100
16 114 100
16 114 100
16 114 100
16 114 100
16 114 100
17 114 100
17 114 100
17 114 100
17 114 100
17 114 100
17 114 100
17 114 100
17 114 100
17 114 100
17 114 100
17 114 100
17 114 100
17 113 100
17 113 100
17 113 100
17 113 100
17 113 100
17 113 100
17 113 100
17 113 100
17 113 100
17 113 100
17 113 100
17 113 100
18 113 100
18 113 100
18 113 100
18 113 100
18 113 100
18 113 100
18 113 100
18 113 100
18 113 100
18 113 100
18 113 100
18 112 100
18 112 100
18 112 100
18 112 100
18 112 100
18 112 100
18 112 100
18 112 100
18 112 100
18 112 100
18 112 100
19 112 100
19 112 100
19 112 100
19 112 100
19 112 100
19 112 100
19 112 100
19 112 100
19 112 100
19 112 100
19 111 100
19 111 100
19 111 100
19 111 100
19 111 100
19 111 100
19 111 100
19 111 100
19 111 100
19 111 100
19 111 100
20 111 100
20 111 100
20 111 100
20 111 100
20 111 100
20 111 100
20 111 100
20 111 100
20 111 100
20 111 100
20 110 100
20 110 100
20 110 100
20 110 100
20 110 100
20 110 100
20 110 100
20 110 100
20 110 100
20 110 100
20 110 100
21 110 100
21 110 100
21 110 100
21 110 100
21 110 100
21 110 100
21 110 100
21 110 100
21 110 100
21 110 100
21 110 100
21 110 100
22 110 100
22 110 100
22 110 100
22 110 100
22 110 100
22 110 100
22 110 100
22 110 100
22 110 100
22 110 100
22 110 100
22 110 100
23 110 100
23 110 100
23 110 100
23 110 100
23 110 100
23 110 100
23 110 100
23 110 100
23 110 100
23 110 100
23 110 100
23 110 100
23 110 100
24 110 100
24 110 100
24 110 100
24 110 100
24 110 100
24 110 100
24 110 100
24 110 100
24 110 100
24 110 100
24 110 100
24 110 100
24 110 100
25 110 100
25 110 100
25 110 100
25 110 100
25 110 100
25 110 100
25 110 100
25 110 100
25 110 100
25 110 100
25 110 100
25 110 100
25 110 100
25 110 100
26 110 100
26 110 100
26 110 100
26 110 100
26 110 100
26 110 100
26 110 100
26 110 100
26 110 100
26 110 100
26 110 100
26 110 100
26 110 100
26 110 100
27 110 100
27 110 100
27 110 100
27 110 100
27 110 100
27 110 100
27 110 100
27 110 100
27 110 100
27 110 100
27 110 100
27 110 100
27 110 100
27 110 100
28 110 100
28 110 100
28 110 100
28 110 100
28 110 100
28 110 100
28 110 100
28 110 100
28 110 100
28 110 100
28 110 100
28 110 100
28 110 100
29 110 100
29 110 100
29 110 100
29 110 100
29 110 100
29 110 100
29 110 100
29 110 100
29 110 100
29 110 100
29 110 100
30 110 100
30 110 100
30 110 100
30 110 100
30 110 100
30 110 100
30 110 100
31 110 100
31 110 100
31 110 100
31 110 100
31 110 100
31 110 100
31 110 100
32 110 100
32 110 100
32 110 100
32 110 100
32 110 100
32 110 100
33 110 100
33 110 100
33 110 100
33 110 100
34 110 100
34 110 100
34 110 100
35 110 100
35 110 100
36 110 100
36 110 100
37 110 100
38 110 100
39 110 100
40 109 100
40 108 100
40 107 100
40 106 100
40 105 100
40 104 100
40 103 100
40 102 100
40 101 100
41 100 100
42 100 100
43 100 100
44 100 100
45 100 100
46 100 100
47 100 100
48 100 100
49 100 100
50 99 100
50 98 100
50 97 100
50 96 100
50 95 100
50 94 100
50 93 100
50 92 100
50 91 100
50 89 100
50 88 100
50 87 100
50 86 100
50 85 100
50 85 100
50 84 100
50 84 100
50 83 100
50 83 100
50 82 100
50 82 100
50 81 100
50 81 100
197 20 100
196 20 100
195 20 100
194 20 100
193 20 100
192 20 100
191 20 100
190 21 100
190 22 100
190 23 100
190 24 100
190 25 100
190 26 100
190 27 100
190 28 100
190 29 100
190 31 100
190 32 100
190 33 100
190 34 100
190 35 100
190 36 100
190 37 100
190 38 100
190 39 100
190 41 100
190 42 100
190 42 100
190 43 100
190 43 100
190 44 100
190 44 100
190 44 100
190 45 100
190 45 100
190 45 100
190 45 100
190 46 100
190 46 100
190 46 100
190 46 100
190 46 100
190 46 100
190 47 100
190 47 100
190 47 100
190 47 100
190 47 100
190 47 100
190 47 100
190 48 100
190 48 100
190 48 100
190 48 100
190 48 100
190 48 100
190 48 100
190 48 100
190 48 100
190 49 100
190 49 100
190 49 100
190 49 100
190 49 100
190 49 100
190 49 100
190 49 100
190 49 100
190 49 100
190 50 100
190 50 100
190 50 100
190 50 100
190 50 100
190 50 100
190 50 100
190 50 100
190 50 100
190 50 100
190 51 100
190 51 100
190 51 100
190 51 100
190 51 100
190 51 100
190 51 100
190 51 100
190 51 100
190 51 100
190 51 100
190 51 100
190 52 100
190 52 100
190 52 100
190 52 100
190 52 100
190 52 100
190 52 100
190 52 100
190 52 100
190 52 100
190 52 100
190 52 100
190 52 100
190 53 100
190 53 100
190 53 100
190 53 100
190 53 100
190 53 100
190 53 100
190 53 100
190 53 100
190 53 100
190 53 100
190 53 100
190 53 100
190 53 100
190 54 100
190 54 100
190 54 100
190 54 100
190 54 100
190 54 100
190 54 100
190 54 100
190 54 100
190 54 100
190 54 100
190 54 100
190 54 100
190 54 100
190 54 100
190 55 100
190 55 100
190 55 100
190 55 100
190 55 100
190 55 100
190 55 100
190 55 100
190 55 100
190 55 100
190 55 100
190 55 100
190 55 100
190 55 100
190 55 100
190 56 100
190 56 100
190 56 100
190 56 100
190 56 100
190 56 100
190 56 100
190 56 100
190 56 100
190 56 100
190 56 100
190 56 100
190 56 100
190 56 100
190 56 100
190 57 100
190 57 100
190 57 100
190 57 100
190 57 100
190 57 100
190 57 100
190 57 100
190 57 100
190 57 100
190 57 100
190 57 100
190 57 100
190 57 100
190 57 100
190 57 100
190 58 100
190 58 100
190 58 100
190 58 100
190 58 100
190 58 100
190 58 100
190 58 100
190 58 100
190 58 100
190 58 100
190 58 100
190 58 100
190 58 100
190 58 100
190 58 100
190 58 100
190 59 100
190 59 100
190 59 100
190 59 100
190 59 100
190 59 100
190 59 100
190 59 100
190 59 100
190 59 100
190 59 100
190 59 100
190 59 100
190 59 100
190 59 100
190 59 100
190 59 100
190 59 100
190 59 100
190 60 100
190 60 100
190 60 100
190 60 100
190 60 100
190 60 100
190 60 100
190 60 100
190 60 100
190 60 100
190 60 100
190 60 100
190 60 100
190 60 100
190 60 100
190 60 100
190 60 100
190 60 100
190 60 100
190 61 100
190 61 100
190 61 100
190 61 100
190 61 100
190 61 100
190 61 100
190 61 100
190 61 100
190 61 100
190 61 100
190 61 100
190 61 100
190 61 100
190 61 100
190 61 100
190 61 100
190 61 100
190 61 100
190 61 100
190 61 100
190 61 100
190 62 100
190 62 100
190 62 100
190 62 100
190 62 100
190 62 100
190 62 100
190 62 100
190 62 100
190 62 100
190 62 100
190 62 100
190 62 100
190 62 100
190 62 100
190 62 100
190 62 100
190 62 100
190 62 100
190 62 100
190 62 100
190 62 100
190 62 100
190 62 100
190 63 100
190 63 100
190 63 100
190 63 100
190 63 100
190 63 100
190 63 100
190 63 100
190 63 100
190 63 100
190 63 100
190 63 100
190 63 100
190 63 100
190 63 100
190 63 100
190 63 100
190 63 100
190 63 100
190 63 100
190 63 100
190 63 100
190 63 100
190 63 100
190 64 100
190 64 100
190 64 100
190 64 100
190 64 100
190 64 100
190 64 100
190 64 100
190 64 100
190 64 100
190 64 100
190 64 100
190 64 100
190 64 100
190 64 100
190 64 100
190 64 100
190 64 100
190 64 100
190 64 100
190 64 100
190 64 100
190 64 100
190 64 100
190 65 100
190 65 100
190 65 100
190 65 100
190 65 100
190 65 100
190 65 100
190 65 100
190 65 100
190 65 100
190 65 100
190 65 100
190 65 100
190 65 100
190 65 100
190 65 100
190 65 100
190 65 100
190 65 100
190 65 100
190 65 100
190 65 100
190 65 100
190 65 100
190 66 100
190 66 100
190 66 100
190 66 100
190 66 100
190 66 100
190 66 100
190 66 100
190 66 100
190 66 100
190 66 100
190 66 100
190 66 100
190 66 100
190 66 100
190 66 100
190 66 100
190 66 100
190 66 100
190 66 100
190 66 100
190 66 100
190 66 100
190 67 100
190 67 100
190 67 100
190 67 100
190 67 100
190 67 100
190 67 100
190 67 100
190 67 100
190 67 100
190 67 100
190 67 100
190 67 100
190 67 100
190 67 100
190 67 100
190 67 100
190 67 100
190 67 100
190 67 100
190 67 100
190 67 100
190 68 100
190 68 100
190 68 100
190 68 100
190 68 100
190 68 100
190 68 100
190 68 100
190 68 100
190 68 100
190 68 100
190 68 100
190 68 100
190 68 100
190 68 100
190 68 100
190 68 100
190 68 100
190 68 100
190 69 100
190 69 100
190 69 100
190 69 100
190 69 100
190 69 100
190 69 100
190 69 100
190 69 100
190 69 100
190 69 100
190 69 100
190 69 100
190 69 100
190 69 100
190 70 100
190 70 100
190 70 100
190 70 100
190 70 100
190 70 100
190 70 100
190 70 100
190 70 100
190 70 100
190 71 100
190 71 100
190 71 100
190 71 100
190 71 100
190 71 100
190 71 100
190 71 100
190 72 100
190 72 100
190 72 100
190 72 100
190 72 100
190 72 100
190 73 100
190 73 100
190 73 100
190 73 100
190 74 100
190 74 100
190 74 100
190 75 100
190 75 100
190 76 100
190 76 100
190 77 100
190 77 100
190 78 100
190 78 100
190 79 100
190 79 100
190 81 100
190 82 100
190 83 100
190 84 100
190 85 100
190 86 100
190 87 100
190 88 100
190 89 100
190 91 100
190 92 100
190 93 100
190 94 100
190 95 100
190 96 100
190 97 100
190 98 100
190 99 100
189 100 100
189 101 100
188 101 100
187 101 100
186 101 100
185 101 100
184 101 100
