# score 178992
150 80 100
160 80 100
170 80 100
180 80 100
190 80 100
150 90 100
160 90 100
170 90 100
180 90 100
190 90 100
150 100 100
160 100 100
170 100 100
180 100 100
190 100 100
150 110 100
160 110 100
170 110 100
180 110 100
190 110 100
150 120 100
160 120 100
170 120 100
180 120 100
190 120 100
150 130 100
160 130 100
170 130 100
180 130 100
190 130 100
150 140 100
160 140 100
170 140 100
180 140 100
190 140 100
150 150 100
160 150 100
170 150 100
180 150 100
190 150 100
150 160 100
160 160 100
170 160 100
180 160 100
190 160 100
120 100 100
130 100 100
140 100 100
160 100 100
170 100 100
120 110 100
130 110 100
140 110 100
120 120 100
130 120 100
140 120 100
150 120 100
120 130 100
130 130 100
140 130 100
150 130 100
170 130 100
180 130 100
120 140 100
130 140 100
140 140 100
180 140 100
190 140 100
120 150 100
130 150 100
140 150 100
180 150 100
190 150 100
120 160 100
130 160 100
140 160 100
170 160 100
180 160 100
190 160 100
120 170 100
130 170 100
140 170 100
150 170 100
160 170 100
170 170 100
180 170 100
190 170 100
120 180 100
130 180 100
140 180 100
150 180 100
160 180 100
170 180 100
180 180 100
190 180 100
120 70 100
130 70 100
140 70 100
150 70 100
160 70 100
170 70 100
180 70 100
190 70 100
120 80 100
130 80 100
140 80 100
160 80 100
120 90 100
130 90 100
140 90 100
150 90 100
160 90 100
170 90 100
190 90 100
120 100 100
130 100 100
140 100 100
160 100 100
130 110 100
120 120 100
130 120 100
150 120 100
120 130 100
130 130 100
170 130 100
180 130 100
120 140 100
180 140 100
190 140 100
120 150 100
130 150 100
140 150 100
180 150 100
190 150 100
130 0 100
140 0 100
150 0 100
160 0 100
170 0 100
180 0 100
190 0 100
130 10 100
140 10 100
150 10 100
160 10 100
170 10 100
180 10 100
190 10 100
130 20 100
140 20 100
150 20 100
160 20 100
170 20 100
180 20 100
190 20 100
130 30 100
140 30 100
150 30 100
160 30 100
170 30 100
180 30 100
190 30 100
130 40 100
140 40 100
150 40 100
160 40 100
170 40 100
180 40 100
190 40 100
130 50 100
140 50 100
150 50 100
160 50 100
170 50 100
180 50 100
190 50 100
130 60 100
140 60 100
150 60 100
160 60 100
170 60 100
180 60 100
190 60 100
130 70 100
140 70 100
160 70 100
170 70 100
130 80 100
140 80 100
160 80 100
180 130 100
120 140 100
180 140 100
190 140 100
120 150 100
130 150 100
180 150 100
190 150 100
130 160 100
140 160 100
170 160 100
180 160 100
130 170 100
140 170 100
170 170 100
180 170 100
120 180 100
130 180 100
140 180 100
170 180 100
180 180 100
190 180 100
120 190 100
130 190 100
140 190 100
150 190 100
160 190 100
170 190 100
180 190 100
190 190 100
20 70 100
30 70 100
40 70 100
50 70 100
60 70 100
70 70 100
80 70 100
90 70 100
100 70 100
20 80 100
30 80 100
40 80 100
50 80 100
60 80 100
70 80 100
80 80 100
90 80 100
100 80 100
20 90 100
30 90 100
40 90 100
50 90 100
60 90 100
70 90 100
80 90 100
90 90 100
100 90 100
20 100 100
30 100 100
40 100 100
50 100 100
60 100 100
70 100 100
80 100 100
90 100 100
100 100 100
20 110 100
30 110 100
40 110 100
50 110 100
60 110 100
70 110 100
80 110 100
90 110 100
100 110 100
20 120 100
30 120 100
40 120 100
50 120 100
60 120 100
70 120 100
80 120 100
90 120 100
100 120 100
20 130 100
30 130 100
40 130 100
50 130 100
60 130 100
70 130 100
80 130 100
90 130 100
100 130 100
20 140 100
30 140 100
40 140 100
50 140 100
60 140 100
70 140 100
80 140 100
90 140 100
100 140 100
20 150 100
30 150 100
40 150 100
50 150 100
60 150 100
70 150 100
80 150 100
90 150 100
100 150 100
30 110 100
50 110 100
60 110 100
110 110 100
40 120 100
50 120 100
60 120 100
110 120 100
40 130 100
50 130 100
60 130 100
90 130 100
100 130 100
110 130 100
40 140 100
50 140 100
60 140 100
90 140 100
100 140 100
110 140 100
30 150 100
40 150 100
50 150 100
60 150 100
90 150 100
100 150 100
110 150 100
30 160 100
40 160 100
50 160 100
60 160 100
70 160 100
80 160 100
90 160 100
100 160 100
110 160 100
30 170 100
40 170 100
50 170 100
60 170 100
70 170 100
80 170 100
90 170 100
100 170 100
110 170 100
30 180 100
40 180 100
50 180 100
60 180 100
70 180 100
80 180 100
90 180 100
100 180 100
110 180 100
30 190 100
40 190 100
50 190 100
60 190 100
70 190 100
80 190 100
90 190 100
100 190 100
110 190 100
0 130 100
10 130 100
50 130 100
60 130 100
0 140 100
10 140 100
40 140 100
50 140 100
60 140 100
0 150 100
10 150 100
20 150 100
40 150 100
50 150 100
0 160 100
10 160 100
20 160 100
50 160 100
60 160 100
0 170 100
10 170 100
20 170 100
50 170 100
60 170 100
0 180 100
10 180 100
20 180 100
40 180 100
50 180 100
60 180 100
0 190 100
10 190 100
20 190 100
30 190 100
40 190 100
50 190 100
60 190 100
90 150 100
100 150 100
120 150 100
130 150 100
130 160 100
140 160 100
90 170 100
100 170 100
130 170 100
140 170 100
100 180 100
120 180 100
130 180 100
140 180 100
120 190 100
130 190 100
140 190 100
20 0 100
30 0 100
40 0 100
50 0 100
60 0 100
70 0 100
80 0 100
90 0 100
100 0 100
20 10 100
30 10 100
40 10 100
50 10 100
60 10 100
70 10 100
80 10 100
90 10 100
100 10 100
20 20 100
30 20 100
40 20 100
50 20 100
60 20 100
70 20 100
80 20 100
90 20 100
100 20 100
20 30 100
30 30 100
40 30 100
50 30 100
60 30 100
70 30 100
80 30 100
90 30 100
100 30 100
20 40 100
30 40 100
40 40 100
50 40 100
60 40 100
70 40 100
80 40 100
90 40 100
100 40 100
20 50 100
30 50 100
40 50 100
50 50 100
60 50 100
70 50 100
80 50 100
90 50 100
100 50 100
20 60 100
30 60 100
40 60 100
50 60 100
60 60 100
70 60 100
80 60 100
90 60 100
100 60 100
30 70 100
70 70 100
100 70 100
30 80 100
80 80 100
90 80 100
100 80 100
40 0 100
50 0 100
100 0 100
110 0 100
120 0 100
40 10 100
50 10 100
60 10 100
110 10 100
120 10 100
40 20 100
50 20 100
70 20 100
100 20 100
110 20 100
120 20 100
70 30 100
90 30 100
100 30 100
110 30 100
120 30 100
40 40 100
50 40 100
70 40 100
80 40 100
110 40 100
120 40 100
70 50 100
80 50 100
90 50 100
110 50 100
120 50 100
70 60 100
80 60 100
90 60 100
100 60 100
110 60 100
120 60 100
0 100 100
10 100 100
20 100 100
30 100 100
60 100 100
0 110 100
10 110 100
20 110 100
30 110 100
50 110 100
60 110 100
0 120 100
10 120 100
40 120 100
50 120 100
0 130 100
50 130 100
60 130 100
50 140 100
60 140 100
40 150 100
50 150 100
0 160 100
10 160 100
20 160 100
50 160 100
60 160 100
20 170 100
50 170 100
60 170 100
10 180 100
20 180 100
40 180 100
50 180 100
60 180 100
100 0 100
110 0 100
120 0 100
130 0 100
140 0 100
110 10 100
120 10 100
130 10 100
140 10 100
100 20 100
120 20 100
130 20 100
140 20 100
90 30 100
100 30 100
130 30 100
140 30 100
80 40 100
150 40 100
160 40 100
80 50 100
110 50 100
140 50 100
150 50 100
160 50 100
80 60 100
90 60 100
110 60 100
120 60 100
130 60 100
140 60 100
150 60 100
160 60 100
110 70 100
120 70 100
130 70 100
160 70 100
170 41 100
171 40 100
172 40 100
173 40 100
174 40 100
175 40 100
176 40 100
177 40 100
178 40 100
179 40 100
180 41 100
180 42 100
180 43 100
180 44 100
180 45 100
180 46 100
180 47 100
180 48 100
180 49 100
180 51 100
180 52 100
180 53 100
180 54 100
180 55 100
180 56 100
180 57 100
180 58 100
180 59 100
180 61 100
180 62 100
180 63 100
180 64 100
180 65 100
180 66 100
180 67 100
180 68 100
180 69 100
180 71 100
180 72 100
180 73 100
180 74 100
180 75 100
180 76 100
180 77 100
180 78 100
180 79 100
180 81 100
180 82 100
180 83 100
180 84 100
180 85 100
180 86 100
180 87 100
180 88 100
180 89 100
180 91 100
180 92 100
180 93 100
180 94 100
180 95 100
180 96 100
180 97 100
180 98 100
180 99 100
179 100 100
178 100 100
177 100 100
176 100 100
175 100 100
174 100 100
173 100 100
172 100 100
171 100 100
171 100 100
170 101 100
170 102 100
170 103 100
170 104 100
170 105 100
170 106 100
170 107 100
170 108 100
170 109 100
169 110 100
169 111 100
168 111 100
168 112 100
167 112 100
167 113 100
166 113 100
166 114 100
168 179 100
167 179 100
167 180 100
166 180 100
165 180 100
164 180 100
163 180 100
162 180 100
161 180 100
160 179 100
160 178 100
160 177 100
160 176 100
160 175 100
160 174 100
160 173 100
160 172 100
160 171 100
160 169 100
160 168 100
160 167 100
160 166 100
160 165 100
160 164 100
160 163 100
160 162 100
160 161 100
160 159 100
160 158 100
160 157 100
160 156 100
160 155 100
160 154 100
160 153 100
160 152 100
160 151 100
161 150 100
162 150 100
163 150 100
164 150 100
165 150 100
166 150 100
167 150 100
168 150 100
169 150 100
169 149 100
169 148 100
169 147 100
169 146 100
169 145 100
68 112 100
69 112 100
69 113 100
70 113 100
70 114 100
70 115 100
70 116 100
70 117 100
70 118 100
70 119 100
70 121 100
70 122 100
70 123 100
70 124 100
70 125 100
70 126 100
70 127 100
70 128 100
70 129 100
70 131 100
70 132 100
70 133 100
70 134 100
70 135 100
70 136 100
70 137 100
70 138 100
70 139 100
70 141 100
70 142 100
70 143 100
70 144 100
70 145 100
70 146 100
70 147 100
70 148 100
70 149 100
71 150 100
71 151 100
72 151 100
73 151 100
74 151 100
75 151 100
76 151 100
77 151 100
78 151 100
79 151 100
79 150 100
80 151 100
80 152 100
80 153 100
80 154 100
80 155 100
80 156 100
80 157 100
80 158 100
80 159 100
81 160 100
82 160 100
83 160 100
84 160 100
85 160 100
86 160 100
87 160 100
88 160 100
89 160 100
91 160 100
92 160 100
93 160 100
94 160 100
95 160 100
95 160 100
96 160 100
96 160 100
97 160 100
97 160 100
98 160 100
98 160 100
99 160 100
99 160 100
101 160 100
102 160 100
103 160 100
104 160 100
105 160 100
106 160 100
107 160 100
108 160 100
109 160 100
110 159 100
110 158 100
110 157 100
110 156 100
110 155 100
110 154 100
110 153 100
110 152 100
110 151 100
110 149 100
110 148 100
110 147 100
110 146 100
110 145 100
110 144 100
110 143 100
110 142 100
110 141 100
111 140 100
112 140 100
113 140 100
114 140 100
115 140 100
116 140 100
117 140 100
118 140 100
118 140 100
119 140 100
119 140 100
121 140 100
121 140 100
121 140 100
121 140 100
122 140 100
122 140 100
122 140 100
122 140 100
123 140 100
123 140 100
123 140 100
123 140 100
123 140 100
124 140 100
124 140 100
124 140 100
124 140 100
124 140 100
125 140 100
125 140 100
125 140 100
125 140 100
125 140 100
126 140 100
126 140 100
126 140 100
126 140 100
127 140 100
127 140 100
127 140 100
128 140 100
128 140 100
129 140 100
131 140 100
132 140 100
133 140 100
134 140 100
135 140 100
136 140 100
137 140 100
138 140 100
139 140 100
140 141 100
140 142 100
140 143 100
140 144 100
140 145 100
140 146 100
140 147 100
140 148 100
140 149 100
141 150 100
142 150 100
143 150 100
144 150 100
145 150 100
146 150 100
147 150 100
148 150 100
149 150 100
151 150 100
152 150 100
153 150 100
154 150 100
155 150 100
156 150 100
157 150 100
158 150 100
159 150 100
29 178 100
30 178 100
30 177 100
30 176 100
30 175 100
30 174 100
30 173 100
30 172 100
30 171 100
30 169 100
30 168 100
30 167 100
30 166 100
30 165 100
30 164 100
30 163 100
30 162 100
30 161 100
30 159 100
30 158 100
30 157 100
30 156 100
30 155 100
30 154 100
30 153 100
30 152 100
30 151 100
30 151 100
30 149 100
30 149 100
30 148 100
30 148 100
30 147 100
30 146 100
30 145 100
30 144 100
30 143 100
30 142 100
30 141 100
30 139 100
30 138 100
30 137 100
30 136 100
30 135 100
30 134 100
30 133 100
30 132 100
30 131 100
30 129 100
30 128 100
30 127 100
30 126 100
30 125 100
30 124 100
30 123 100
30 122 100
30 121 100
31 120 100
32 120 100
33 120 100
34 120 100
35 120 100
36 120 100
37 120 100
38 120 100
38 120 100
39 120 100
39 120 100
40 119 100
40 119 100
40 118 100
40 118 100
40 117 100
40 117 100
40 116 100
40 116 100
40 115 100
40 115 100
40 114 100
40 113 100
40 112 100
40 111 100
40 109 100
40 108 100
40 107 100
40 106 100
40 105 100
40 104 100
40 103 100
40 102 100
40 101 100
41 100 100
42 100 100
43 100 100
44 100 100
45 100 100
46 100 100
47 100 100
48 100 100
49 100 100
50 99 100
50 98 100
50 97 100
50 96 100
50 95 100
50 94 100
50 93 100
50 92 100
50 91 100
51 90 100
52 90 100
53 90 100
54 90 100
55 90 100
56 90 100
57 90 100
58 90 100
59 90 100
61 90 100
62 90 100
63 90 100
64 90 100
65 90 100
66 90 100
67 90 100
68 90 100
69 90 100
70 91 100
70 92 100
70 93 100
70 94 100
70 95 100
70 96 100
70 97 100
70 98 100
70 99 100
70 101 100
70 102 100
70 103 100
70 104 100
70 105 100
70 106 100
70 107 100
70 108 100
70 109 100
69 110 100
69 111 100
68 111 100
110 191 100
110 189 100
110 188 100
110 187 100
110 186 100
110 185 100
110 184 100
110 183 100
110 182 100
110 181 100
110 179 100
110 178 100
110 177 100
110 176 100
110 175 100
110 174 100
110 173 100
110 172 100
110 171 100
110 169 100
110 168 100
110 167 100
110 166 100
110 165 100
110 164 100
110 163 100
110 162 100
110 161 100
60 47 100
60 48 100
60 49 100
60 51 100
60 52 100
60 53 100
60 54 100
60 55 100
60 56 100
60 57 100
60 58 100
60 59 100
60 61 100
60 62 100
60 63 100
60 64 100
60 65 100
60 65 100
60 66 100
60 66 100
60 67 100
60 67 100
60 68 100
60 68 100
60 69 100
60 69 100
60 71 100
60 72 100
60 73 100
60 74 100
60 75 100
60 76 100
60 77 100
60 78 100
60 79 100
60 81 100
60 82 100
60 83 100
60 84 100
60 85 100
60 86 100
60 87 100
60 88 100
60 89 100
88 21 100
87 21 100
87 20 100
86 20 100
85 20 100
84 20 100
83 20 100
82 20 100
81 20 100
80 19 100
80 18 100
80 17 100
80 16 100
80 15 100
80 14 100
80 13 100
80 12 100
80 11 100
79 10 100
78 10 100
77 10 100
76 10 100
75 10 100
74 10 100
73 10 100
72 10 100
71 10 100
69 10 100
69 10 100
68 10 100
68 10 100
67 10 100
67 10 100
67 10 100
66 10 100
66 10 100
66 10 100
66 10 100
65 10 100
65 10 100
65 10 100
65 10 100
64 10 100
64 10 100
64 10 100
64 10 100
63 10 100
63 10 100
63 10 100
62 10 100
62 10 100
62 10 100
61 10 100
61 10 100
60 11 100
60 11 100
60 12 100
60 12 100
60 13 100
60 13 100
60 14 100
60 14 100
60 15 100
60 15 100
60 16 100
60 16 100
60 17 100
60 17 100
60 18 100
60 18 100
60 19 100
60 21 100
60 22 100
60 23 100
60 24 100
60 25 100
60 26 100
60 27 100
60 28 100
60 29 100
60 31 100
60 32 100
60 33 100
60 34 100
60 35 100
60 36 100
60 37 100
60 38 100
60 39 100
60 41 100
60 42 100
60 43 100
60 44 100
60 45 100
60 46 100
29 141 100
124 36 100
125 36 100
125 37 100
126 37 100
126 38 100
127 38 100
127 39 100
128 39 100
128 40 100
129 40 100
131 40 100
132 40 100
133 40 100
134 40 100
135 40 100
136 40 100
137 40 100
138 40 100
139 40 100
140 41 100
140 42 100
140 43 100
140 44 100
140 45 100
140 46 100
140 47 100
140 48 100
140 49 100
140 49 100
140 51 100
140 51 100
140 52 100
140 52 100
140 53 100
140 53 100
140 54 100
140 54 100
140 55 100
140 55 100
140 56 100
140 56 100
140 57 100
140 57 100
140 58 100
140 58 100
140 59 100
140 59 100
140 61 100
140 61 100
140 62 100
140 63 100
140 64 100
140 65 100
140 66 100
140 67 100
140 68 100
140 69 100
140 69 100
141 70 100
141 70 100
142 70 100
143 70 100
144 70 100
145 70 100
146 70 100
147 70 100
148 70 100
149 70 100
150 71 100
150 72 100
150 73 100
150 74 100
150 75 100
150 76 100
150 77 100
150 78 100
150 79 100
151 80 100
152 80 100
153 80 100
154 80 100
155 80 100
156 80 100
156 80 100
157 80 100
157 80 100
158 80 100
158 80 100
159 80 100
159 80 100
159 80 100
161 80 100
161 80 100
161 80 100
162 80 100
162 80 100
163 80 100
163 80 100
164 80 100
164 80 100
165 80 100
166 80 100
167 80 100
168 80 100
169 80 100
171 80 100
172 80 100
173 80 100
174 80 100
175 80 100
176 80 100
177 80 100
178 80 100
179 80 100
