# score 128232
150 120 100
160 120 100
170 120 100
180 120 100
190 120 100
150 130 100
160 130 100
170 130 100
180 130 100
190 130 100
150 140 100
160 140 100
170 140 100
180 140 100
190 140 100
150 150 100
160 150 100
170 150 100
180 150 100
190 150 100
150 160 100
160 160 100
170 160 100
180 160 100
190 160 100
150 170 100
160 170 100
170 170 100
180 170 100
190 170 100
150 180 100
160 180 100
170 180 100
180 180 100
190 180 100
150 190 100
160 190 100
170 190 100
180 190 100
190 190 100
40 0 100
50 0 100
60 0 100
70 0 100
80 0 100
90 0 100
100 0 100
110 0 100
120 0 100
40 10 100
50 10 100
60 10 100
70 10 100
80 10 100
90 10 100
100 10 100
110 10 100
120 10 100
40 20 100
50 20 100
60 20 100
70 20 100
80 20 100
90 20 100
100 20 100
110 20 100
120 20 100
40 30 100
50 30 100
60 30 100
70 30 100
80 30 100
90 30 100
100 30 100
110 30 100
120 30 100
40 40 100
50 40 100
60 40 100
70 40 100
80 40 100
90 40 100
100 40 100
110 40 100
120 40 100
40 50 100
50 50 100
60 50 100
70 50 100
80 50 100
90 50 100
100 50 100
110 50 100
120 50 100
40 60 100
50 60 100
60 60 100
70 60 100
80 60 100
90 60 100
100 60 100
110 60 100
120 60 100
0 40 100
10 40 100
20 40 100
30 40 100
0 50 100
10 50 100
20 50 100
30 50 100
40 50 100
0 60 100
10 60 100
20 60 100
30 60 100
40 60 100
0 70 100
10 70 100
20 70 100
30 70 100
40 70 100
0 80 100
10 80 100
20 80 100
30 80 100
40 80 100
0 90 100
10 90 100
20 90 100
30 90 100
40 90 100
0 100 100
10 100 100
20 100 100
30 100 100
40 100 100
0 110 100
10 110 100
20 110 100
30 110 100
40 110 100
0 120 100
10 120 100
20 120 100
30 120 100
40 120 100
0 0 100
10 0 100
20 0 100
30 0 100
0 10 100
10 10 100
20 10 100
30 10 100
0 20 100
10 20 100
20 20 100
30 20 100
0 30 100
10 30 100
20 30 100
30 30 100
0 40 100
10 40 100
20 40 100
30 40 100
100 0 100
110 0 100
120 0 100
130 0 100
140 0 100
150 0 100
160 0 100
100 10 100
110 10 100
120 10 100
130 10 100
140 10 100
150 10 100
160 10 100
130 20 100
140 20 100
150 20 100
160 20 100
110 30 100
120 30 100
130 30 100
140 30 100
150 30 100
160 30 100
100 40 100
110 40 100
130 40 100
140 40 100
150 40 100
160 40 100
90 50 100
100 50 100
110 50 100
120 50 100
130 50 100
140 50 100
150 50 100
160 50 100
80 60 100
90 60 100
100 60 100
110 60 100
120 60 100
130 60 100
140 60 100
150 60 100
160 60 100
80 70 100
90 70 100
100 70 100
110 70 100
120 70 100
130 70 100
140 70 100
150 70 100
160 70 100
30 110 100
50 110 100
60 110 100
70 110 100
80 110 100
90 110 100
100 110 100
110 110 100
30 120 100
40 120 100
50 120 100
60 120 100
70 120 100
80 120 100
90 120 100
100 120 100
110 120 100
30 130 100
40 130 100
50 130 100
60 130 100
70 130 100
80 130 100
90 130 100
100 130 100
110 130 100
30 140 100
40 140 100
50 140 100
60 140 100
70 140 100
80 140 100
90 140 100
100 140 100
110 140 100
30 150 100
40 150 100
50 150 100
60 150 100
70 150 100
80 150 100
90 150 100
100 150 100
110 150 100
30 160 100
40 160 100
50 160 100
60 160 100
70 160 100
80 160 100
90 160 100
100 160 100
110 160 100
30 170 100
40 170 100
50 170 100
60 170 100
70 170 100
80 170 100
90 170 100
100 170 100
110 170 100
30 180 100
40 180 100
50 180 100
60 180 100
70 180 100
80 180 100
90 180 100
100 180 100
110 180 100
30 190 100
40 190 100
50 190 100
60 190 100
70 190 100
80 190 100
90 190 100
100 190 100
110 190 100
20 90 100
30 90 100
40 90 100
50 90 100
60 90 100
70 90 100
80 90 100
90 90 100
100 90 100
20 100 100
30 100 100
40 100 100
50 100 100
60 100 100
70 100 100
80 100 100
90 100 100
100 100 100
20 110 100
50 110 100
100 110 100
20 120 100
30 120 100
20 130 100
20 140 100
30 140 100
40 140 100
20 150 100
30 150 100
40 150 100
20 160 100
30 160 100
40 160 100
50 160 100
60 160 100
20 170 100
30 170 100
40 170 100
50 170 100
60 170 100
70 170 100
50 80 100
60 80 100
70 80 100
80 80 100
90 80 100
100 80 100
110 80 100
120 80 100
130 80 100
50 90 100
70 90 100
80 90 100
90 90 100
100 90 100
110 90 100
120 90 100
130 90 100
50 100 100
90 100 100
100 100 100
110 100 100
120 100 100
130 100 100
110 110 100
120 110 100
130 110 100
110 120 100
120 120 100
130 120 100
120 130 100
130 130 100
120 140 100
130 140 100
120 150 100
130 150 100
120 160 100
130 160 100
130 10 100
140 10 100
150 10 100
160 10 100
170 10 100
180 10 100
190 10 100
130 20 100
160 20 100
170 20 100
180 20 100
190 20 100
170 30 100
180 30 100
190 30 100
130 40 100
170 40 100
180 40 100
190 40 100
120 50 100
130 50 100
160 50 100
170 50 100
180 50 100
190 50 100
120 60 100
130 60 100
150 60 100
160 60 100
170 60 100
180 60 100
190 60 100
120 70 100
130 70 100
140 70 100
160 70 100
170 70 100
180 70 100
190 70 100
120 80 100
130 80 100
140 80 100
150 80 100
160 80 100
170 80 100
180 80 100
190 80 100
120 90 100
130 90 100
140 90 100
150 90 100
160 90 100
170 90 100
180 90 100
190 90 100
100 10 100
20 40 100
20 50 100
30 50 100
50 50 100
90 50 100
100 50 100
20 60 100
30 60 100
40 60 100
50 60 100
90 60 100
100 60 100
20 70 100
30 70 100
40 70 100
50 70 100
60 70 100
70 70 100
80 70 100
90 70 100
100 70 100
20 80 100
30 80 100
40 80 100
50 80 100
60 80 100
70 80 100
80 80 100
90 80 100
100 80 100
130 140 100
50 170 100
60 170 100
120 170 100
130 170 100
50 180 100
60 180 100
70 180 100
80 180 100
120 180 100
130 180 100
50 190 100
60 190 100
70 190 100
80 190 100
90 190 100
100 190 100
110 190 100
120 190 100
130 190 100
140 150 100
150 150 100
160 150 100
170 150 100
140 160 100
160 160 100
140 170 100
150 170 100
160 170 100
140 180 100
150 180 100
140 190 100
5 81 100
5 81 100
4 81 100
4 80 100
4 80 100
3 80 100
3 80 100
2 80 100
2 80 100
1 80 100
1 80 100
0 79 100
0 79 100
0 78 100
0 78 100
0 77 100
0 77 100
0 77 100
0 76 100
0 76 100
0 76 100
0 76 100
0 75 100
0 75 100
0 75 100
0 75 100
0 74 100
0 74 100
0 74 100
0 74 100
0 74 100
0 73 100
0 73 100
0 73 100
0 73 100
0 73 100
0 72 100
0 72 100
0 72 100
0 72 100
0 72 100
0 71 100
0 71 100
0 71 100
0 71 100
0 71 100
0 70 100
0 70 100
0 70 100
0 69 100
0 69 100
0 69 100
0 68 100
0 68 100
0 68 100
0 67 100
0 67 100
0 67 100
0 66 100
0 66 100
0 65 100
0 65 100
0 64 100
0 64 100
0 63 100
0 63 100
0 63 100
0 62 100
0 62 100
0 62 100
0 61 100
0 61 100
0 61 100
0 60 100
0 60 100
0 60 100
0 59 100
0 59 100
0 59 100
0 59 100
0 58 100
0 58 100
0 58 100
0 58 100
0 57 100
0 57 100
0 57 100
0 57 100
0 56 100
0 56 100
0 56 100
0 56 100
0 55 100
0 55 100
0 55 100
0 54 100
0 54 100
0 54 100
0 53 100
0 53 100
0 52 100
0 52 100
0 51 100
0 51 100
0 49 100
0 48 100
0 47 100
0 46 100
0 45 100
0 44 100
0 44 100
0 43 100
0 43 100
0 42 100
0 42 100
0 41 100
0 41 100
1 40 100
1 40 100
1 40 100
2 40 100
2 40 100
2 40 100
3 40 100
3 40 100
3 40 100
4 40 100
4 40 100
4 40 100
5 40 100
5 40 100
5 40 100
6 40 100
6 40 100
6 40 100
7 40 100
7 40 100
7 40 100
8 40 100
8 40 100
9 40 100
9 40 100
11 40 100
11 40 100
12 40 100
12 40 100
13 40 100
13 40 100
14 40 100
14 40 100
15 40 100
15 40 100
16 40 100
16 40 100
17 40 100
17 40 100
17 40 100
18 40 100
18 40 100
18 40 100
19 40 100
19 40 100
19 40 100
21 40 100
21 40 100
21 40 100
21 40 100
22 40 100
22 40 100
22 40 100
23 40 100
23 40 100
23 40 100
24 40 100
24 40 100
24 40 100
25 40 100
25 40 100
26 40 100
26 40 100
27 40 100
27 40 100
28 40 100
28 40 100
29 40 100
29 40 100
31 40 100
31 40 100
32 40 100
32 40 100
33 40 100
33 40 100
34 40 100
34 40 100
35 40 100
35 40 100
36 40 100
37 40 100
38 40 100
39 40 100
41 40 100
42 40 100
43 40 100
44 40 100
45 40 100
46 40 100
47 40 100
48 40 100
49 40 100
51 40 100
52 40 100
53 40 100
54 40 100
55 40 100
56 40 100
57 40 100
58 40 100
59 40 100
61 40 100
62 40 100
63 40 100
64 40 100
65 40 100
66 40 100
67 40 100
68 40 100
69 40 100
71 40 100
72 40 100
73 40 100
74 40 100
75 40 100
76 40 100
77 40 100
78 40 100
79 40 100
80 39 100
80 38 100
80 37 100
80 36 100
80 35 100
80 34 100
80 33 100
80 32 100
80 31 100
81 30 100
82 30 100
83 30 100
84 30 100
85 30 100
86 30 100
87 30 100
88 30 100
89 30 100
89 29 100
88 29 100
88 28 100
87 28 100
87 27 100
87 26 100
19 9 100
20 9 100
20 11 100
20 12 100
20 13 100
20 14 100
20 15 100
20 16 100
20 17 100
20 18 100
20 19 100
20 21 100
20 22 100
20 23 100
20 24 100
20 25 100
20 26 100
20 27 100
20 28 100
20 29 100
20 31 100
20 32 100
20 33 100
20 34 100
20 35 100
20 36 100
20 36 100
20 37 100
20 37 100
20 38 100
20 38 100
20 39 100
20 39 100
20 39 100
121 32 100
121 32 100
120 32 100
120 32 100
120 31 100
120 31 100
119 30 100
119 30 100
119 30 100
118 30 100
118 30 100
118 30 100
117 30 100
117 30 100
117 30 100
116 30 100
116 30 100
116 30 100
116 30 100
115 30 100
115 30 100
115 30 100
115 30 100
114 30 100
114 30 100
114 30 100
114 30 100
113 30 100
113 30 100
113 30 100
113 30 100
112 30 100
112 30 100
112 30 100
111 30 100
111 30 100
111 30 100
109 30 100
109 30 100
108 30 100
108 30 100
107 30 100
107 30 100
106 30 100
106 30 100
105 30 100
105 30 100
104 30 100
104 30 100
103 30 100
103 30 100
102 30 100
102 30 100
101 30 100
101 30 100
99 30 100
98 30 100
97 30 100
96 30 100
95 30 100
94 30 100
93 30 100
92 30 100
91 30 100
76 156 100
77 156 100
77 155 100
78 155 100
78 154 100
79 154 100
79 153 100
80 153 100
80 152 100
80 151 100
80 149 100
80 148 100
80 147 100
80 146 100
80 145 100
80 144 100
80 143 100
80 142 100
80 141 100
80 139 100
80 138 100
80 137 100
80 136 100
80 135 100
80 134 100
80 133 100
80 132 100
80 131 100
80 129 100
80 128 100
80 127 100
80 126 100
80 125 100
80 124 100
80 123 100
80 122 100
80 121 100
80 119 100
80 118 100
80 117 100
80 116 100
80 115 100
80 114 100
80 113 100
80 112 100
80 111 100
79 110 100
78 110 100
77 110 100
76 110 100
75 110 100
74 110 100
73 110 100
72 110 100
71 110 100
70 109 100
70 108 100
70 107 100
70 106 100
70 105 100
70 104 100
70 103 100
70 102 100
70 101 100
70 99 100
70 98 100
70 97 100
70 96 100
70 95 100
70 95 100
70 94 100
70 94 100
70 93 100
70 93 100
70 92 100
70 92 100
70 91 100
70 91 100
70 89 100
70 89 100
70 88 100
70 87 100
70 86 100
70 85 100
70 84 100
70 83 100
70 83 100
70 82 100
70 82 100
70 81 100
70 81 100
70 79 100
70 79 100
70 78 100
70 78 100
70 77 100
70 77 100
70 76 100
70 76 100
70 75 100
70 75 100
70 74 100
70 74 100
70 73 100
70 73 100
70 72 100
70 72 100
70 71 100
70 71 100
70 70 100
70 69 100
70 69 100
70 68 100
70 68 100
70 67 100
70 67 100
70 66 100
70 66 100
70 65 100
70 65 100
70 64 100
70 64 100
70 63 100
70 63 100
70 62 100
70 61 100
70 59 100
70 58 100
70 57 100
70 56 100
70 55 100
70 54 100
70 53 100
70 52 100
70 51 100
70 49 100
70 48 100
70 47 100
70 46 100
70 45 100
70 44 100
70 43 100
70 42 100
70 41 100
62 132 100
63 132 100
63 131 100
64 131 100
64 130 100
65 130 100
66 130 100
67 130 100
68 130 100
69 130 100
71 130 100
72 130 100
73 130 100
74 130 100
75 130 100
76 130 100
77 130 100
78 130 100
79 130 100
98 127 100
99 127 100
99 128 100
100 128 100
100 129 100
99 130 100
98 130 100
97 130 100
96 130 100
95 130 100
94 130 100
93 130 100
92 130 100
91 130 100
89 130 100
88 130 100
87 130 100
86 130 100
85 130 100
84 130 100
83 130 100
82 130 100
81 130 100
169 58 100
169 58 100
170 58 100
170 58 100
170 57 100
170 57 100
170 56 100
170 56 100
170 55 100
170 54 100
170 53 100
170 52 100
170 51 100
169 50 100
168 50 100
167 50 100
166 50 100
165 50 100
164 50 100
164 50 100
163 50 100
163 50 100
162 50 100
162 50 100
161 50 100
161 50 100
159 50 100
158 50 100
157 50 100
156 50 100
155 50 100
154 50 100
153 50 100
152 50 100
151 50 100
149 50 100
148 50 100
147 50 100
146 50 100
145 50 100
144 50 100
143 50 100
142 50 100
141 50 100
139 50 100
138 50 100
137 50 100
136 50 100
136 50 100
135 50 100
135 50 100
134 50 100
134 50 100
133 50 100
133 50 100
132 50 100
132 50 100
131 50 100
131 50 100
129 50 100
129 50 100
128 50 100
128 50 100
127 50 100
127 50 100
126 50 100
126 50 100
125 50 100
125 50 100
124 50 100
124 50 100
123 50 100
123 50 100
122 50 100
122 50 100
121 50 100
121 50 100
120 49 100
120 49 100
120 48 100
120 48 100
120 47 100
120 47 100
120 46 100
120 45 100
120 44 100
120 43 100
120 42 100
120 41 100
121 40 100
121 39 100
121 38 100
121 37 100
121 36 100
121 35 100
121 35 100
121 34 100
121 34 100
121 33 100
121 33 100
64 45 100
63 45 100
63 44 100
62 44 100
62 43 100
61 43 100
61 42 100
60 42 100
60 41 100
92 182 100
91 182 100
91 181 100
90 181 100
90 179 100
90 178 100
90 177 100
90 176 100
90 175 100
90 174 100
90 173 100
90 172 100
90 171 100
89 170 100
88 170 100
87 170 100
86 170 100
85 170 100
84 170 100
83 170 100
82 170 100
81 170 100
80 169 100
80 168 100
80 167 100
80 166 100
80 165 100
80 164 100
80 163 100
80 162 100
80 161 100
79 160 100
79 159 100
78 159 100
78 158 100
77 158 100
77 157 100
76 157 100
183 194 100
182 194 100
182 193 100
181 193 100
181 192 100
180 192 100
180 191 100
180 189 100
180 188 100
180 187 100
180 186 100
180 185 100
180 184 100
180 183 100
180 182 100
180 181 100
180 179 100
180 178 100
180 177 100
180 176 100
180 175 100
180 174 100
180 173 100
180 172 100
180 171 100
181 170 100
182 170 100
183 170 100
184 170 100
185 170 100
186 170 100
187 170 100
188 170 100
189 170 100
191 170 100
191 169 100
192 169 100
192 168 100
193 168 100
193 167 100
194 167 100
194 166 100
195 166 100
