# score 201798
0 0 100
10 0 100
20 0 100
30 0 100
40 0 100
0 10 100
10 10 100
20 10 100
30 10 100
40 10 100
0 20 100
10 20 100
20 20 100
30 20 100
40 20 100
0 30 100
10 30 100
20 30 100
30 30 100
40 30 100
0 40 100
10 40 100
20 40 100
30 40 100
40 40 100
0 50 100
10 50 100
20 50 100
30 50 100
40 50 100
0 60 100
10 60 100
20 60 100
30 60 100
40 60 100
120 50 100
130 50 100
140 50 100
150 50 100
160 50 100
170 50 100
180 50 100
190 50 100
120 60 100
130 60 100
140 60 100
150 60 100
160 60 100
170 60 100
180 60 100
190 60 100
120 70 100
130 70 100
140 70 100
150 70 100
160 70 100
170 70 100
180 70 100
190 70 100
120 80 100
130 80 100
140 80 100
150 80 100
160 80 100
170 80 100
180 80 100
190 80 100
120 90 100
130 90 100
140 90 100
150 90 100
160 90 100
170 90 100
180 90 100
190 90 100
120 100 100
130 100 100
140 100 100
150 100 100
160 100 100
170 100 100
180 100 100
190 100 100
120 110 100
130 110 100
140 110 100
150 110 100
160 110 100
170 110 100
180 110 100
190 110 100
120 120 100
130 120 100
140 120 100
150 120 100
160 120 100
170 120 100
180 120 100
190 120 100
120 130 100
130 130 100
140 130 100
150 130 100
160 130 100
170 130 100
180 130 100
190 130 100
50 40 100
60 40 100
70 40 100
80 40 100
90 40 100
100 40 100
110 40 100
120 40 100
130 40 100
50 50 100
60 50 100
70 50 100
80 50 100
90 50 100
100 50 100
110 50 100
120 50 100
130 50 100
50 60 100
60 60 100
70 60 100
80 60 100
90 60 100
100 60 100
110 60 100
120 60 100
130 60 100
50 70 100
60 70 100
70 70 100
80 70 100
90 70 100
100 70 100
110 70 100
120 70 100
130 70 100
50 80 100
60 80 100
70 80 100
80 80 100
90 80 100
100 80 100
110 80 100
120 80 100
50 90 100
60 90 100
70 90 100
80 90 100
90 90 100
100 90 100
110 90 100
50 100 100
60 100 100
70 100 100
80 100 100
90 100 100
100 100 100
110 100 100
120 100 100
50 110 100
60 110 100
70 110 100
80 110 100
90 110 100
100 110 100
110 110 100
120 110 100
130 110 100
50 120 100
60 120 100
70 120 100
80 120 100
90 120 100
100 120 100
110 120 100
120 120 100
130 120 100
0 130 100
10 130 100
20 130 100
30 130 100
40 130 100
50 130 100
60 130 100
70 130 100
80 130 100
0 140 100
10 140 100
20 140 100
30 140 100
40 140 100
50 140 100
60 140 100
70 140 100
80 140 100
0 150 100
10 150 100
20 150 100
30 150 100
40 150 100
50 150 100
60 150 100
70 150 100
80 150 100
0 160 100
10 160 100
20 160 100
30 160 100
40 160 100
50 160 100
60 160 100
70 160 100
80 160 100
0 170 100
10 170 100
20 170 100
30 170 100
40 170 100
50 170 100
60 170 100
70 170 100
80 170 100
0 180 100
10 180 100
20 180 100
30 180 100
40 180 100
50 180 100
60 180 100
70 180 100
80 180 100
0 190 100
10 190 100
20 190 100
30 190 100
40 190 100
50 190 100
60 190 100
70 190 100
80 190 100
120 130 100
130 130 100
140 130 100
150 130 100
160 130 100
170 130 100
180 130 100
190 130 100
120 140 100
130 140 100
140 140 100
150 140 100
160 140 100
170 140 100
180 140 100
190 140 100
120 150 100
130 150 100
140 150 100
150 150 100
160 150 100
170 150 100
180 150 100
190 150 100
120 160 100
130 160 100
140 160 100
150 160 100
160 160 100
170 160 100
180 160 100
190 160 100
120 170 100
130 170 100
140 170 100
150 170 100
160 170 100
170 170 100
180 170 100
190 170 100
120 180 100
130 180 100
140 180 100
150 180 100
160 180 100
170 180 100
180 180 100
190 180 100
120 190 100
130 190 100
140 190 100
150 190 100
160 190 100
170 190 100
180 190 100
190 190 100
0 90 100
10 90 100
20 90 100
30 90 100
40 90 100
50 90 100
0 100 100
10 100 100
20 100 100
30 100 100
40 100 100
50 100 100
60 100 100
0 110 100
10 110 100
20 110 100
30 110 100
40 110 100
50 110 100
60 110 100
70 110 100
0 120 100
10 120 100
20 120 100
30 120 100
40 120 100
50 120 100
60 120 100
70 120 100
80 120 100
40 130 100
50 130 100
60 130 100
70 130 100
80 130 100
0 140 100
10 140 100
50 140 100
60 140 100
70 140 100
80 140 100
0 150 100
10 150 100
20 150 100
60 150 100
70 150 100
80 150 100
0 160 100
10 160 100
20 160 100
30 160 100
70 160 100
80 160 100
0 170 100
10 170 100
20 170 100
30 170 100
80 170 100
150 0 100
160 0 100
170 0 100
180 0 100
190 0 100
150 10 100
160 10 100
170 10 100
180 10 100
190 10 100
150 20 100
160 20 100
170 20 100
180 20 100
190 20 100
150 30 100
160 30 100
170 30 100
180 30 100
190 30 100
150 40 100
160 40 100
170 40 100
180 40 100
190 40 100
0 80 100
10 80 100
20 80 100
30 80 100
40 80 100
0 90 100
10 90 100
20 90 100
30 90 100
40 90 100
0 100 100
10 100 100
20 100 100
30 100 100
40 100 100
20 110 100
30 110 100
40 110 100
30 120 100
40 120 100
0 140 100
10 140 100
0 150 100
10 150 100
20 150 100
0 160 100
10 160 100
20 160 100
30 160 100
50 50 100
60 50 100
70 50 100
80 50 100
90 50 100
20 60 100
60 60 100
70 60 100
80 60 100
90 60 100
100 60 100
20 70 100
30 70 100
40 70 100
70 70 100
80 70 100
90 70 100
100 70 100
20 80 100
30 80 100
40 80 100
20 90 100
30 90 100
40 90 100
50 90 100
20 100 100
30 100 100
40 100 100
50 100 100
20 110 100
30 110 100
40 110 100
50 110 100
60 110 100
30 120 100
40 120 100
50 120 100
60 120 100
70 120 100
80 120 100
100 120 100
50 130 100
60 130 100
70 130 100
80 130 100
90 130 100
100 130 100
80 130 100
90 130 100
100 130 100
110 130 100
120 130 100
130 130 100
140 130 100
150 130 100
160 130 100
80 140 100
90 140 100
100 140 100
110 140 100
120 140 100
130 140 100
140 140 100
150 140 100
160 140 100
80 150 100
90 150 100
100 150 100
110 150 100
120 150 100
130 150 100
140 150 100
150 150 100
160 150 100
80 160 100
90 160 100
100 160 100
110 160 100
140 160 100
150 160 100
160 160 100
80 170 100
90 170 100
100 170 100
110 170 100
140 170 100
150 170 100
160 170 100
90 180 100
100 180 100
110 180 100
130 180 100
140 180 100
150 180 100
160 180 100
80 190 100
90 190 100
100 190 100
110 190 100
120 190 100
130 190 100
140 190 100
150 190 100
160 190 100
70 70 100
80 70 100
90 70 100
110 70 100
120 70 100
40 80 100
40 90 100
40 100 100
50 100 100
40 110 100
50 110 100
60 110 100
110 110 100
120 110 100
40 120 100
50 120 100
60 120 100
70 120 100
80 120 100
110 120 100
120 120 100
50 130 100
60 130 100
70 130 100
80 130 100
90 130 100
100 130 100
110 130 100
120 130 100
60 140 100
70 140 100
80 140 100
90 140 100
100 140 100
110 140 100
120 140 100
70 150 100
80 150 100
90 150 100
100 150 100
110 150 100
120 150 100
48 179 100
47 179 100
47 180 100
46 180 100
45 180 100
44 180 100
43 180 100
42 180 100
41 180 100
40 179 100
40 178 100
40 177 100
40 176 100
40 175 100
40 174 100
40 173 100
40 172 100
40 171 100
40 169 100
40 168 100
40 167 100
40 166 100
40 165 100
40 164 100
40 163 100
40 162 100
40 161 100
40 159 100
40 158 100
40 157 100
40 156 100
40 155 100
40 154 100
40 153 100
40 152 100
40 151 100
39 150 100
38 150 100
37 150 100
36 150 100
35 150 100
34 150 100
33 150 100
32 150 100
31 150 100
30 149 100
30 148 100
30 147 100
30 146 100
30 145 100
30 144 100
30 143 100
30 142 100
30 141 100
30 139 100
30 138 100
30 137 100
30 136 100
30 135 100
30 134 100
30 133 100
30 132 100
30 131 100
29 130 100
28 130 100
27 130 100
26 130 100
25 130 100
24 130 100
23 130 100
22 130 100
21 130 100
20 129 100
20 128 100
20 127 100
20 126 100
20 125 100
20 124 100
20 123 100
20 122 100
20 121 100
19 120 100
18 120 100
17 120 100
16 120 100
15 120 100
14 120 100
13 120 100
12 120 100
11 120 100
9 120 100
9 121 100
8 121 100
7 121 100
6 121 100
5 121 100
4 121 100
4 120 100
3 120 100
2 120 100
1 120 100
0 119 100
0 118 100
0 117 100
0 116 100
0 115 100
0 114 100
0 113 100
0 112 100
0 111 100
0 109 100
0 108 100
0 107 100
0 106 100
0 105 100
0 104 100
0 103 100
0 103 100
0 102 100
0 102 100
0 101 100
0 101 100
0 99 100
0 99 100
0 98 100
0 98 100
0 97 100
0 97 100
0 96 100
0 96 100
0 95 100
0 95 100
0 94 100
0 94 100
0 93 100
0 93 100
0 92 100
0 92 100
0 91 100
0 91 100
0 89 100
0 89 100
0 88 100
0 88 100
0 87 100
0 87 100
0 86 100
0 86 100
0 85 100
0 85 100
0 84 100
0 84 100
0 83 100
0 83 100
0 82 100
0 82 100
0 81 100
0 81 100
0 80 100
0 79 100
0 79 100
0 78 100
0 78 100
0 77 100
0 77 100
0 77 100
0 76 100
0 76 100
0 76 100
0 75 100
0 75 100
0 75 100
0 74 100
0 74 100
0 74 100
0 73 100
0 73 100
0 73 100
0 73 100
0 72 100
0 72 100
0 72 100
0 72 100
0 71 100
0 71 100
0 71 100
0 71 100
0 71 100
0 70 100
0 70 100
0 70 100
0 70 100
0 70 100
0 69 100
0 69 100
0 69 100
0 69 100
0 69 100
0 68 100
0 68 100
0 68 100
0 68 100
0 68 100
0 68 100
0 67 100
0 67 100
0 67 100
0 67 100
0 67 100
0 67 100
0 66 100
0 66 100
0 66 100
0 66 100
0 66 100
0 65 100
0 65 100
0 65 100
0 65 100
0 65 100
0 64 100
0 64 100
0 64 100
0 64 100
0 64 100
0 63 100
0 63 100
0 63 100
0 63 100
0 62 100
0 62 100
0 62 100
0 62 100
0 61 100
0 61 100
0 61 100
0 60 100
0 60 100
0 59 100
0 59 100
0 58 100
0 58 100
0 57 100
0 57 100
0 56 100
0 55 100
0 54 100
0 53 100
0 52 100
0 51 100
0 49 100
0 48 100
0 47 100
0 46 100
0 45 100
0 44 100
0 43 100
0 42 100
0 41 100
0 39 100
0 38 100
0 37 100
0 36 100
0 35 100
0 34 100
0 33 100
0 32 100
0 31 100
1 30 100
1 29 100
2 29 100
2 28 100
3 28 100
4 28 100
5 28 100
6 28 100
163 179 100
163 179 100
163 179 100
163 179 100
163 179 100
163 179 100
163 179 100
163 179 100
163 179 100
163 179 100
163 179 100
163 179 100
162 179 100
162 179 100
162 179 100
162 179 100
162 179 100
162 179 100
162 179 100
162 179 100
162 179 100
162 179 100
162 179 100
162 179 100
162 178 100
162 178 100
162 178 100
162 178 100
162 178 100
162 178 100
162 178 100
162 178 100
162 178 100
162 178 100
162 178 100
161 178 100
161 178 100
161 178 100
161 178 100
161 178 100
161 178 100
161 178 100
161 178 100
161 178 100
161 178 100
161 178 100
161 177 100
161 177 100
161 177 100
161 177 100
161 177 100
161 177 100
161 177 100
161 177 100
161 177 100
160 177 100
160 177 100
160 177 100
160 177 100
160 177 100
160 177 100
160 177 100
160 177 100
160 177 100
160 176 100
160 176 100
160 176 100
160 176 100
160 176 100
160 176 100
160 176 100
160 175 100
160 175 100
160 175 100
160 175 100
160 175 100
160 175 100
160 174 100
160 174 100
160 174 100
160 174 100
160 173 100
160 173 100
160 173 100
160 172 100
160 172 100
160 172 100
160 171 100
160 171 100
159 170 100
159 170 100
158 170 100
158 170 100
157 170 100
157 170 100
156 170 100
156 170 100
155 170 100
155 170 100
154 170 100
154 170 100
153 170 100
153 170 100
152 170 100
152 170 100
151 170 100
151 170 100
150 170 100
149 170 100
149 170 100
149 170 100
148 170 100
148 170 100
148 170 100
147 170 100
147 170 100
147 170 100
146 170 100
146 170 100
146 170 100
145 170 100
145 170 100
145 170 100
145 170 100
144 170 100
144 170 100
144 170 100
144 170 100
143 170 100
143 170 100
143 170 100
143 170 100
142 170 100
142 170 100
142 170 100
142 170 100
141 170 100
141 170 100
141 170 100
141 170 100
140 170 100
140 170 100
139 170 100
139 170 100
139 170 100
139 170 100
138 170 100
138 170 100
138 170 100
137 170 100
137 170 100
137 170 100
136 170 100
136 170 100
135 170 100
135 170 100
134 170 100
134 170 100
133 170 100
132 170 100
131 170 100
129 170 100
128 170 100
127 170 100
126 170 100
125 170 100
124 170 100
123 170 100
122 170 100
121 170 100
119 170 100
118 170 100
117 170 100
116 170 100
115 170 100
114 170 100
113 170 100
112 170 100
111 170 100
110 171 100
110 172 100
110 173 100
110 174 100
110 175 100
110 176 100
110 177 100
110 178 100
110 179 100
109 180 100
108 180 100
107 180 100
106 180 100
105 180 100
104 180 100
103 180 100
102 180 100
101 180 100
99 180 100
98 180 100
97 180 100
96 180 100
95 180 100
94 180 100
93 180 100
92 180 100
91 180 100
89 180 100
88 180 100
87 180 100
86 180 100
85 180 100
84 180 100
83 180 100
82 180 100
81 180 100
79 180 100
78 180 100
77 180 100
76 180 100
75 180 100
74 180 100
73 180 100
72 180 100
71 180 100
69 180 100
68 180 100
67 180 100
66 180 100
65 180 100
64 180 100
63 180 100
62 180 100
61 180 100
59 180 100
58 180 100
57 180 100
56 180 100
55 180 100
54 180 100
53 180 100
52 180 100
51 180 100
49 180 100
49 179 100
42 132 100
42 132 100
41 132 100
41 131 100
41 131 100
40 131 100
40 131 100
39 130 100
39 130 100
38 130 100
38 130 100
37 130 100
36 130 100
35 130 100
34 130 100
33 130 100
32 130 100
31 130 100
196 7 100
195 7 100
195 8 100
194 8 100
194 9 100
193 9 100
193 10 100
192 10 100
191 10 100
189 10 100
188 10 100
188 10 100
187 10 100
187 10 100
186 10 100
186 10 100
186 10 100
185 10 100
185 10 100
185 10 100
185 10 100
184 10 100
184 10 100
184 10 100
184 10 100
183 10 100
183 10 100
183 10 100
183 10 100
183 10 100
182 10 100
182 10 100
182 10 100
182 10 100
182 10 100
182 10 100
182 10 100
181 10 100
181 10 100
181 10 100
181 10 100
181 10 100
181 10 100
181 10 100
181 10 100
180 10 100
180 10 100
180 10 100
180 10 100
180 10 100
180 10 100
180 10 100
180 10 100
179 10 100
179 10 100
179 10 100
179 10 100
179 10 100
179 10 100
179 10 100
179 10 100
179 10 100
178 10 100
178 10 100
178 10 100
178 10 100
178 10 100
178 10 100
178 10 100
178 10 100
178 10 100
178 10 100
177 10 100
177 10 100
177 10 100
177 10 100
177 10 100
177 10 100
177 10 100
177 10 100
177 10 100
177 10 100
176 10 100
176 10 100
176 10 100
176 10 100
176 10 100
176 10 100
176 10 100
176 10 100
176 10 100
176 10 100
175 10 100
175 10 100
175 10 100
175 10 100
175 10 100
175 10 100
175 10 100
175 10 100
175 10 100
174 10 100
174 10 100
174 10 100
174 10 100
174 10 100
174 10 100
174 10 100
174 10 100
174 10 100
173 10 100
173 10 100
173 10 100
173 10 100
173 10 100
173 10 100
173 10 100
173 10 100
172 10 100
172 10 100
172 10 100
172 10 100
172 10 100
172 10 100
172 10 100
171 10 100
171 10 100
171 10 100
171 10 100
171 10 100
171 10 100
170 10 100
170 10 100
170 10 100
170 10 100
170 10 100
169 10 100
169 10 100
169 10 100
169 10 100
169 10 100
168 10 100
168 10 100
168 10 100
168 10 100
167 10 100
167 10 100
167 10 100
167 10 100
166 10 100
166 10 100
166 10 100
165 10 100
165 10 100
165 10 100
164 10 100
164 10 100
163 10 100
163 10 100
162 10 100
162 10 100
161 10 100
159 10 100
158 10 100
157 10 100
156 10 100
155 10 100
154 10 100
153 10 100
152 10 100
151 10 100
150 11 100
150 12 100
150 13 100
150 14 100
150 15 100
150 16 100
150 17 100
150 18 100
150 19 100
150 21 100
150 22 100
150 23 100
150 24 100
150 24 100
150 25 100
150 25 100
150 26 100
150 26 100
150 27 100
150 27 100
150 27 100
150 28 100
150 28 100
150 28 100
150 29 100
150 29 100
150 29 100
150 29 100
150 30 100
150 30 100
150 30 100
150 31 100
150 31 100
150 31 100
150 31 100
150 31 100
150 32 100
150 32 100
150 32 100
150 32 100
150 32 100
150 33 100
150 33 100
150 33 100
150 33 100
150 33 100
150 33 100
150 34 100
150 34 100
150 34 100
150 34 100
150 34 100
150 34 100
150 34 100
150 35 100
150 35 100
150 35 100
150 35 100
150 35 100
150 35 100
150 35 100
150 35 100
150 36 100
150 36 100
150 36 100
150 36 100
150 36 100
150 36 100
150 36 100
150 36 100
150 36 100
150 37 100
150 37 100
150 37 100
150 37 100
150 37 100
150 37 100
150 37 100
150 37 100
150 37 100
150 37 100
150 37 100
150 38 100
150 38 100
150 38 100
150 38 100
150 38 100
150 38 100
150 38 100
150 38 100
150 38 100
150 38 100
150 38 100
150 38 100
150 39 100
150 39 100
150 39 100
150 39 100
150 39 100
150 39 100
150 39 100
150 39 100
150 39 100
150 39 100
150 39 100
150 39 100
150 39 100
150 39 100
150 40 100
150 40 100
150 40 100
150 40 100
150 40 100
150 40 100
150 40 100
150 40 100
150 40 100
150 40 100
150 40 100
150 40 100
150 40 100
150 40 100
150 40 100
150 40 100
150 41 100
150 41 100
150 41 100
150 41 100
150 41 100
150 41 100
150 41 100
150 41 100
150 41 100
150 41 100
150 41 100
150 41 100
150 41 100
150 41 100
150 41 100
150 41 100
150 41 100
150 41 100
150 41 100
150 42 100
150 42 100
150 42 100
150 42 100
150 42 100
150 42 100
150 42 100
150 42 100
150 42 100
150 42 100
150 42 100
150 42 100
150 42 100
150 42 100
150 42 100
150 42 100
150 42 100
150 42 100
150 42 100
150 42 100
150 42 100
150 43 100
150 43 100
150 43 100
150 43 100
150 43 100
150 43 100
150 43 100
150 43 100
150 43 100
150 43 100
150 43 100
150 43 100
150 43 100
150 43 100
150 43 100
150 43 100
150 43 100
150 43 100
150 43 100
150 43 100
150 43 100
150 43 100
150 43 100
150 44 100
150 44 100
150 44 100
150 44 100
150 44 100
150 44 100
150 44 100
150 44 100
150 44 100
150 44 100
150 44 100
150 44 100
150 44 100
150 44 100
150 44 100
150 44 100
150 44 100
150 44 100
150 44 100
150 44 100
150 44 100
150 44 100
150 44 100
150 44 100
150 44 100
150 45 100
150 45 100
150 45 100
150 45 100
150 45 100
150 45 100
150 45 100
150 45 100
150 45 100
150 45 100
150 45 100
150 45 100
150 45 100
150 45 100
150 45 100
150 45 100
150 45 100
150 45 100
150 45 100
150 45 100
150 45 100
150 45 100
150 45 100
150 45 100
150 45 100
150 45 100
150 46 100
150 46 100
150 46 100
150 46 100
150 46 100
150 46 100
150 46 100
150 46 100
150 46 100
150 46 100
150 46 100
150 46 100
150 46 100
150 46 100
150 46 100
150 46 100
150 46 100
150 46 100
150 46 100
150 46 100
150 46 100
150 46 100
150 46 100
150 46 100
150 46 100
150 46 100
150 46 100
150 47 100
150 47 100
150 47 100
150 47 100
150 47 100
150 47 100
150 47 100
150 47 100
150 47 100
150 47 100
150 47 100
150 47 100
150 47 100
150 47 100
150 47 100
150 47 100
150 47 100
150 47 100
150 47 100
150 47 100
150 47 100
150 47 100
150 47 100
150 47 100
150 47 100
150 47 100
150 47 100
150 48 100
150 48 100
150 48 100
150 48 100
150 48 100
150 48 100
150 48 100
150 48 100
150 48 100
150 48 100
150 48 100
150 48 100
150 48 100
150 48 100
150 48 100
150 48 100
150 48 100
150 48 100
150 48 100
150 48 100
150 48 100
150 48 100
150 48 100
150 48 100
150 48 100
150 48 100
150 48 100
150 49 100
150 49 100
150 49 100
150 49 100
150 49 100
150 49 100
150 49 100
150 49 100
150 49 100
150 49 100
150 49 100
150 49 100
150 49 100
150 49 100
150 49 100
150 49 100
150 49 100
150 49 100
150 49 100
150 49 100
150 49 100
150 49 100
150 49 100
150 49 100
150 49 100
150 49 100
150 49 100
150 50 100
150 50 100
150 50 100
150 50 100
150 50 100
150 50 100
150 50 100
150 50 100
150 50 100
150 50 100
150 50 100
150 50 100
150 50 100
150 50 100
150 50 100
150 50 100
150 50 100
150 50 100
150 50 100
150 50 100
150 50 100
150 50 100
150 50 100
150 50 100
150 50 100
150 51 100
150 51 100
150 51 100
150 51 100
150 51 100
150 51 100
150 51 100
150 51 100
150 51 100
150 51 100
150 51 100
150 51 100
150 51 100
150 51 100
150 51 100
150 51 100
150 51 100
150 51 100
150 51 100
150 51 100
150 51 100
150 51 100
150 51 100
150 51 100
150 51 100
150 52 100
150 52 100
150 52 100
150 52 100
150 52 100
150 52 100
150 52 100
150 52 100
150 52 100
150 52 100
150 52 100
150 52 100
150 52 100
150 52 100
150 52 100
150 52 100
150 52 100
150 52 100
150 52 100
150 52 100
150 52 100
150 52 100
150 52 100
150 53 100
150 53 100
150 53 100
150 53 100
150 53 100
150 53 100
150 53 100
150 53 100
150 53 100
150 53 100
150 53 100
150 53 100
150 53 100
150 53 100
150 53 100
150 53 100
150 53 100
150 53 100
150 53 100
150 53 100
150 53 100
150 53 100
150 54 100
150 54 100
150 54 100
150 54 100
150 54 100
150 54 100
150 54 100
150 54 100
150 54 100
150 54 100
150 54 100
150 54 100
150 54 100
150 54 100
150 54 100
150 54 100
150 54 100
150 54 100
150 54 100
150 54 100
150 55 100
150 55 100
150 55 100
150 55 100
150 55 100
150 55 100
150 55 100
150 55 100
150 55 100
150 55 100
150 55 100
150 55 100
150 55 100
150 55 100
150 55 100
150 55 100
150 55 100
150 55 100
150 55 100
150 56 100
150 56 100
150 56 100
150 56 100
150 56 100
150 56 100
150 56 100
150 56 100
150 56 100
150 56 100
150 56 100
150 56 100
150 56 100
150 56 100
150 56 100
150 56 100
150 56 100
150 57 100
150 57 100
150 57 100
150 57 100
150 57 100
150 57 100
150 57 100
150 57 100
150 57 100
150 57 100
150 57 100
150 57 100
150 57 100
150 57 100
150 57 100
150 58 100
150 58 100
150 58 100
150 58 100
150 58 100
150 58 100
150 58 100
150 58 100
150 58 100
150 58 100
150 58 100
150 58 100
150 58 100
150 58 100
150 59 100
150 59 100
150 59 100
150 59 100
150 59 100
150 59 100
150 59 100
150 59 100
150 59 100
150 59 100
150 59 100
150 59 100
150 59 100
150 60 100
150 60 100
150 60 100
150 60 100
150 60 100
150 60 100
150 60 100
150 60 100
150 60 100
150 60 100
150 60 100
150 61 100
150 61 100
150 61 100
150 61 100
150 61 100
150 61 100
150 61 100
150 61 100
150 61 100
150 61 100
150 61 100
150 62 100
150 62 100
150 62 100
150 62 100
150 62 100
150 62 100
150 62 100
150 62 100
150 62 100
150 62 100
150 63 100
150 63 100
150 63 100
150 63 100
150 63 100
150 63 100
150 63 100
150 63 100
150 64 100
150 64 100
150 64 100
150 64 100
150 64 100
150 64 100
150 64 100
150 65 100
150 65 100
150 65 100
150 65 100
150 65 100
150 65 100
150 66 100
150 66 100
150 66 100
150 66 100
150 66 100
150 67 100
150 67 100
150 67 100
150 67 100
150 68 100
150 68 100
150 68 100
150 68 100
150 69 100
150 69 100
150 69 100
150 70 100
150 71 100
150 71 100
150 72 100
150 72 100
150 73 100
150 74 100
150 75 100
150 76 100
150 77 100
150 78 100
150 79 100
150 81 100
150 82 100
150 83 100
150 84 100
150 85 100
150 86 100
150 87 100
150 88 100
150 89 100
151 90 100
152 90 100
153 90 100
154 90 100
155 90 100
156 90 100
157 90 100
158 90 100
159 90 100
161 90 100
161 91 100
162 91 100
162 92 100
163 92 100
164 92 100
165 92 100
166 92 100
66 99 100
67 99 100
67 100 100
68 100 100
69 100 100
70 99 100
70 98 100
70 97 100
70 96 100
70 95 100
70 94 100
70 93 100
70 92 100
70 91 100
71 90 100
72 90 100
73 90 100
74 90 100
75 90 100
76 90 100
77 90 100
78 90 100
79 90 100
81 90 100
82 90 100
83 90 100
84 90 100
85 90 100
86 90 100
87 90 100
88 90 100
89 90 100
90 89 100
90 88 100
90 87 100
90 86 100
90 85 100
90 84 100
90 83 100
90 82 100
90 81 100
91 80 100
92 80 100
93 80 100
94 80 100
95 80 100
96 80 100
97 80 100
122 176 100
121 176 100
121 175 100
120 175 100
120 174 100
120 173 100
120 172 100
120 171 100
88 116 100
89 116 100
89 115 100
90 115 100
90 114 100
90 113 100
90 112 100
90 111 100
90 109 100
90 108 100
90 107 100
90 106 100
90 105 100
90 104 100
90 103 100
90 102 100
90 101 100
90 99 100
90 98 100
90 97 100
90 96 100
90 95 100
90 94 100
90 93 100
90 92 100
90 91 100
