# score 154324
0 0 100
10 0 100
20 0 100
30 0 100
40 0 100
50 0 100
60 0 100
70 0 100
80 0 100
0 10 100
10 10 100
20 10 100
30 10 100
40 10 100
50 10 100
60 10 100
70 10 100
80 10 100
0 20 100
10 20 100
20 20 100
30 20 100
40 20 100
50 20 100
60 20 100
70 20 100
80 20 100
0 30 100
10 30 100
20 30 100
30 30 100
40 30 100
50 30 100
60 30 100
70 30 100
80 30 100
0 40 100
10 40 100
20 40 100
30 40 100
40 40 100
50 40 100
60 40 100
70 40 100
80 40 100
0 50 100
10 50 100
20 50 100
30 50 100
40 50 100
50 50 100
60 50 100
70 50 100
80 50 100
0 60 100
10 60 100
20 60 100
30 60 100
40 60 100
50 60 100
60 60 100
70 60 100
80 60 100
0 70 100
10 70 100
20 70 100
30 70 100
40 70 100
50 70 100
60 70 100
70 70 100
80 70 100
0 80 100
10 80 100
20 80 100
30 80 100
40 80 100
50 80 100
60 80 100
70 80 100
80 80 100
40 100 100
50 100 100
60 100 100
70 100 100
80 100 100
90 100 100
100 100 100
110 100 100
120 100 100
40 110 100
50 110 100
60 110 100
70 110 100
80 110 100
90 110 100
100 110 100
110 110 100
120 110 100
40 120 100
50 120 100
60 120 100
70 120 100
80 120 100
90 120 100
100 120 100
110 120 100
120 120 100
40 130 100
50 130 100
60 130 100
70 130 100
80 130 100
90 130 100
100 130 100
110 130 100
120 130 100
40 140 100
50 140 100
60 140 100
70 140 100
80 140 100
90 140 100
100 140 100
110 140 100
120 140 100
40 150 100
50 150 100
60 150 100
70 150 100
80 150 100
90 150 100
100 150 100
110 150 100
120 150 100
40 160 100
50 160 100
60 160 100
70 160 100
80 160 100
90 160 100
100 160 100
110 160 100
120 160 100
40 170 100
50 170 100
60 170 100
70 170 100
80 170 100
90 170 100
100 170 100
110 170 100
120 170 100
40 180 100
50 180 100
60 180 100
70 180 100
80 180 100
90 180 100
100 180 100
110 180 100
120 180 100
140 120 100
150 120 100
160 120 100
170 120 100
180 120 100
190 120 100
140 130 100
150 130 100
160 130 100
170 130 100
180 130 100
190 130 100
140 140 100
150 140 100
160 140 100
170 140 100
180 140 100
190 140 100
140 150 100
150 150 100
160 150 100
170 150 100
180 150 100
190 150 100
140 160 100
150 160 100
160 160 100
170 160 100
180 160 100
190 160 100
140 170 100
150 170 100
160 170 100
170 170 100
180 170 100
190 170 100
140 180 100
150 180 100
160 180 100
170 180 100
180 180 100
190 180 100
140 190 100
150 190 100
160 190 100
170 190 100
180 190 100
190 190 100
90 50 100
100 50 100
110 50 100
120 50 100
130 50 100
140 50 100
150 50 100
90 60 100
100 60 100
110 60 100
120 60 100
130 60 100
140 60 100
150 60 100
90 70 100
100 70 100
110 70 100
120 70 100
130 70 100
140 70 100
150 70 100
90 80 100
100 80 100
110 80 100
120 80 100
130 80 100
140 80 100
150 80 100
70 90 100
80 90 100
90 90 100
100 90 100
110 90 100
120 90 100
130 90 100
140 90 100
150 90 100
100 100 100
110 100 100
120 100 100
130 100 100
140 100 100
150 100 100
100 110 100
110 110 100
120 110 100
130 110 100
140 110 100
150 110 100
100 120 100
110 120 100
120 120 100
130 120 100
140 120 100
150 120 100
100 130 100
110 130 100
120 130 100
130 130 100
140 130 100
150 130 100
0 110 100
10 110 100
20 110 100
30 110 100
40 110 100
0 120 100
10 120 100
20 120 100
30 120 100
40 120 100
0 130 100
10 130 100
20 130 100
30 130 100
40 130 100
0 140 100
10 140 100
20 140 100
30 140 100
0 150 100
10 150 100
20 150 100
30 150 100
40 150 100
0 160 100
10 160 100
20 160 100
30 160 100
40 160 100
0 170 100
10 170 100
20 170 100
30 170 100
40 170 100
0 180 100
10 180 100
20 180 100
30 180 100
40 180 100
0 190 100
10 190 100
20 190 100
30 190 100
40 190 100
60 30 100
70 30 100
80 30 100
90 30 100
100 30 100
110 30 100
70 40 100
80 40 100
90 40 100
100 40 100
110 40 100
90 50 100
100 50 100
110 50 100
30 80 100
30 90 100
40 90 100
50 90 100
60 90 100
110 90 100
30 100 100
40 100 100
50 100 100
110 100 100
30 110 100
40 110 100
50 110 100
60 110 100
100 110 100
110 110 100
30 140 100
100 140 100
110 140 100
30 150 100
40 150 100
30 160 100
40 160 100
50 160 100
30 170 100
40 170 100
50 170 100
30 180 100
40 180 100
50 180 100
30 190 100
40 190 100
50 190 100
60 190 100
70 190 100
80 190 100
90 190 100
100 190 100
110 190 100
86 142 100
85 142 100
85 141 100
84 141 100
84 140 100
83 140 100
82 140 100
81 140 100
80 139 100
80 138 100
80 137 100
80 136 100
80 135 100
80 134 100
80 133 100
80 132 100
80 131 100
80 129 100
80 128 100
80 127 100
80 126 100
80 125 100
80 124 100
80 123 100
80 122 100
80 121 100
80 119 100
80 118 100
80 117 100
80 116 100
80 115 100
80 114 100
80 113 100
80 112 100
80 111 100
80 109 100
80 108 100
80 107 100
80 106 100
80 105 100
80 104 100
80 103 100
80 102 100
80 101 100
80 99 100
80 98 100
80 97 100
80 96 100
80 95 100
80 94 100
80 93 100
80 92 100
80 91 100
80 89 100
80 88 100
80 87 100
80 86 100
80 85 100
80 84 100
80 83 100
80 82 100
80 81 100
80 79 100
80 78 100
80 77 100
80 76 100
80 75 100
80 74 100
80 73 100
80 72 100
80 71 100
79 70 100
79 71 100
78 71 100
77 71 100
76 71 100
75 71 100
75 70 100
74 70 100
73 70 100
72 70 100
71 70 100
69 70 100
68 70 100
67 70 100
66 70 100
65 70 100
64 70 100
63 70 100
62 70 100
61 70 100
59 70 100
58 70 100
57 70 100
56 70 100
55 70 100
54 70 100
53 70 100
52 70 100
51 70 100
49 70 100
48 70 100
47 70 100
46 70 100
45 70 100
44 70 100
43 70 100
42 70 100
41 70 100
40 69 100
40 68 100
40 67 100
40 66 100
40 65 100
40 64 100
40 63 100
40 62 100
40 61 100
40 59 100
40 58 100
40 57 100
40 56 100
40 55 100
40 54 100
40 53 100
40 52 100
40 51 100
40 49 100
40 48 100
40 47 100
40 46 100
40 45 100
40 44 100
40 43 100
40 42 100
40 41 100
188 165 100
189 165 100
189 166 100
190 166 100
190 167 100
190 168 100
190 169 100
189 170 100
188 170 100
187 170 100
186 170 100
185 170 100
184 170 100
183 170 100
182 170 100
181 170 100
179 170 100
179 171 100
178 171 100
178 172 100
177 172 100
177 173 100
176 173 100
176 174 100
175 174 100
175 175 100
174 175 100
174 176 100
173 176 100
173 177 100
172 177 100
172 178 100
171 178 100
171 179 100
170 179 100
169 180 100
169 181 100
168 181 100
168 182 100
167 182 100
167 183 100
166 183 100
166 183 100
166 184 100
166 184 100
165 184 100
165 184 100
165 185 100
165 185 100
164 185 100
164 185 100
164 186 100
164 186 100
163 186 100
163 186 100
163 187 100
163 187 100
162 187 100
162 187 100
162 188 100
162 188 100
161 188 100
161 188 100
161 189 100
161 189 100
160 189 100
160 189 100
160 190 100
159 190 100
159 190 100
158 190 100
158 190 100
157 190 100
157 190 100
156 190 100
156 190 100
155 190 100
155 190 100
154 190 100
154 190 100
153 190 100
153 190 100
152 190 100
152 190 100
151 190 100
151 190 100
149 190 100
148 190 100
147 190 100
146 190 100
145 190 100
144 190 100
143 190 100
142 190 100
141 190 100
139 190 100
139 189 100
138 189 100
138 188 100
137 188 100
137 187 100
136 187 100
136 186 100
135 186 100
135 185 100
134 185 100
134 184 100
133 184 100
133 183 100
132 183 100
132 182 100
131 182 100
131 181 100
130 181 100
130 180 100
129 180 100
128 180 100
127 180 100
126 180 100
125 180 100
124 180 100
123 180 100
122 180 100
121 180 100
120 179 100
120 178 100
120 177 100
120 176 100
120 175 100
120 174 100
120 173 100
120 172 100
120 171 100
119 170 100
118 170 100
117 170 100
116 170 100
115 170 100
114 170 100
113 170 100
112 170 100
111 170 100
110 169 100
110 168 100
110 167 100
110 166 100
110 165 100
110 164 100
110 163 100
110 162 100
110 161 100
110 159 100
110 158 100
110 157 100
110 156 100
110 155 100
110 154 100
110 153 100
110 152 100
110 151 100
109 150 100
108 150 100
107 150 100
106 150 100
105 150 100
104 150 100
103 150 100
102 150 100
101 150 100
100 149 100
100 148 100
100 147 100
100 146 100
100 145 100
100 144 100
100 143 100
100 142 100
100 141 100
99 140 100
98 140 100
97 140 100
96 140 100
95 140 100
94 140 100
93 140 100
92 140 100
91 140 100
89 140 100
89 141 100
88 141 100
88 142 100
87 142 100
113 92 100
113 92 100
112 92 100
112 92 100
112 93 100
112 93 100
111 93 100
111 93 100
111 94 100
110 94 100
110 95 100
110 96 100
110 97 100
110 97 100
110 98 100
110 98 100
110 99 100
110 99 100
110 99 100
109 100 100
109 100 100
109 100 100
108 100 100
108 100 100
108 100 100
107 100 100
107 100 100
107 100 100
106 100 100
106 100 100
106 100 100
105 100 100
105 100 100
105 100 100
104 100 100
104 100 100
104 100 100
103 100 100
103 100 100
103 100 100
102 100 100
102 100 100
102 100 100
101 100 100
101 100 100
99 100 100
99 100 100
98 100 100
97 100 100
96 100 100
95 100 100
94 100 100
93 100 100
92 100 100
91 100 100
89 100 100
88 100 100
87 100 100
86 100 100
85 100 100
84 100 100
83 100 100
82 100 100
81 100 100
4 151 100
5 151 100
5 150 100
6 150 100
7 150 100
8 150 100
9 150 100
11 150 100
11 150 100
11 149 100
12 149 100
12 149 100
12 148 100
12 148 100
13 148 100
13 148 100
13 147 100
13 147 100
14 147 100
14 147 100
14 146 100
14 146 100
15 146 100
15 146 100
15 145 100
15 145 100
16 145 100
16 145 100
16 144 100
16 144 100
16 144 100
17 144 100
17 144 100
17 143 100
17 143 100
17 143 100
18 143 100
18 143 100
18 143 100
18 142 100
18 142 100
18 142 100
19 142 100
19 142 100
19 142 100
19 141 100
19 141 100
19 141 100
20 141 100
20 141 100
20 141 100
20 140 100
20 140 100
21 140 100
21 140 100
21 140 100
22 140 100
22 140 100
22 140 100
22 140 100
23 140 100
23 140 100
23 140 100
23 140 100
24 140 100
24 140 100
24 140 100
24 140 100
25 140 100
25 140 100
25 140 100
25 140 100
26 140 100
26 140 100
26 140 100
26 140 100
27 140 100
27 140 100
27 140 100
28 140 100
28 140 100
28 140 100
29 140 100
29 140 100
31 140 100
32 140 100
33 140 100
34 140 100
35 140 100
36 140 100
37 140 100
38 140 100
39 140 100
41 140 100
42 140 100
43 140 100
44 140 100
45 140 100
46 140 100
47 140 100
48 140 100
49 140 100
51 140 100
52 140 100
53 140 100
54 140 100
55 140 100
56 140 100
57 140 100
58 140 100
59 140 100
61 140 100
62 140 100
63 140 100
64 140 100
65 140 100
66 140 100
67 140 100
68 140 100
69 140 100
71 140 100
72 140 100
73 140 100
74 140 100
75 140 100
76 140 100
77 140 100
78 140 100
79 140 100
75 188 100
76 188 100
76 189 100
77 189 100
77 190 100
78 190 100
79 190 100
80 189 100
80 188 100
80 187 100
80 186 100
80 185 100
80 184 100
80 183 100
80 182 100
80 181 100
80 179 100
80 178 100
80 177 100
80 176 100
80 175 100
80 174 100
80 173 100
80 172 100
80 171 100
80 169 100
80 168 100
80 167 100
80 166 100
80 165 100
80 164 100
80 163 100
80 162 100
80 161 100
80 159 100
80 158 100
80 157 100
80 156 100
80 155 100
80 154 100
80 153 100
80 152 100
80 151 100
80 149 100
80 148 100
80 147 100
80 146 100
80 145 100
80 144 100
80 143 100
80 142 100
80 141 100
