# score 247312
0 0 100
10 0 100
20 0 100
30 0 100
40 0 100
0 10 100
10 10 100
20 10 100
30 10 100
40 10 100
0 20 100
10 20 100
20 20 100
30 20 100
40 20 100
0 30 100
10 30 100
20 30 100
30 30 100
40 30 100
0 40 100
10 40 100
20 40 100
30 40 100
40 40 100
20 0 100
30 0 100
40 0 100
50 0 100
60 0 100
70 0 100
80 0 100
90 0 100
100 0 100
20 10 100
30 10 100
40 10 100
50 10 100
60 10 100
70 10 100
80 10 100
90 10 100
100 10 100
20 20 100
30 20 100
40 20 100
50 20 100
60 20 100
70 20 100
80 20 100
90 20 100
100 20 100
20 30 100
30 30 100
40 30 100
50 30 100
60 30 100
70 30 100
80 30 100
90 30 100
100 30 100
20 40 100
30 40 100
40 40 100
50 40 100
60 40 100
70 40 100
80 40 100
90 40 100
100 40 100
20 50 100
30 50 100
40 50 100
50 50 100
60 50 100
70 50 100
80 50 100
90 50 100
100 50 100
20 60 100
30 60 100
40 60 100
50 60 100
60 60 100
70 60 100
80 60 100
90 60 100
100 60 100
40 40 100
50 40 100
110 40 100
120 40 100
40 50 100
50 50 100
110 50 100
120 50 100
40 60 100
50 60 100
60 60 100
110 60 100
120 60 100
40 70 100
50 70 100
60 70 100
70 70 100
80 70 100
90 70 100
100 70 100
110 70 100
120 70 100
40 80 100
50 80 100
60 80 100
70 80 100
80 80 100
90 80 100
100 80 100
110 80 100
120 80 100
40 90 100
50 90 100
60 90 100
70 90 100
80 90 100
90 90 100
100 90 100
110 90 100
120 90 100
40 100 100
50 100 100
60 100 100
70 100 100
80 100 100
90 100 100
100 100 100
110 100 100
120 100 100
40 110 100
50 110 100
60 110 100
70 110 100
80 110 100
90 110 100
100 110 100
110 110 100
120 110 100
40 120 100
50 120 100
60 120 100
70 120 100
80 120 100
90 120 100
100 120 100
110 120 100
120 120 100
40 130 100
50 130 100
60 130 100
70 130 100
80 130 100
90 130 100
100 130 100
110 130 100
120 130 100
40 140 100
50 140 100
60 140 100
70 140 100
80 140 100
90 140 100
100 140 100
110 140 100
120 140 100
40 150 100
50 150 100
60 150 100
70 150 100
80 150 100
90 150 100
100 150 100
110 150 100
120 150 100
40 160 100
50 160 100
60 160 100
70 160 100
80 160 100
90 160 100
100 160 100
110 160 100
120 160 100
40 170 100
50 170 100
60 170 100
70 170 100
80 170 100
90 170 100
100 170 100
110 170 100
120 170 100
40 180 100
50 180 100
60 180 100
70 180 100
80 180 100
90 180 100
100 180 100
110 180 100
120 180 100
40 190 100
50 190 100
60 190 100
70 190 100
80 190 100
90 190 100
100 190 100
110 190 100
120 190 100
0 90 100
10 90 100
20 90 100
30 90 100
60 90 100
70 90 100
0 100 100
10 100 100
20 100 100
30 100 100
60 100 100
70 100 100
0 110 100
10 110 100
20 110 100
30 110 100
60 110 100
70 110 100
0 120 100
10 120 100
20 120 100
30 120 100
60 120 100
70 120 100
0 130 100
10 130 100
20 130 100
30 130 100
50 130 100
60 130 100
70 130 100
0 140 100
10 140 100
20 140 100
30 140 100
50 140 100
60 140 100
70 140 100
0 150 100
10 150 100
20 150 100
30 150 100
60 150 100
70 150 100
0 160 100
10 160 100
20 160 100
30 160 100
70 160 100
0 170 100
10 170 100
20 170 100
30 170 100
70 170 100
130 70 100
140 70 100
150 70 100
160 70 100
170 70 100
180 70 100
190 70 100
120 80 100
130 80 100
140 80 100
150 80 100
160 80 100
170 80 100
180 80 100
190 80 100
120 90 100
130 90 100
140 90 100
150 90 100
160 90 100
170 90 100
180 90 100
190 90 100
120 100 100
130 100 100
140 100 100
150 100 100
160 100 100
170 100 100
180 100 100
190 100 100
120 110 100
130 110 100
140 110 100
150 110 100
160 110 100
170 110 100
180 110 100
190 110 100
120 120 100
130 120 100
140 120 100
150 120 100
160 120 100
170 120 100
180 120 100
190 120 100
120 130 100
130 130 100
140 130 100
150 130 100
160 130 100
170 130 100
180 130 100
190 130 100
120 140 100
130 140 100
140 140 100
150 140 100
160 140 100
170 140 100
180 140 100
190 140 100
130 150 100
140 150 100
150 150 100
160 150 100
170 150 100
180 150 100
190 150 100
90 80 100
120 80 100
130 80 100
140 80 100
150 80 100
160 80 100
170 80 100
90 90 100
100 90 100
110 90 100
120 90 100
130 90 100
150 90 100
170 90 100
90 100 100
100 100 100
110 100 100
120 100 100
130 100 100
140 100 100
150 100 100
160 100 100
170 100 100
90 110 100
100 110 100
110 110 100
120 110 100
130 110 100
140 110 100
150 110 100
160 110 100
170 110 100
90 120 100
100 120 100
110 120 100
120 120 100
160 120 100
170 120 100
90 130 100
100 130 100
110 130 100
160 130 100
170 130 100
90 140 100
100 140 100
110 140 100
160 140 100
170 140 100
90 150 100
100 150 100
110 150 100
130 150 100
140 150 100
150 150 100
170 150 100
90 160 100
100 160 100
110 160 100
120 160 100
130 160 100
140 160 100
150 160 100
160 160 100
170 160 100
170 140 100
180 140 100
190 140 100
150 150 100
170 150 100
180 150 100
140 160 100
150 160 100
160 160 100
170 160 100
180 160 100
190 160 100
140 170 100
150 170 100
160 170 100
170 170 100
180 170 100
190 170 100
140 180 100
150 180 100
160 180 100
170 180 100
180 180 100
190 180 100
140 190 100
150 190 100
160 190 100
170 190 100
180 190 100
190 190 100
150 0 100
160 0 100
170 0 100
180 0 100
190 0 100
150 10 100
160 10 100
170 10 100
180 10 100
190 10 100
150 20 100
160 20 100
170 20 100
180 20 100
190 20 100
150 30 100
160 30 100
170 30 100
180 30 100
190 30 100
150 40 100
160 40 100
170 40 100
180 40 100
190 40 100
150 50 100
160 50 100
170 50 100
180 50 100
190 50 100
0 50 100
10 50 100
20 50 100
30 50 100
40 50 100
50 50 100
0 60 100
10 60 100
20 60 100
30 60 100
40 60 100
50 60 100
60 60 100
0 70 100
10 70 100
20 70 100
30 70 100
40 70 100
50 70 100
60 70 100
0 80 100
10 80 100
20 80 100
30 80 100
40 80 100
50 80 100
60 80 100
0 90 100
0 100 100
60 120 100
60 130 100
50 0 100
60 0 100
70 0 100
80 0 100
90 0 100
100 0 100
110 0 100
120 0 100
130 0 100
50 10 100
60 10 100
90 10 100
100 10 100
110 10 100
120 10 100
130 10 100
50 20 100
90 20 100
100 20 100
110 20 100
120 20 100
130 20 100
50 30 100
110 30 100
120 30 100
130 30 100
120 40 100
130 40 100
50 50 100
130 50 100
50 60 100
60 60 100
130 60 100
50 70 100
60 70 100
130 70 100
60 130 100
70 130 100
80 130 100
90 130 100
50 140 100
60 140 100
70 140 100
80 140 100
90 140 100
60 150 100
70 150 100
80 150 100
90 150 100
10 160 100
70 160 100
80 160 100
90 160 100
10 170 100
20 170 100
80 170 100
90 170 100
10 180 100
20 180 100
30 180 100
60 180 100
70 180 100
80 180 100
90 180 100
10 190 100
20 190 100
30 190 100
50 190 100
60 190 100
70 190 100
80 190 100
100 20 100
110 20 100
120 20 100
130 20 100
140 20 100
110 30 100
120 30 100
130 30 100
140 30 100
120 40 100
130 40 100
140 40 100
130 50 100
140 50 100
60 60 100
130 60 100
140 60 100
60 70 100
140 70 100
60 80 100
70 80 100
130 80 100
70 90 100
80 90 100
90 90 100
100 90 100
110 90 100
120 90 100
70 100 100
80 100 100
90 100 100
100 100 100
110 100 100
120 100 100
130 100 100
140 100 100
88 173 100
88 173 100
87 173 100
87 173 100
87 172 100
87 172 100
86 172 100
86 172 100
86 172 100
86 171 100
86 171 100
86 171 100
85 171 100
85 171 100
85 171 100
85 170 100
85 170 100
85 170 100
84 170 100
84 170 100
84 170 100
84 170 100
83 170 100
83 170 100
83 170 100
83 170 100
82 170 100
82 170 100
82 170 100
82 170 100
81 170 100
81 170 100
81 170 100
81 170 100
80 170 100
80 170 100
79 170 100
79 170 100
79 170 100
79 170 100
78 170 100
78 170 100
78 170 100
77 170 100
77 170 100
77 170 100
76 170 100
76 170 100
75 170 100
75 170 100
74 170 100
74 170 100
73 170 100
73 170 100
72 170 100
71 170 100
69 170 100
69 170 100
68 170 100
68 170 100
67 170 100
67 170 100
66 170 100
66 170 100
65 170 100
65 170 100
64 170 100
64 170 100
63 170 100
63 170 100
62 170 100
62 170 100
61 170 100
60 169 100
60 168 100
60 167 100
60 166 100
60 165 100
60 164 100
60 163 100
60 162 100
60 161 100
60 159 100
60 158 100
60 157 100
60 156 100
60 155 100
60 154 100
60 153 100
60 152 100
60 152 100
60 151 100
60 151 100
59 150 100
59 150 100
58 150 100
58 150 100
57 150 100
57 150 100
56 150 100
55 150 100
54 150 100
53 150 100
52 150 100
51 150 100
49 150 100
48 150 100
47 150 100
46 150 100
45 150 100
44 150 100
43 150 100
42 150 100
41 150 100
40 149 100
40 148 100
40 147 100
40 146 100
40 145 100
40 144 100
40 143 100
40 142 100
40 141 100
40 139 100
40 138 100
40 137 100
40 136 100
40 135 100
40 134 100
40 133 100
40 132 100
40 131 100
40 129 100
40 128 100
40 127 100
40 126 100
40 125 100
40 124 100
40 123 100
40 122 100
40 121 100
40 119 100
40 118 100
40 117 100
40 116 100
40 115 100
40 114 100
40 113 100
40 112 100
40 111 100
40 109 100
40 108 100
40 107 100
40 106 100
40 105 100
40 104 100
40 103 100
40 102 100
40 101 100
41 100 100
42 100 100
43 100 100
44 100 100
45 100 100
46 100 100
47 100 100
48 100 100
49 100 100
50 99 100
50 98 100
50 97 100
50 96 100
50 95 100
50 94 100
50 93 100
50 92 100
50 91 100
50 89 100
50 88 100
50 87 100
50 86 100
50 85 100
50 84 100
50 83 100
50 82 100
50 81 100
51 80 100
51 80 100
52 80 100
52 80 100
53 80 100
53 80 100
54 80 100
54 80 100
55 80 100
56 80 100
57 80 100
57 80 100
58 80 100
58 80 100
59 80 100
59 80 100
61 80 100
61 80 100
61 80 100
62 80 100
62 80 100
62 80 100
62 80 100
63 80 100
63 80 100
63 80 100
63 80 100
63 80 100
64 80 100
64 80 100
64 80 100
64 80 100
64 80 100
65 80 100
65 80 100
65 80 100
65 80 100
65 80 100
66 80 100
66 80 100
66 80 100
66 80 100
66 80 100
67 80 100
67 80 100
67 80 100
67 80 100
67 80 100
68 80 100
68 80 100
68 80 100
68 80 100
68 80 100
69 80 100
69 80 100
69 80 100
69 80 100
70 80 100
71 80 100
71 80 100
71 80 100
72 80 100
72 80 100
73 80 100
73 80 100
74 80 100
75 80 100
76 80 100
77 80 100
78 80 100
79 80 100
81 80 100
81 81 100
82 81 100
82 82 100
34 130 100
35 130 100
36 130 100
37 130 100
38 130 100
39 130 100
162 117 100
162 117 100
161 117 100
161 116 100
160 116 100
160 115 100
160 114 100
160 113 100
160 112 100
160 112 100
160 111 100
160 111 100
159 110 100
159 110 100
158 110 100
157 110 100
156 110 100
155 110 100
154 110 100
153 110 100
152 110 100
152 110 100
151 110 100
151 110 100
149 110 100
149 110 100
148 110 100
148 110 100
147 110 100
147 110 100
147 110 100
146 110 100
146 110 100
146 110 100
145 110 100
145 110 100
145 110 100
144 110 100
144 110 100
144 110 100
143 110 100
143 110 100
143 110 100
142 110 100
142 110 100
142 110 100
141 110 100
141 110 100
140 109 100
140 109 100
140 108 100
140 108 100
140 108 100
140 107 100
140 107 100
140 107 100
140 107 100
140 106 100
140 106 100
140 106 100
140 106 100
140 105 100
140 105 100
140 105 100
140 105 100
140 104 100
140 104 100
140 104 100
140 104 100
140 103 100
140 103 100
140 103 100
140 103 100
140 102 100
140 102 100
140 102 100
140 101 100
140 101 100
140 101 100
140 99 100
140 99 100
140 98 100
140 98 100
140 97 100
140 97 100
140 96 100
140 96 100
140 95 100
140 94 100
140 93 100
140 92 100
140 91 100
139 90 100
139 90 100
138 90 100
138 90 100
137 90 100
137 90 100
136 90 100
136 90 100
135 90 100
135 90 100
134 90 100
134 90 100
134 90 100
133 90 100
133 90 100
132 90 100
132 90 100
131 90 100
131 90 100
130 89 100
130 89 100
130 88 100
130 88 100
130 87 100
130 87 100
130 87 100
130 86 100
130 86 100
130 86 100
130 85 100
130 85 100
130 85 100
130 84 100
130 84 100
130 84 100
130 83 100
130 83 100
130 83 100
130 82 100
130 82 100
130 82 100
130 81 100
130 81 100
130 81 100
129 80 100
129 80 100
128 80 100
128 80 100
127 80 100
127 80 100
126 80 100
126 80 100
125 80 100
125 80 100
124 80 100
124 80 100
123 80 100
123 80 100
122 80 100
122 80 100
121 80 100
121 80 100
119 80 100
119 80 100
119 80 100
118 80 100
118 80 100
118 80 100
117 80 100
117 80 100
117 80 100
116 80 100
116 80 100
115 80 100
115 80 100
114 80 100
114 80 100
113 80 100
113 80 100
112 80 100
111 80 100
109 80 100
108 80 100
107 80 100
106 80 100
105 80 100
104 80 100
103 80 100
102 80 100
101 80 100
99 80 100
98 80 100
98 80 100
97 80 100
97 80 100
96 80 100
96 80 100
95 80 100
95 80 100
95 80 100
94 80 100
94 80 100
94 80 100
93 80 100
93 80 100
92 80 100
92 80 100
91 80 100
91 80 100
89 80 100
89 80 100
89 81 100
89 81 100
88 81 100
88 82 100
88 82 100
87 82 100
86 82 100
85 82 100
84 82 100
83 82 100
137 129 100
138 129 100
138 130 100
139 130 100
140 129 100
140 128 100
140 127 100
140 126 100
140 125 100
140 124 100
140 123 100
140 122 100
140 121 100
140 119 100
140 118 100
140 117 100
140 116 100
140 115 100
140 114 100
140 113 100
140 112 100
140 111 100
140 111 100
189 184 100
189 184 100
190 184 100
190 184 100
190 184 100
190 183 100
190 183 100
190 182 100
190 182 100
190 181 100
190 181 100
189 180 100
188 180 100
187 180 100
186 180 100
185 180 100
184 180 100
183 180 100
182 180 100
181 180 100
179 180 100
178 180 100
177 180 100
176 180 100
175 180 100
174 180 100
173 180 100
172 180 100
171 180 100
170 179 100
170 178 100
170 177 100
170 176 100
170 175 100
170 174 100
170 173 100
170 172 100
170 171 100
170 169 100
170 168 100
170 167 100
170 166 100
170 165 100
170 164 100
170 163 100
170 162 100
170 161 100
169 160 100
169 160 100
168 160 100
168 160 100
167 160 100
167 160 100
167 160 100
166 160 100
166 160 100
166 160 100
165 160 100
165 160 100
164 160 100
164 160 100
163 160 100
163 160 100
162 160 100
162 160 100
161 160 100
161 160 100
160 159 100
160 159 100
160 158 100
160 158 100
160 157 100
160 156 100
160 155 100
160 154 100
160 153 100
160 152 100
160 151 100
159 150 100
158 150 100
157 150 100
157 150 100
156 150 100
156 150 100
155 150 100
155 150 100
154 150 100
154 150 100
154 150 100
153 150 100
153 150 100
153 150 100
152 150 100
152 150 100
152 150 100
151 150 100
151 150 100
151 150 100
150 149 100
150 149 100
150 148 100
150 148 100
150 147 100
150 147 100
150 146 100
150 146 100
150 145 100
150 144 100
150 143 100
150 142 100
150 141 100
150 139 100
150 138 100
150 137 100
150 136 100
150 135 100
150 134 100
150 133 100
150 132 100
150 131 100
149 130 100
148 130 100
147 130 100
146 130 100
145 130 100
144 130 100
143 130 100
142 130 100
141 130 100
190 16 100
190 17 100
190 18 100
190 19 100
189 20 100
188 20 100
187 20 100
186 20 100
185 20 100
184 20 100
183 20 100
182 20 100
181 20 100
180 21 100
180 22 100
180 23 100
180 24 100
180 25 100
180 26 100
180 27 100
180 28 100
180 29 100
180 31 100
180 32 100
180 33 100
180 34 100
180 35 100
180 36 100
180 37 100
180 38 100
180 39 100
179 40 100
178 40 100
177 40 100
176 40 100
175 40 100
174 40 100
173 40 100
172 40 100
171 40 100
170 41 100
170 42 100
170 43 100
170 44 100
170 45 100
170 46 100
170 47 100
170 48 100
170 49 100
169 50 100
169 51 100
168 51 100
168 52 100
168 52 100
167 52 100
167 52 100
167 53 100
167 53 100
166 53 100
166 53 100
166 54 100
166 54 100
165 54 100
165 54 100
165 54 100
165 55 100
165 55 100
164 55 100
164 55 100
164 55 100
164 56 100
164 56 100
163 56 100
163 56 100
163 57 100
163 57 100
162 57 100
162 57 100
162 58 100
162 58 100
161 58 100
161 58 100
161 59 100
161 59 100
160 59 100
160 59 100
160 60 100
160 60 100
159 60 100
159 60 100
159 61 100
159 61 100
158 61 100
158 61 100
158 62 100
158 62 100
157 62 100
157 62 100
157 63 100
157 63 100
156 63 100
156 63 100
156 63 100
156 64 100
156 64 100
156 64 100
155 64 100
155 64 100
155 64 100
155 65 100
155 65 100
154 65 100
154 65 100
154 66 100
154 66 100
153 66 100
153 66 100
153 67 100
153 67 100
152 67 100
152 67 100
152 68 100
151 68 100
151 69 100
150 69 100
149 70 100
148 70 100
147 70 100
146 70 100
145 70 100
145 70 100
144 70 100
144 70 100
143 70 100
143 70 100
142 70 100
142 70 100
141 70 100
141 70 100
139 70 100
139 70 100
138 70 100
138 70 100
137 70 100
137 70 100
137 70 100
136 70 100
136 70 100
136 70 100
135 70 100
135 70 100
135 70 100
134 70 100
134 70 100
134 70 100
133 70 100
133 70 100
133 70 100
132 70 100
132 70 100
132 70 100
131 70 100
131 70 100
131 70 100
130 71 100
130 71 100
130 71 100
130 72 100
130 72 100
130 72 100
130 73 100
130 73 100
130 73 100
130 74 100
130 74 100
130 74 100
130 75 100
130 75 100
130 75 100
130 76 100
130 76 100
130 77 100
130 77 100
130 78 100
130 78 100
130 79 100
130 79 100
24 90 100
25 90 100
26 90 100
27 90 100
28 90 100
29 90 100
31 90 100
32 90 100
33 90 100
34 90 100
35 90 100
36 90 100
37 90 100
38 90 100
39 90 100
41 90 100
42 90 100
43 90 100
44 90 100
45 90 100
46 90 100
47 90 100
48 90 100
49 90 100
90 39 100
90 38 100
90 37 100
90 36 100
90 35 100
90 34 100
90 33 100
90 32 100
90 31 100
89 30 100
88 30 100
87 30 100
86 30 100
85 30 100
84 30 100
83 30 100
82 30 100
81 30 100
79 30 100
78 30 100
77 30 100
76 30 100
75 30 100
74 30 100
73 30 100
72 30 100
71 30 100
69 30 100
69 29 100
68 29 100
51 176 100
51 176 100
50 176 100
50 175 100
50 174 100
50 173 100
50 172 100
50 171 100
51 170 100
52 170 100
53 170 100
54 170 100
55 170 100
56 170 100
57 170 100
58 170 100
59 170 100
108 67 100
109 67 100
109 68 100
110 68 100
110 69 100
110 71 100
110 72 100
110 73 100
110 74 100
110 75 100
110 76 100
110 77 100
110 78 100
110 79 100
