# score 287736
120 10 100
130 10 100
140 10 100
150 10 100
160 10 100
170 10 100
180 10 100
190 10 100
120 20 100
130 20 100
140 20 100
150 20 100
160 20 100
170 20 100
180 20 100
190 20 100
120 30 100
130 30 100
140 30 100
150 30 100
160 30 100
170 30 100
180 30 100
190 30 100
120 40 100
130 40 100
140 40 100
150 40 100
160 40 100
170 40 100
180 40 100
190 40 100
120 50 100
130 50 100
140 50 100
150 50 100
160 50 100
170 50 100
180 50 100
190 50 100
120 60 100
130 60 100
140 60 100
150 60 100
160 60 100
170 60 100
180 60 100
190 60 100
120 70 100
130 70 100
140 70 100
150 70 100
160 70 100
170 70 100
180 70 100
190 70 100
120 80 100
130 80 100
140 80 100
150 80 100
160 80 100
170 80 100
180 80 100
190 80 100
120 90 100
130 90 100
140 90 100
150 90 100
160 90 100
170 90 100
180 90 100
190 90 100
0 10 100
10 10 100
20 10 100
30 10 100
40 10 100
0 20 100
10 20 100
20 20 100
30 20 100
40 20 100
0 30 100
10 30 100
20 30 100
30 30 100
40 30 100
0 40 100
10 40 100
20 40 100
30 40 100
40 40 100
0 50 100
10 50 100
20 50 100
30 50 100
40 50 100
0 60 100
10 60 100
20 60 100
30 60 100
40 60 100
0 70 100
10 70 100
20 70 100
30 70 100
40 70 100
0 80 100
10 80 100
20 80 100
30 80 100
40 80 100
0 90 100
10 90 100
20 90 100
30 90 100
40 90 100
70 0 100
80 0 100
90 0 100
100 0 100
110 0 100
120 0 100
130 0 100
140 0 100
150 0 100
70 10 100
80 10 100
90 10 100
100 10 100
110 10 100
120 10 100
130 10 100
150 10 100
70 20 100
80 20 100
90 20 100
100 20 100
110 20 100
120 20 100
130 20 100
150 20 100
70 30 100
80 30 100
90 30 100
100 30 100
110 30 100
120 30 100
130 30 100
140 30 100
150 30 100
70 40 100
80 40 100
90 40 100
100 40 100
110 40 100
130 40 100
150 40 100
70 50 100
80 50 100
90 50 100
100 50 100
110 50 100
150 50 100
150 110 100
160 110 100
170 110 100
180 110 100
190 110 100
150 120 100
160 120 100
170 120 100
180 120 100
190 120 100
150 130 100
160 130 100
170 130 100
180 130 100
190 130 100
150 140 100
160 140 100
170 140 100
180 140 100
190 140 100
150 150 100
160 150 100
170 150 100
180 150 100
190 150 100
150 160 100
160 160 100
170 160 100
180 160 100
190 160 100
150 170 100
160 170 100
170 170 100
180 170 100
190 170 100
150 180 100
160 180 100
170 180 100
180 180 100
190 180 100
150 190 100
160 190 100
170 190 100
180 190 100
190 190 100
60 0 100
70 0 100
80 0 100
90 0 100
100 0 100
110 0 100
120 0 100
130 0 100
60 10 100
70 10 100
80 10 100
90 10 100
100 10 100
110 10 100
120 10 100
130 10 100
60 20 100
70 20 100
90 20 100
100 20 100
110 20 100
120 20 100
130 20 100
60 30 100
80 30 100
90 30 100
110 30 100
60 40 100
110 40 100
60 50 100
60 60 100
70 60 100
80 60 100
90 60 100
100 60 100
110 60 100
60 70 100
70 70 100
80 70 100
90 70 100
100 70 100
110 70 100
50 30 100
60 30 100
40 40 100
50 40 100
50 50 100
50 60 100
50 70 100
60 70 100
80 70 100
40 80 100
50 80 100
60 80 100
70 80 100
80 80 100
90 80 100
100 80 100
110 80 100
40 90 100
50 90 100
60 90 100
70 90 100
80 90 100
90 90 100
100 90 100
110 90 100
40 100 100
50 100 100
60 100 100
70 100 100
80 100 100
90 100 100
100 100 100
110 100 100
120 100 100
40 110 100
50 110 100
60 110 100
70 110 100
80 110 100
90 110 100
100 110 100
110 110 100
120 110 100
0 120 100
10 120 100
20 120 100
30 120 100
40 120 100
50 120 100
60 120 100
0 130 100
10 130 100
20 130 100
30 130 100
40 130 100
50 130 100
60 130 100
0 140 100
10 140 100
20 140 100
30 140 100
40 140 100
50 140 100
60 140 100
0 150 100
10 150 100
20 150 100
30 150 100
40 150 100
50 150 100
60 150 100
0 160 100
10 160 100
20 160 100
30 160 100
40 160 100
50 160 100
60 160 100
0 170 100
10 170 100
20 170 100
30 170 100
40 170 100
50 170 100
60 170 100
0 180 100
10 180 100
20 180 100
30 180 100
40 180 100
50 180 100
60 180 100
0 190 100
10 190 100
20 190 100
30 190 100
40 190 100
50 190 100
60 190 100
120 140 100
130 140 100
140 140 100
120 150 100
130 150 100
140 150 100
120 160 100
130 160 100
140 160 100
120 170 100
130 170 100
140 170 100
120 180 100
130 180 100
140 180 100
120 190 100
130 190 100
140 190 100
50 80 100
60 80 100
30 90 100
40 90 100
50 90 100
60 90 100
0 100 100
10 100 100
20 100 100
30 100 100
40 100 100
50 100 100
60 100 100
0 110 100
10 110 100
20 110 100
30 110 100
40 110 100
50 110 100
60 110 100
0 120 100
10 120 100
20 120 100
30 120 100
40 120 100
50 120 100
60 120 100
150 70 100
160 70 100
170 70 100
180 70 100
190 70 100
150 80 100
160 80 100
170 80 100
180 80 100
190 80 100
150 90 100
160 90 100
170 90 100
180 90 100
190 90 100
150 100 100
160 100 100
170 100 100
180 100 100
190 100 100
150 110 100
160 110 100
170 110 100
180 110 100
150 120 100
160 120 100
110 100 100
120 100 100
130 100 100
140 100 100
150 100 100
160 100 100
170 100 100
180 100 100
100 110 100
110 110 100
120 110 100
130 110 100
140 110 100
150 110 100
160 110 100
170 110 100
180 110 100
100 120 100
110 120 100
120 120 100
130 120 100
140 120 100
150 120 100
160 120 100
100 130 100
110 130 100
120 130 100
130 130 100
140 130 100
100 140 100
110 140 100
100 150 100
110 150 100
100 160 100
110 160 100
100 170 100
110 170 100
120 170 100
100 180 100
110 180 100
120 180 100
130 180 100
0 140 100
10 140 100
20 140 100
30 140 100
40 140 100
0 150 100
10 150 100
20 150 100
30 150 100
40 150 100
0 160 100
10 160 100
40 160 100
30 170 100
199 152 100
198 152 100
198 151 100
197 151 100
197 150 100
196 150 100
195 150 100
194 150 100
193 150 100
192 150 100
191 150 100
189 150 100
188 150 100
187 150 100
186 150 100
185 150 100
184 150 100
183 150 100
182 150 100
181 150 100
179 150 100
178 150 100
177 150 100
176 150 100
175 150 100
174 150 100
173 150 100
172 150 100
171 150 100
169 150 100
168 150 100
167 150 100
166 150 100
165 150 100
164 150 100
163 150 100
162 150 100
161 150 100
159 150 100
158 150 100
157 150 100
156 150 100
155 150 100
154 150 100
153 150 100
152 150 100
151 150 100
149 150 100
148 150 100
147 150 100
146 150 100
145 150 100
144 150 100
143 150 100
142 150 100
141 150 100
141 149 100
142 149 100
142 148 100
142 147 100
142 146 100
142 145 100
141 145 100
141 144 100
140 144 100
140 143 100
140 142 100
140 141 100
139 140 100
138 140 100
137 140 100
136 140 100
135 140 100
134 140 100
133 140 100
132 140 100
131 140 100
129 140 100
128 140 100
127 140 100
126 140 100
125 140 100
124 140 100
123 140 100
122 140 100
121 140 100
120 139 100
120 138 100
120 137 100
120 136 100
120 135 100
120 134 100
120 133 100
120 132 100
120 131 100
120 129 100
120 129 100
120 128 100
120 128 100
120 127 100
120 127 100
120 126 100
120 126 100
120 125 100
120 125 100
120 124 100
120 123 100
120 122 100
120 121 100
120 119 100
120 118 100
120 118 100
120 117 100
120 117 100
120 116 100
120 116 100
120 115 100
120 115 100
120 114 100
120 114 100
120 113 100
120 113 100
120 112 100
120 112 100
120 111 100
120 111 100
120 109 100
120 109 100
120 108 100
120 108 100
120 107 100
120 107 100
120 106 100
120 106 100
120 105 100
120 105 100
120 105 100
120 104 100
120 104 100
120 104 100
120 103 100
120 103 100
120 103 100
120 103 100
120 102 100
120 102 100
120 102 100
120 102 100
120 101 100
120 101 100
120 101 100
120 101 100
120 100 100
120 100 100
120 99 100
120 99 100
120 99 100
120 99 100
120 98 100
120 98 100
120 98 100
120 97 100
120 97 100
120 97 100
120 96 100
120 96 100
120 95 100
120 95 100
120 94 100
120 94 100
120 93 100
120 92 100
120 91 100
120 89 100
120 88 100
120 87 100
120 86 100
120 85 100
120 84 100
120 83 100
120 82 100
120 81 100
120 79 100
120 78 100
120 77 100
120 76 100
120 75 100
120 74 100
120 73 100
120 72 100
120 71 100
120 69 100
120 68 100
120 67 100
120 66 100
120 65 100
120 64 100
120 63 100
120 62 100
120 61 100
120 59 100
120 58 100
120 57 100
120 56 100
120 55 100
120 54 100
120 53 100
120 52 100
120 51 100
120 49 100
120 48 100
120 47 100
120 46 100
120 45 100
120 44 100
120 43 100
120 42 100
120 41 100
120 39 100
120 38 100
120 37 100
120 36 100
120 35 100
120 34 100
120 33 100
120 32 100
120 31 100
120 29 100
120 29 100
120 28 100
120 28 100
120 27 100
120 27 100
120 27 100
120 26 100
120 26 100
120 26 100
120 25 100
120 25 100
120 25 100
120 24 100
120 24 100
120 24 100
120 23 100
120 23 100
120 23 100
120 22 100
120 22 100
120 22 100
120 21 100
120 21 100
120 21 100
119 20 100
119 20 100
119 20 100
119 19 100
119 19 100
119 19 100
118 19 100
118 19 100
118 18 100
118 18 100
118 18 100
117 18 100
117 18 100
117 17 100
117 17 100
117 17 100
116 17 100
116 17 100
116 17 100
116 16 100
116 16 100
116 16 100
116 15 100
116 15 100
116 15 100
116 15 100
101 37 100
100 37 100
100 38 100
100 39 100
101 40 100
102 40 100
103 40 100
104 40 100
105 40 100
106 40 100
107 40 100
108 40 100
109 40 100
111 40 100
111 40 100
112 40 100
112 40 100
113 40 100
113 40 100
114 40 100
114 40 100
115 40 100
115 40 100
116 40 100
116 40 100
117 40 100
118 40 100
119 40 100
86 79 100
87 79 100
87 80 100
88 80 100
89 80 100
91 80 100
92 80 100
93 80 100
94 80 100
95 80 100
96 80 100
97 80 100
98 80 100
99 80 100
101 80 100
102 80 100
103 80 100
104 80 100
105 80 100
106 80 100
107 80 100
108 80 100
109 80 100
111 80 100
112 80 100
113 80 100
114 80 100
115 80 100
116 80 100
117 80 100
118 80 100
119 80 100
28 164 100
29 164 100
29 164 100
29 165 100
29 165 100
30 165 100
30 165 100
30 166 100
30 166 100
30 167 100
30 167 100
30 168 100
30 168 100
30 169 100
30 169 100
29 170 100
29 170 100
28 170 100
27 170 100
26 170 100
25 170 100
24 170 100
23 170 100
22 170 100
21 170 100
19 170 100
18 170 100
17 170 100
16 170 100
15 170 100
14 170 100
13 170 100
12 170 100
11 170 100
9 170 100
8 170 100
7 170 100
6 170 100
5 170 100
4 170 100
3 170 100
2 170 100
1 170 100
0 169 100
0 168 100
0 167 100
0 166 100
0 165 100
0 164 100
0 163 100
0 162 100
0 161 100
0 159 100
0 159 100
0 158 100
0 158 100
0 157 100
0 157 100
0 157 100
0 156 100
0 156 100
0 156 100
0 155 100
0 155 100
0 155 100
0 154 100
0 154 100
0 154 100
0 153 100
0 153 100
0 153 100
0 152 100
0 152 100
0 152 100
0 151 100
0 151 100
0 151 100
0 150 100
0 149 100
0 149 100
0 149 100
0 149 100
0 148 100
0 148 100
0 148 100
0 148 100
0 148 100
0 147 100
0 147 100
0 147 100
0 147 100
0 147 100
0 147 100
0 146 100
0 146 100
0 146 100
0 146 100
0 146 100
0 146 100
0 145 100
0 145 100
0 145 100
0 145 100
0 145 100
0 145 100
0 145 100
0 144 100
0 144 100
0 144 100
0 144 100
0 144 100
0 144 100
0 144 100
0 143 100
0 143 100
0 143 100
0 143 100
0 143 100
0 143 100
0 143 100
0 142 100
0 142 100
0 142 100
0 142 100
0 142 100
0 142 100
0 141 100
0 141 100
0 141 100
0 141 100
0 141 100
0 141 100
0 140 100
0 140 100
0 140 100
0 140 100
0 139 100
0 139 100
0 139 100
0 139 100
0 139 100
0 139 100
0 138 100
0 138 100
0 138 100
0 138 100
0 138 100
0 138 100
0 137 100
0 137 100
0 137 100
0 137 100
0 137 100
0 137 100
0 137 100
0 136 100
0 136 100
0 136 100
0 136 100
0 136 100
0 136 100
0 136 100
0 136 100
0 135 100
0 135 100
0 135 100
0 135 100
0 135 100
0 135 100
0 135 100
0 135 100
0 135 100
0 134 100
0 134 100
0 134 100
0 134 100
0 134 100
0 134 100
0 134 100
0 134 100
0 134 100
0 133 100
0 133 100
0 133 100
0 133 100
0 133 100
0 133 100
0 133 100
0 133 100
0 133 100
0 133 100
0 132 100
0 132 100
0 132 100
0 132 100
0 132 100
0 132 100
0 132 100
0 132 100
0 132 100
0 131 100
0 131 100
0 131 100
0 131 100
0 131 100
0 131 100
0 131 100
0 131 100
0 130 100
0 130 100
0 130 100
0 130 100
0 130 100
0 130 100
0 129 100
0 129 100
0 129 100
0 129 100
0 129 100
0 129 100
0 128 100
0 128 100
0 128 100
0 128 100
0 128 100
0 128 100
0 127 100
0 127 100
0 127 100
0 127 100
0 127 100
0 127 100
0 126 100
0 126 100
0 126 100
0 126 100
0 126 100
0 126 100
0 125 100
0 125 100
0 125 100
0 125 100
0 125 100
0 125 100
0 124 100
0 124 100
0 124 100
0 124 100
0 124 100
0 124 100
0 123 100
0 123 100
0 123 100
0 123 100
0 123 100
0 123 100
0 122 100
0 122 100
0 122 100
0 122 100
0 122 100
0 122 100
0 121 100
0 121 100
0 121 100
0 121 100
0 121 100
0 121 100
0 120 100
0 120 100
0 120 100
0 119 100
0 119 100
0 119 100
0 119 100
0 118 100
0 118 100
0 118 100
0 117 100
0 117 100
0 117 100
0 116 100
0 116 100
0 115 100
0 115 100
0 114 100
0 113 100
0 112 100
0 111 100
0 109 100
0 108 100
0 107 100
0 106 100
0 105 100
0 104 100
0 103 100
0 102 100
0 101 100
0 99 100
0 98 100
0 97 100
0 96 100
0 95 100
0 94 100
0 93 100
0 92 100
0 91 100
0 89 100
0 88 100
0 87 100
0 86 100
0 85 100
0 84 100
0 83 100
0 82 100
0 81 100
0 79 100
0 78 100
0 77 100
0 76 100
0 75 100
0 74 100
0 73 100
0 72 100
0 71 100
0 69 100
0 68 100
0 67 100
0 66 100
0 65 100
0 64 100
0 63 100
0 62 100
0 61 100
1 60 100
1 59 100
2 59 100
3 59 100
4 59 100
5 59 100
160 181 100
160 179 100
160 178 100
160 177 100
160 176 100
160 175 100
160 174 100
160 173 100
160 172 100
160 171 100
160 169 100
160 168 100
160 167 100
160 166 100
160 165 100
160 164 100
160 163 100
160 162 100
160 161 100
160 159 100
160 158 100
160 157 100
160 156 100
160 155 100
160 154 100
160 153 100
160 152 100
160 151 100
29 85 100
30 85 100
30 84 100
30 83 100
30 82 100
30 81 100
29 80 100
28 80 100
27 80 100
26 80 100
25 80 100
24 80 100
23 80 100
22 80 100
21 80 100
19 80 100
18 80 100
17 80 100
16 80 100
15 80 100
14 80 100
13 80 100
12 80 100
11 80 100
9 80 100
8 80 100
7 80 100
6 80 100
5 80 100
4 80 100
3 80 100
2 80 100
1 80 100
191 118 100
190 118 100
190 119 100
190 121 100
190 122 100
190 123 100
190 124 100
190 125 100
190 126 100
190 127 100
190 128 100
190 129 100
190 131 100
190 132 100
190 133 100
190 134 100
190 135 100
190 136 100
190 137 100
190 138 100
190 139 100
190 141 100
190 142 100
190 143 100
190 144 100
190 145 100
190 146 100
190 147 100
190 148 100
190 149 100
8 185 100
9 185 100
9 184 100
10 184 100
10 183 100
10 182 100
10 181 100
10 179 100
10 178 100
10 177 100
10 176 100
10 175 100
10 174 100
10 173 100
10 172 100
10 171 100
