# score 255288
120 0 100
130 0 100
140 0 100
150 0 100
160 0 100
170 0 100
180 0 100
190 0 100
120 10 100
130 10 100
140 10 100
150 10 100
160 10 100
170 10 100
180 10 100
190 10 100
120 20 100
130 20 100
140 20 100
150 20 100
160 20 100
170 20 100
180 20 100
190 20 100
120 30 100
130 30 100
140 30 100
150 30 100
160 30 100
170 30 100
180 30 100
190 30 100
120 40 100
130 40 100
140 40 100
150 40 100
160 40 100
170 40 100
180 40 100
190 40 100
120 50 100
130 50 100
140 50 100
150 50 100
160 50 100
170 50 100
180 50 100
190 50 100
120 60 100
130 60 100
140 60 100
150 60 100
160 60 100
170 60 100
180 60 100
190 60 100
120 70 100
130 70 100
140 70 100
150 70 100
160 70 100
170 70 100
180 70 100
190 70 100
150 50 100
160 50 100
170 50 100
180 50 100
190 50 100
150 60 100
160 60 100
170 60 100
180 60 100
190 60 100
150 70 100
160 70 100
170 70 100
190 70 100
150 80 100
160 80 100
170 80 100
180 80 100
190 80 100
150 90 100
160 90 100
170 90 100
180 90 100
190 90 100
150 100 100
160 100 100
170 100 100
180 100 100
190 100 100
150 110 100
160 110 100
170 110 100
180 110 100
190 110 100
150 120 100
160 120 100
170 120 100
180 120 100
190 120 100
150 130 100
160 130 100
170 130 100
180 130 100
190 130 100
0 90 100
10 90 100
20 90 100
30 90 100
40 90 100
50 90 100
0 100 100
10 100 100
20 100 100
30 100 100
40 100 100
50 100 100
0 110 100
10 110 100
20 110 100
30 110 100
40 110 100
50 110 100
0 120 100
10 120 100
20 120 100
30 120 100
40 120 100
50 120 100
0 130 100
10 130 100
20 130 100
30 130 100
40 130 100
50 130 100
0 140 100
10 140 100
20 140 100
30 140 100
40 140 100
50 140 100
0 150 100
10 150 100
20 150 100
30 150 100
40 150 100
50 150 100
0 160 100
10 160 100
20 160 100
30 160 100
40 160 100
50 160 100
0 170 100
10 170 100
20 170 100
30 170 100
40 170 100
50 170 100
0 0 100
10 0 100
20 0 100
30 0 100
40 0 100
50 0 100
60 0 100
70 0 100
0 10 100
10 10 100
20 10 100
30 10 100
40 10 100
50 10 100
60 10 100
70 10 100
0 20 100
10 20 100
20 20 100
30 20 100
40 20 100
50 20 100
60 20 100
70 20 100
0 30 100
10 30 100
20 30 100
30 30 100
40 30 100
50 30 100
60 30 100
70 30 100
0 40 100
10 40 100
20 40 100
30 40 100
40 40 100
50 40 100
60 40 100
70 40 100
0 50 100
10 50 100
20 50 100
30 50 100
40 50 100
50 50 100
60 50 100
70 50 100
60 10 100
70 10 100
80 10 100
90 10 100
100 10 100
110 10 100
120 10 100
140 10 100
60 20 100
70 20 100
80 20 100
90 20 100
100 20 100
110 20 100
120 20 100
130 20 100
140 20 100
60 30 100
70 30 100
80 30 100
90 30 100
100 30 100
110 30 100
120 30 100
130 30 100
140 30 100
60 40 100
70 40 100
80 40 100
90 40 100
100 40 100
110 40 100
120 40 100
130 40 100
140 40 100
70 50 100
80 50 100
90 50 100
100 50 100
110 50 100
120 50 100
130 50 100
140 50 100
60 60 100
70 60 100
80 60 100
90 60 100
100 60 100
110 60 100
120 60 100
130 60 100
140 60 100
60 70 100
70 70 100
80 70 100
90 70 100
100 70 100
110 70 100
120 70 100
140 70 100
60 80 100
70 80 100
80 80 100
90 80 100
100 80 100
110 80 100
120 80 100
130 80 100
140 80 100
60 90 100
70 90 100
80 90 100
90 90 100
100 90 100
110 90 100
120 90 100
130 90 100
140 90 100
50 30 100
60 30 100
0 40 100
10 40 100
20 40 100
30 40 100
40 40 100
50 40 100
60 40 100
0 50 100
10 50 100
20 50 100
30 50 100
40 50 100
0 60 100
10 60 100
20 60 100
30 60 100
40 60 100
50 60 100
60 60 100
0 70 100
10 70 100
20 70 100
30 70 100
40 70 100
50 70 100
60 70 100
0 80 100
10 80 100
20 80 100
30 80 100
40 80 100
50 80 100
60 80 100
0 90 100
20 90 100
30 90 100
40 90 100
50 90 100
60 90 100
0 100 100
10 100 100
20 100 100
30 100 100
40 100 100
50 100 100
60 100 100
0 110 100
10 110 100
30 110 100
40 110 100
50 110 100
60 110 100
120 110 100
130 110 100
140 110 100
150 110 100
170 110 100
180 110 100
190 110 100
120 120 100
130 120 100
140 120 100
150 120 100
160 120 100
170 120 100
180 120 100
120 130 100
130 130 100
140 130 100
150 130 100
160 130 100
170 130 100
180 130 100
190 130 100
120 140 100
130 140 100
140 140 100
150 140 100
160 140 100
170 140 100
180 140 100
190 140 100
120 150 100
130 150 100
140 150 100
150 150 100
160 150 100
170 150 100
180 150 100
190 150 100
120 160 100
130 160 100
140 160 100
150 160 100
160 160 100
170 160 100
180 160 100
190 160 100
120 170 100
130 170 100
140 170 100
150 170 100
160 170 100
170 170 100
180 170 100
190 170 100
120 180 100
130 180 100
140 180 100
150 180 100
160 180 100
170 180 100
180 180 100
190 180 100
120 190 100
130 190 100
140 190 100
150 190 100
160 190 100
170 190 100
180 190 100
190 190 100
0 150 100
10 150 100
30 150 100
40 150 100
0 160 100
10 160 100
20 160 100
30 160 100
10 170 100
20 170 100
30 170 100
0 180 100
10 180 100
20 180 100
30 180 100
40 180 100
50 180 100
0 190 100
10 190 100
20 190 100
30 190 100
40 190 100
50 190 100
19 135 100
20 135 100
20 134 100
20 133 100
20 132 100
20 131 100
20 129 100
20 128 100
20 127 100
20 126 100
20 125 100
20 124 100
20 123 100
20 122 100
20 121 100
20 119 100
20 118 100
20 117 100
20 116 100
20 115 100
20 114 100
20 113 100
20 112 100
20 111 100
20 109 100
20 108 100
20 107 100
20 106 100
20 105 100
20 104 100
20 103 100
20 102 100
20 101 100
20 101 100
21 100 100
21 100 100
21 100 100
21 99 100
21 99 100
21 99 100
21 99 100
22 99 100
22 99 100
22 99 100
22 99 100
22 99 100
22 98 100
22 98 100
22 98 100
22 98 100
22 98 100
22 98 100
22 98 100
22 97 100
22 97 100
22 97 100
22 97 100
22 97 100
22 97 100
22 97 100
22 97 100
22 97 100
22 96 100
22 96 100
22 96 100
22 96 100
22 96 100
22 96 100
22 96 100
22 96 100
22 96 100
22 96 100
22 96 100
22 95 100
22 95 100
22 95 100
22 95 100
22 95 100
22 95 100
22 95 100
22 95 100
22 95 100
22 95 100
22 95 100
22 95 100
22 94 100
22 94 100
22 94 100
22 94 100
22 94 100
22 94 100
22 94 100
22 94 100
22 94 100
22 94 100
22 94 100
22 94 100
22 94 100
22 93 100
22 93 100
22 93 100
22 93 100
22 93 100
22 93 100
22 93 100
22 93 100
22 93 100
22 93 100
22 93 100
22 93 100
22 93 100
22 93 100
22 92 100
22 92 100
22 92 100
22 92 100
22 92 100
22 92 100
22 92 100
22 92 100
22 92 100
22 92 100
22 92 100
22 92 100
22 92 100
22 91 100
22 91 100
22 91 100
22 91 100
22 91 100
22 91 100
22 91 100
22 91 100
22 91 100
22 91 100
22 91 100
22 91 100
22 90 100
22 90 100
22 90 100
22 90 100
22 90 100
22 90 100
22 90 100
22 90 100
22 90 100
22 90 100
22 89 100
22 89 100
22 89 100
22 89 100
22 89 100
22 89 100
22 89 100
22 89 100
22 89 100
22 88 100
22 88 100
22 88 100
22 88 100
22 88 100
22 88 100
22 88 100
22 87 100
22 87 100
22 87 100
22 87 100
22 87 100
22 87 100
22 86 100
22 86 100
22 86 100
22 86 100
22 86 100
22 85 100
22 85 100
22 85 100
22 85 100
22 84 100
22 84 100
22 84 100
22 83 100
22 83 100
22 82 100
22 82 100
22 81 100
22 81 100
22 80 100
22 79 100
22 78 100
22 77 100
22 76 100
22 75 100
23 75 100
23 74 100
24 74 100
24 73 100
25 73 100
25 72 100
26 72 100
26 71 100
27 71 100
27 70 100
27 70 100
28 70 100
28 70 100
29 70 100
29 70 100
31 70 100
32 70 100
33 70 100
34 70 100
35 70 100
36 70 100
37 70 100
38 70 100
39 70 100
41 70 100
42 70 100
43 70 100
44 70 100
45 70 100
46 70 100
47 70 100
48 70 100
49 70 100
50 69 100
50 68 100
50 67 100
50 66 100
50 65 100
50 64 100
50 63 100
50 62 100
50 61 100
50 59 100
50 58 100
50 57 100
50 56 100
50 55 100
50 54 100
50 53 100
50 52 100
50 51 100
51 50 100
52 50 100
53 50 100
54 50 100
55 50 100
56 50 100
57 50 100
58 50 100
59 50 100
61 50 100
62 50 100
63 50 100
64 50 100
65 50 100
66 50 100
66 50 100
67 50 100
67 50 100
68 50 100
68 50 100
69 50 100
69 50 100
69 50 100
70 50 100
71 50 100
71 50 100
71 50 100
71 50 100
72 50 100
72 50 100
72 50 100
72 50 100
73 50 100
73 50 100
73 50 100
73 50 100
74 50 100
74 50 100
74 50 100
75 50 100
75 50 100
75 50 100
76 50 100
76 50 100
76 50 100
77 50 100
77 50 100
78 50 100
78 50 100
79 50 100
81 50 100
82 50 100
83 50 100
84 50 100
85 50 100
86 50 100
87 50 100
88 50 100
89 50 100
90 51 100
90 52 100
90 53 100
90 54 100
90 55 100
90 56 100
90 57 100
90 58 100
90 59 100
90 61 100
90 62 100
90 63 100
90 64 100
90 65 100
90 66 100
90 66 100
90 67 100
90 67 100
90 68 100
90 68 100
90 68 100
90 69 100
90 69 100
90 69 100
90 69 100
90 70 100
90 70 100
90 70 100
90 70 100
90 71 100
90 71 100
90 71 100
90 71 100
90 71 100
90 71 100
90 72 100
90 72 100
90 72 100
90 72 100
90 72 100
90 72 100
90 72 100
90 73 100
90 73 100
90 73 100
90 73 100
90 73 100
90 73 100
90 73 100
90 73 100
90 74 100
90 74 100
90 74 100
90 74 100
90 74 100
90 74 100
90 74 100
90 74 100
90 74 100
90 75 100
90 75 100
90 75 100
90 75 100
90 75 100
90 75 100
90 75 100
90 75 100
90 75 100
90 75 100
90 76 100
90 76 100
90 76 100
90 76 100
90 76 100
90 76 100
90 76 100
90 76 100
90 76 100
90 76 100
90 77 100
90 77 100
90 77 100
90 77 100
90 77 100
90 77 100
90 77 100
90 77 100
90 77 100
90 77 100
90 78 100
90 78 100
90 78 100
90 78 100
90 78 100
90 78 100
90 78 100
90 78 100
90 78 100
90 79 100
90 79 100
90 79 100
90 79 100
90 79 100
90 79 100
90 79 100
90 79 100
90 80 100
90 80 100
90 80 100
90 80 100
90 80 100
90 80 100
90 81 100
90 81 100
90 81 100
90 81 100
90 81 100
90 81 100
90 82 100
90 82 100
90 82 100
90 82 100
90 82 100
90 83 100
90 83 100
90 83 100
90 83 100
90 84 100
90 84 100
90 84 100
90 85 100
90 85 100
90 86 100
90 86 100
90 87 100
90 87 100
90 88 100
90 89 100
91 90 100
92 90 100
93 90 100
94 90 100
94 90 100
95 90 100
95 90 100
96 90 100
96 90 100
96 90 100
97 90 100
97 90 100
97 90 100
97 90 100
98 90 100
98 90 100
98 90 100
98 90 100
98 90 100
98 90 100
99 90 100
99 90 100
99 90 100
99 90 100
99 90 100
99 90 100
99 90 100
100 90 100
100 90 100
100 90 100
100 90 100
100 90 100
100 90 100
100 90 100
101 90 100
101 90 100
101 90 100
101 90 100
101 90 100
101 90 100
101 90 100
101 90 100
101 90 100
102 90 100
102 90 100
102 90 100
102 90 100
102 90 100
102 90 100
102 90 100
102 90 100
102 90 100
103 90 100
103 90 100
103 90 100
103 90 100
103 90 100
103 90 100
103 90 100
103 90 100
104 90 100
104 90 100
104 90 100
104 90 100
104 90 100
104 90 100
104 90 100
104 90 100
105 90 100
105 90 100
105 90 100
105 90 100
105 90 100
105 90 100
106 90 100
106 90 100
106 90 100
106 90 100
106 90 100
107 90 100
107 90 100
107 90 100
107 90 100
108 90 100
108 90 100
108 90 100
108 90 100
109 90 100
109 90 100
109 90 100
110 90 100
110 90 100
111 90 100
111 90 100
112 90 100
112 90 100
113 90 100
114 90 100
115 90 100
116 90 100
117 90 100
118 90 100
119 90 100
120 89 100
120 88 100
120 87 100
120 86 100
120 85 100
120 84 100
120 83 100
120 82 100
120 81 100
121 80 100
122 80 100
123 80 100
124 80 100
125 80 100
126 80 100
127 80 100
128 80 100
129 80 100
130 79 100
130 78 100
130 77 100
130 76 100
130 75 100
130 74 100
130 73 100
130 72 100
130 71 100
131 70 100
131 69 100
132 69 100
132 68 100
133 68 100
133 67 100
134 67 100
134 67 100
134 66 100
134 66 100
135 66 100
135 66 100
135 66 100
135 65 100
135 65 100
135 65 100
135 65 100
136 65 100
136 65 100
136 65 100
136 65 100
136 65 100
136 64 100
136 64 100
136 64 100
136 64 100
136 64 100
136 64 100
137 64 100
137 64 100
137 64 100
137 64 100
137 64 100
137 64 100
137 64 100
137 64 100
137 63 100
137 63 100
137 63 100
137 63 100
137 63 100
137 63 100
137 63 100
137 63 100
137 63 100
137 63 100
138 63 100
138 63 100
138 63 100
138 63 100
138 63 100
138 63 100
138 63 100
138 63 100
138 63 100
138 63 100
138 63 100
138 63 100
138 62 100
138 62 100
138 62 100
138 62 100
138 62 100
138 62 100
138 62 100
138 62 100
138 62 100
138 62 100
138 62 100
138 62 100
138 62 100
139 62 100
139 62 100
139 62 100
139 62 100
139 62 100
139 62 100
139 62 100
139 62 100
139 62 100
139 62 100
139 62 100
139 62 100
139 62 100
139 62 100
139 62 100
139 62 100
139 61 100
139 61 100
139 61 100
139 61 100
139 61 100
139 61 100
139 61 100
139 61 100
139 61 100
139 61 100
139 61 100
139 61 100
139 61 100
139 61 100
139 61 100
139 61 100
140 61 100
140 61 100
140 61 100
140 61 100
140 61 100
140 61 100
140 61 100
140 61 100
140 61 100
140 61 100
140 61 100
140 61 100
140 61 100
140 61 100
140 61 100
140 61 100
140 61 100
140 61 100
140 60 100
140 60 100
140 60 100
140 60 100
140 60 100
140 60 100
140 60 100
140 60 100
140 60 100
140 60 100
140 60 100
140 60 100
140 60 100
140 60 100
140 60 100
140 60 100
141 60 100
141 60 100
141 60 100
141 60 100
141 60 100
141 60 100
141 60 100
141 60 100
141 60 100
141 60 100
141 60 100
141 60 100
141 60 100
141 60 100
141 60 100
141 60 100
141 60 100
141 60 100
141 60 100
142 60 100
142 60 100
142 60 100
142 60 100
142 60 100
142 60 100
142 60 100
142 60 100
142 60 100
142 60 100
142 60 100
142 60 100
142 60 100
142 60 100
142 60 100
142 60 100
142 60 100
142 60 100
142 60 100
143 60 100
143 60 100
143 60 100
143 60 100
143 60 100
143 60 100
143 60 100
143 60 100
143 60 100
143 60 100
143 60 100
143 60 100
143 60 100
143 60 100
143 60 100
143 60 100
143 60 100
143 60 100
144 60 100
144 60 100
144 60 100
144 60 100
144 60 100
144 60 100
144 60 100
144 60 100
144 60 100
144 60 100
144 60 100
144 60 100
144 60 100
144 60 100
144 60 100
144 60 100
145 60 100
145 60 100
145 60 100
145 60 100
145 60 100
145 60 100
145 60 100
145 60 100
145 60 100
145 60 100
145 60 100
145 60 100
145 60 100
146 60 100
146 60 100
146 60 100
146 60 100
146 60 100
146 60 100
146 60 100
146 60 100
146 60 100
146 60 100
147 60 100
147 60 100
147 60 100
147 60 100
147 60 100
147 60 100
147 60 100
148 60 100
148 60 100
148 60 100
148 60 100
148 60 100
149 60 100
149 60 100
149 60 100
151 60 100
151 60 100
152 60 100
153 60 100
154 60 100
155 60 100
156 60 100
157 60 100
158 60 100
159 60 100
159 60 100
160 59 100
160 59 100
160 58 100
160 58 100
160 57 100
160 57 100
160 56 100
160 55 100
160 55 100
160 54 100
160 54 100
160 53 100
160 53 100
160 52 100
160 52 100
160 52 100
160 51 100
160 51 100
160 51 100
160 51 100
160 50 100
160 50 100
160 50 100
160 49 100
160 49 100
160 49 100
160 49 100
160 49 100
160 49 100
160 48 100
160 48 100
160 48 100
160 48 100
160 48 100
160 48 100
160 48 100
160 48 100
160 47 100
160 47 100
160 47 100
160 47 100
160 47 100
160 47 100
160 47 100
160 47 100
160 47 100
160 47 100
160 46 100
160 46 100
160 46 100
160 46 100
160 46 100
160 46 100
160 46 100
160 46 100
160 46 100
160 46 100
160 46 100
160 46 100
160 45 100
160 45 100
160 45 100
160 45 100
160 45 100
160 45 100
160 45 100
160 45 100
160 45 100
160 45 100
160 45 100
160 45 100
160 45 100
160 44 100
160 44 100
160 44 100
160 44 100
160 44 100
160 44 100
160 44 100
160 44 100
160 44 100
160 44 100
160 44 100
160 44 100
160 44 100
160 43 100
160 43 100
160 43 100
160 43 100
160 43 100
160 43 100
160 43 100
160 43 100
160 43 100
160 43 100
160 43 100
160 43 100
160 42 100
160 42 100
160 42 100
160 42 100
160 42 100
160 42 100
160 42 100
160 42 100
160 42 100
160 42 100
160 41 100
160 41 100
160 41 100
160 41 100
160 41 100
160 41 100
160 41 100
160 40 100
160 40 100
160 40 100
160 40 100
160 39 100
160 39 100
160 39 100
160 39 100
160 38 100
160 38 100
160 38 100
160 37 100
160 37 100
160 36 100
160 36 100
160 35 100
160 34 100
160 33 100
30 18 100
30 18 100
30 19 100
31 20 100
32 20 100
33 20 100
34 20 100
35 20 100
36 20 100
37 20 100
38 20 100
39 20 100
40 21 100
40 22 100
40 23 100
40 24 100
40 25 100
40 26 100
40 27 100
40 28 100
40 29 100
41 30 100
41 31 100
41 31 100
42 31 100
42 31 100
42 32 100
42 32 100
42 32 100
43 32 100
43 32 100
43 33 100
43 33 100
43 33 100
44 33 100
44 33 100
44 33 100
44 34 100
44 34 100
44 34 100
44 34 100
45 34 100
45 34 100
45 34 100
45 35 100
45 35 100
45 35 100
45 35 100
46 35 100
46 35 100
46 35 100
46 36 100
46 36 100
46 36 100
47 36 100
47 36 100
47 36 100
47 37 100
47 37 100
47 37 100
48 37 100
48 37 100
48 38 100
48 38 100
49 38 100
49 38 100
49 39 100
49 39 100
50 39 100
50 39 100
50 41 100
50 41 100
50 42 100
50 43 100
50 44 100
50 45 100
50 46 100
50 47 100
50 48 100
50 49 100
107 51 100
106 51 100
106 50 100
105 50 100
104 50 100
103 50 100
102 50 100
101 50 100
99 50 100
98 50 100
97 50 100
96 50 100
95 50 100
94 50 100
93 50 100
92 50 100
91 50 100
166 158 100
167 158 100
167 159 100
168 159 100
168 160 100
169 160 100
170 159 100
170 158 100
170 157 100
170 156 100
170 155 100
170 154 100
170 153 100
170 152 100
170 151 100
171 150 100
172 150 100
173 150 100
174 150 100
175 150 100
176 150 100
177 150 100
178 150 100
179 150 100
180 149 100
180 148 100
180 147 100
180 146 100
180 145 100
180 144 100
180 143 100
180 142 100
180 141 100
181 140 100
181 140 100
181 139 100
181 139 100
181 139 100
182 139 100
182 139 100
182 139 100
182 138 100
182 138 100
182 138 100
182 138 100
183 138 100
183 138 100
183 138 100
183 138 100
183 138 100
183 138 100
183 137 100
183 137 100
183 137 100
183 137 100
183 137 100
183 137 100
183 137 100
184 137 100
184 137 100
184 137 100
184 137 100
184 137 100
184 137 100
184 137 100
184 137 100
184 137 100
184 136 100
184 136 100
184 136 100
184 136 100
184 136 100
184 136 100
184 136 100
184 136 100
184 136 100
184 136 100
185 136 100
185 136 100
185 136 100
185 136 100
185 136 100
185 136 100
185 136 100
185 136 100
185 136 100
185 136 100
185 136 100
185 136 100
185 135 100
185 135 100
185 135 100
185 135 100
185 135 100
185 135 100
185 135 100
185 135 100
185 135 100
185 135 100
185 135 100
185 135 100
185 135 100
186 135 100
186 135 100
186 135 100
186 135 100
186 135 100
186 135 100
186 135 100
186 135 100
186 135 100
186 135 100
186 135 100
186 135 100
186 135 100
186 135 100
186 135 100
186 135 100
186 134 100
186 134 100
186 134 100
186 134 100
186 134 100
186 134 100
186 134 100
186 134 100
186 134 100
186 134 100
186 134 100
186 134 100
186 134 100
186 134 100
186 134 100
186 134 100
187 134 100
187 134 100
187 134 100
187 134 100
187 134 100
187 134 100
187 134 100
187 134 100
187 134 100
187 134 100
187 134 100
187 134 100
187 134 100
187 134 100
187 134 100
187 134 100
187 134 100
187 134 100
187 133 100
187 133 100
187 133 100
187 133 100
187 133 100
187 133 100
187 133 100
187 133 100
187 133 100
187 133 100
187 133 100
187 133 100
187 133 100
187 133 100
187 133 100
187 133 100
187 133 100
188 133 100
188 133 100
188 133 100
188 133 100
188 133 100
188 133 100
188 133 100
188 133 100
188 133 100
188 133 100
188 133 100
188 133 100
188 133 100
188 133 100
188 133 100
188 133 100
188 133 100
188 133 100
188 132 100
188 132 100
188 132 100
188 132 100
188 132 100
188 132 100
188 132 100
188 132 100
188 132 100
188 132 100
188 132 100
188 132 100
188 132 100
188 132 100
188 132 100
188 132 100
189 132 100
189 132 100
189 132 100
189 132 100
189 132 100
189 132 100
189 132 100
189 132 100
189 132 100
189 132 100
189 132 100
189 132 100
189 132 100
189 132 100
189 132 100
189 132 100
189 131 100
189 131 100
189 131 100
189 131 100
189 131 100
189 131 100
189 131 100
189 131 100
189 131 100
189 131 100
189 131 100
189 131 100
189 131 100
190 131 100
190 131 100
190 131 100
190 131 100
190 131 100
190 131 100
190 131 100
190 131 100
190 131 100
190 131 100
190 131 100
190 131 100
190 130 100
190 130 100
190 130 100
190 130 100
190 130 100
190 130 100
190 130 100
190 129 100
190 129 100
190 129 100
190 129 100
190 129 100
190 129 100
190 128 100
190 128 100
190 128 100
190 128 100
190 127 100
190 127 100
190 127 100
190 126 100
190 126 100
190 125 100
190 124 100
190 123 100
190 122 100
190 121 100
190 119 100
190 118 100
190 117 100
190 116 100
190 115 100
190 115 100
190 114 100
190 114 100
190 113 100
190 113 100
190 113 100
190 112 100
190 112 100
190 112 100
190 112 100
190 111 100
190 111 100
190 111 100
190 111 100
190 110 100
190 110 100
190 109 100
190 109 100
190 109 100
190 109 100
190 108 100
190 108 100
190 108 100
190 107 100
190 107 100
190 107 100
190 106 100
190 106 100
190 105 100
190 105 100
190 104 100
190 104 100
190 103 100
190 102 100
190 101 100
191 100 100
191 99 100
192 99 100
192 98 100
193 98 100
193 97 100
194 97 100
194 96 100
194 95 100
194 94 100
19 193 100
20 193 100
20 192 100
20 191 100
19 190 100
18 190 100
17 190 100
16 190 100
15 190 100
14 190 100
13 190 100
12 190 100
11 190 100
10 189 100
10 188 100
10 187 100
10 186 100
10 185 100
10 184 100
10 183 100
10 182 100
10 181 100
9 180 100
8 180 100
7 180 100
6 180 100
5 180 100
4 180 100
3 180 100
2 180 100
1 180 100
0 179 100
0 178 100
0 177 100
0 176 100
0 175 100
0 174 100
0 173 100
0 172 100
0 171 100
0 169 100
0 168 100
0 167 100
0 166 100
0 165 100
0 165 100
0 164 100
0 164 100
0 163 100
0 163 100
0 162 100
0 162 100
0 161 100
0 161 100
0 159 100
0 159 100
0 158 100
0 158 100
0 157 100
0 157 100
0 156 100
0 156 100
0 155 100
0 155 100
0 154 100
0 154 100
0 153 100
0 153 100
0 152 100
0 152 100
0 151 100
0 151 100
1 150 100
1 150 100
1 150 100
2 150 100
2 150 100
2 150 100
3 150 100
3 150 100
3 150 100
4 150 100
4 150 100
4 150 100
5 150 100
5 150 100
5 150 100
6 150 100
6 150 100
6 150 100
7 150 100
7 150 100
7 150 100
8 150 100
8 150 100
9 150 100
9 150 100
11 150 100
12 150 100
13 150 100
14 150 100
15 150 100
16 150 100
17 150 100
18 150 100
19 150 100
20 149 100
20 148 100
20 147 100
20 146 100
20 145 100
20 144 100
20 143 100
20 142 100
20 141 100
19 140 100
19 139 100
19 138 100
19 137 100
19 136 100
