# score 432786
50 70 100
60 70 100
70 70 100
80 70 100
90 70 100
100 70 100
110 70 100
120 70 100
130 70 100
50 80 100
60 80 100
70 80 100
80 80 100
90 80 100
100 80 100
110 80 100
120 80 100
130 80 100
50 90 100
60 90 100
70 90 100
80 90 100
90 90 100
100 90 100
110 90 100
120 90 100
130 90 100
50 100 100
60 100 100
70 100 100
80 100 100
90 100 100
100 100 100
110 100 100
120 100 100
130 100 100
50 110 100
60 110 100
70 110 100
80 110 100
90 110 100
100 110 100
110 110 100
120 110 100
130 110 100
50 120 100
60 120 100
70 120 100
80 120 100
90 120 100
100 120 100
110 120 100
120 120 100
130 120 100
50 130 100
60 130 100
70 130 100
80 130 100
90 130 100
100 130 100
110 130 100
120 130 100
130 130 100
50 140 100
60 140 100
70 140 100
80 140 100
90 140 100
100 140 100
110 140 100
120 140 100
130 140 100
50 150 100
60 150 100
70 150 100
80 150 100
90 150 100
100 150 100
110 150 100
120 150 100
130 150 100
0 0 100
10 0 100
20 0 100
30 0 100
40 0 100
50 0 100
60 0 100
70 0 100
80 0 100
0 10 100
10 10 100
20 10 100
30 10 100
40 10 100
50 10 100
60 10 100
70 10 100
80 10 100
0 20 100
10 20 100
20 20 100
30 20 100
40 20 100
50 20 100
60 20 100
70 20 100
80 20 100
0 30 100
10 30 100
20 30 100
30 30 100
40 30 100
50 30 100
60 30 100
70 30 100
80 30 100
0 40 100
10 40 100
20 40 100
30 40 100
40 40 100
50 40 100
60 40 100
70 40 100
80 40 100
0 50 100
10 50 100
20 50 100
30 50 100
40 50 100
50 50 100
60 50 100
70 50 100
80 50 100
0 60 100
10 60 100
20 60 100
30 60 100
40 60 100
50 60 100
60 60 100
70 60 100
80 60 100
0 70 100
10 70 100
20 70 100
30 70 100
40 70 100
50 70 100
60 70 100
70 70 100
80 70 100
0 80 100
10 80 100
20 80 100
30 80 100
40 80 100
50 80 100
60 80 100
70 80 100
80 80 100
140 70 100
150 70 100
160 70 100
170 70 100
180 70 100
190 70 100
140 80 100
150 80 100
160 80 100
170 80 100
180 80 100
190 80 100
140 90 100
150 90 100
160 90 100
170 90 100
180 90 100
190 90 100
140 100 100
150 100 100
160 100 100
170 100 100
180 100 100
190 100 100
140 110 100
150 110 100
160 110 100
170 110 100
180 110 100
190 110 100
140 120 100
150 120 100
160 120 100
170 120 100
180 120 100
190 120 100
140 130 100
150 130 100
160 130 100
170 130 100
180 130 100
190 130 100
140 140 100
150 140 100
160 140 100
170 140 100
180 140 100
190 140 100
140 150 100
150 150 100
160 150 100
170 150 100
180 150 100
190 150 100
90 0 100
100 0 100
110 0 100
120 0 100
130 0 100
140 0 100
150 0 100
160 0 100
170 0 100
90 10 100
100 10 100
110 10 100
120 10 100
130 10 100
140 10 100
150 10 100
160 10 100
170 10 100
90 20 100
100 20 100
110 20 100
120 20 100
130 20 100
140 20 100
150 20 100
160 20 100
170 20 100
90 30 100
100 30 100
110 30 100
120 30 100
130 30 100
140 30 100
150 30 100
160 30 100
170 30 100
90 40 100
100 40 100
110 40 100
120 40 100
130 40 100
140 40 100
150 40 100
160 40 100
170 40 100
90 50 100
100 50 100
110 50 100
120 50 100
130 50 100
140 50 100
150 50 100
160 50 100
170 50 100
90 60 100
100 60 100
110 60 100
120 60 100
130 60 100
140 60 100
150 60 100
160 60 100
170 60 100
150 20 100
160 20 100
170 20 100
180 20 100
190 20 100
150 30 100
160 30 100
170 30 100
180 30 100
190 30 100
150 40 100
160 40 100
170 40 100
180 40 100
190 40 100
150 50 100
160 50 100
170 50 100
180 50 100
190 50 100
150 60 100
160 60 100
170 60 100
180 60 100
190 60 100
160 70 100
170 70 100
180 70 100
190 70 100
170 80 100
180 80 100
190 80 100
180 90 100
190 90 100
150 100 100
180 100 100
190 100 100
70 120 100
120 120 100
130 120 100
140 120 100
150 120 100
70 130 100
100 130 100
110 130 100
120 130 100
130 130 100
140 130 100
150 130 100
70 140 100
80 140 100
90 140 100
100 140 100
110 140 100
120 140 100
130 140 100
140 140 100
150 140 100
70 150 100
80 150 100
90 150 100
100 150 100
110 150 100
120 150 100
130 150 100
140 150 100
150 150 100
70 160 100
80 160 100
90 160 100
100 160 100
110 160 100
120 160 100
130 160 100
140 160 100
150 160 100
70 170 100
80 170 100
90 170 100
100 170 100
110 170 100
120 170 100
130 170 100
140 170 100
150 170 100
70 180 100
80 180 100
90 180 100
100 180 100
110 180 100
120 180 100
130 180 100
140 180 100
150 180 100
70 190 100
80 190 100
90 190 100
100 190 100
110 190 100
120 190 100
130 190 100
140 190 100
150 190 100
100 40 100
110 40 100
120 40 100
130 40 100
140 40 100
150 40 100
160 40 100
170 40 100
180 40 100
100 50 100
110 50 100
120 50 100
130 50 100
140 50 100
150 50 100
160 50 100
170 50 100
180 50 100
100 60 100
110 60 100
120 60 100
140 60 100
150 60 100
160 60 100
170 60 100
180 60 100
100 70 100
110 70 100
120 70 100
170 70 100
180 70 100
100 80 100
110 80 100
120 80 100
130 80 100
180 80 100
100 90 100
110 90 100
120 90 100
130 90 100
140 90 100
180 90 100
100 100 100
110 100 100
120 100 100
130 100 100
140 100 100
150 100 100
120 110 100
130 110 100
140 110 100
150 110 100
160 110 100
120 120 100
130 120 100
140 120 100
150 120 100
160 120 100
170 120 100
0 130 100
10 130 100
20 130 100
30 130 100
40 130 100
50 130 100
0 140 100
10 140 100
20 140 100
30 140 100
40 140 100
50 140 100
0 150 100
10 150 100
20 150 100
30 150 100
40 150 100
50 150 100
0 160 100
10 160 100
20 160 100
30 160 100
40 160 100
50 160 100
0 170 100
10 170 100
20 170 100
30 170 100
40 170 100
50 170 100
0 180 100
10 180 100
20 180 100
30 180 100
40 180 100
50 180 100
0 190 100
10 190 100
20 190 100
30 190 100
40 190 100
50 190 100
40 44 100
40 44 100
41 44 100
41 44 100
41 45 100
41 45 100
42 45 100
42 45 100
42 46 100
42 46 100
43 46 100
43 46 100
43 47 100
43 47 100
43 47 100
44 47 100
44 47 100
44 47 100
44 48 100
44 48 100
44 48 100
45 48 100
45 48 100
45 48 100
45 49 100
45 49 100
45 49 100
45 49 100
46 49 100
46 49 100
46 49 100
46 49 100
46 50 100
46 50 100
46 50 100
46 50 100
46 50 100
47 50 100
47 50 100
47 50 100
47 50 100
47 50 100
47 51 100
47 51 100
47 51 100
47 51 100
47 51 100
47 51 100
48 51 100
48 51 100
48 51 100
48 51 100
48 51 100
48 51 100
48 52 100
48 52 100
48 52 100
48 52 100
48 52 100
48 52 100
48 52 100
49 52 100
49 52 100
49 52 100
49 52 100
49 52 100
49 52 100
49 52 100
49 53 100
49 53 100
49 53 100
49 53 100
49 53 100
49 53 100
49 53 100
49 53 100
50 53 100
50 53 100
50 53 100
50 53 100
50 53 100
50 53 100
50 53 100
50 53 100
50 53 100
50 54 100
50 54 100
50 54 100
50 54 100
50 54 100
50 54 100
50 54 100
50 54 100
50 54 100
50 54 100
51 54 100
51 54 100
51 54 100
51 54 100
51 54 100
51 54 100
51 54 100
51 54 100
51 54 100
51 54 100
51 54 100
51 55 100
51 55 100
51 55 100
51 55 100
51 55 100
51 55 100
51 55 100
51 55 100
51 55 100
51 55 100
51 55 100
51 55 100
52 55 100
52 55 100
52 55 100
52 55 100
52 55 100
52 55 100
52 55 100
52 55 100
52 55 100
52 55 100
52 55 100
52 55 100
52 55 100
52 56 100
52 56 100
52 56 100
52 56 100
52 56 100
52 56 100
52 56 100
52 56 100
52 56 100
52 56 100
52 56 100
52 56 100
52 56 100
52 56 100
53 56 100
53 56 100
53 56 100
53 56 100
53 56 100
53 56 100
53 56 100
53 56 100
53 56 100
53 56 100
53 56 100
53 56 100
53 56 100
53 56 100
53 56 100
53 57 100
53 57 100
53 57 100
53 57 100
53 57 100
53 57 100
53 57 100
53 57 100
53 57 100
53 57 100
53 57 100
53 57 100
53 57 100
53 57 100
53 57 100
53 57 100
53 57 100
54 57 100
54 57 100
54 57 100
54 57 100
54 57 100
54 57 100
54 57 100
54 57 100
54 57 100
54 57 100
54 57 100
54 57 100
54 57 100
54 57 100
54 57 100
54 57 100
54 57 100
54 57 100
54 58 100
54 58 100
54 58 100
54 58 100
54 58 100
54 58 100
54 58 100
54 58 100
54 58 100
54 58 100
54 58 100
54 58 100
54 58 100
54 58 100
54 58 100
54 58 100
54 58 100
54 58 100
54 58 100
55 58 100
55 58 100
55 58 100
55 58 100
55 58 100
55 58 100
55 58 100
55 58 100
55 58 100
55 58 100
55 58 100
55 58 100
55 58 100
55 58 100
55 58 100
55 58 100
55 58 100
55 58 100
55 58 100
55 58 100
55 59 100
55 59 100
55 59 100
55 59 100
55 59 100
55 59 100
55 59 100
55 59 100
55 59 100
55 59 100
55 59 100
55 59 100
55 59 100
55 59 100
55 59 100
55 59 100
55 59 100
55 59 100
55 59 100
55 59 100
55 59 100
56 59 100
56 59 100
56 59 100
56 59 100
56 59 100
56 59 100
56 59 100
56 59 100
56 59 100
56 59 100
56 59 100
56 59 100
56 59 100
56 59 100
56 59 100
56 59 100
56 59 100
56 59 100
56 59 100
56 59 100
56 59 100
56 59 100
56 60 100
56 60 100
56 60 100
56 60 100
56 60 100
56 60 100
56 60 100
56 60 100
56 60 100
56 60 100
56 60 100
56 60 100
56 60 100
56 60 100
56 60 100
56 60 100
56 60 100
56 60 100
56 60 100
56 60 100
56 60 100
56 60 100
57 60 100
57 60 100
57 60 100
57 60 100
57 60 100
57 60 100
57 60 100
57 60 100
57 60 100
57 60 100
57 60 100
57 60 100
57 60 100
57 60 100
57 60 100
57 60 100
57 60 100
57 60 100
57 60 100
57 60 100
57 60 100
57 60 100
57 60 100
57 60 100
57 61 100
57 61 100
57 61 100
57 61 100
57 61 100
57 61 100
57 61 100
57 61 100
57 61 100
57 61 100
57 61 100
57 61 100
57 61 100
57 61 100
57 61 100
57 61 100
57 61 100
57 61 100
57 61 100
57 61 100
57 61 100
57 61 100
57 61 100
58 61 100
58 61 100
58 61 100
58 61 100
58 61 100
58 61 100
58 61 100
58 61 100
58 61 100
58 61 100
58 61 100
58 61 100
58 61 100
58 61 100
58 61 100
58 61 100
58 61 100
58 61 100
58 61 100
58 61 100
58 61 100
58 61 100
58 61 100
58 61 100
58 61 100
58 62 100
58 62 100
58 62 100
58 62 100
58 62 100
58 62 100
58 62 100
58 62 100
58 62 100
58 62 100
58 62 100
58 62 100
58 62 100
58 62 100
58 62 100
58 62 100
58 62 100
58 62 100
58 62 100
58 62 100
58 62 100
58 62 100
58 62 100
58 62 100
59 62 100
59 62 100
59 62 100
59 62 100
59 62 100
59 62 100
59 62 100
59 62 100
59 62 100
59 62 100
59 62 100
59 62 100
59 62 100
59 62 100
59 62 100
59 62 100
59 62 100
59 62 100
59 62 100
59 62 100
59 62 100
59 62 100
59 62 100
59 62 100
59 62 100
59 63 100
59 63 100
59 63 100
59 63 100
59 63 100
59 63 100
59 63 100
59 63 100
59 63 100
59 63 100
59 63 100
59 63 100
59 63 100
59 63 100
59 63 100
59 63 100
59 63 100
59 63 100
59 63 100
59 63 100
59 63 100
59 63 100
59 63 100
59 63 100
60 63 100
60 63 100
60 63 100
60 63 100
60 63 100
60 63 100
60 63 100
60 63 100
60 63 100
60 63 100
60 63 100
60 63 100
60 63 100
60 63 100
60 63 100
60 63 100
60 63 100
60 63 100
60 63 100
60 63 100
60 63 100
60 63 100
60 63 100
60 63 100
60 63 100
60 64 100
60 64 100
60 64 100
60 64 100
60 64 100
60 64 100
60 64 100
60 64 100
60 64 100
60 64 100
60 64 100
60 64 100
60 64 100
60 64 100
60 64 100
60 64 100
60 64 100
60 64 100
60 64 100
60 64 100
60 64 100
60 64 100
60 64 100
60 64 100
61 64 100
61 64 100
61 64 100
61 64 100
61 64 100
61 64 100
61 64 100
61 64 100
61 64 100
61 64 100
61 64 100
61 64 100
61 64 100
61 64 100
61 64 100
61 64 100
61 64 100
61 64 100
61 64 100
61 64 100
61 64 100
61 64 100
61 64 100
61 64 100
61 65 100
61 65 100
61 65 100
61 65 100
61 65 100
61 65 100
61 65 100
61 65 100
61 65 100
61 65 100
61 65 100
61 65 100
61 65 100
61 65 100
61 65 100
61 65 100
61 65 100
61 65 100
61 65 100
61 65 100
61 65 100
61 65 100
61 65 100
62 65 100
62 65 100
62 65 100
62 65 100
62 65 100
62 65 100
62 65 100
62 65 100
62 65 100
62 65 100
62 65 100
62 65 100
62 65 100
62 65 100
62 65 100
62 65 100
62 65 100
62 65 100
62 65 100
62 65 100
62 65 100
62 65 100
62 65 100
62 66 100
62 66 100
62 66 100
62 66 100
62 66 100
62 66 100
62 66 100
62 66 100
62 66 100
62 66 100
62 66 100
62 66 100
62 66 100
62 66 100
62 66 100
62 66 100
62 66 100
62 66 100
62 66 100
62 66 100
62 66 100
63 66 100
63 66 100
63 66 100
63 66 100
63 66 100
63 66 100
63 66 100
63 66 100
63 66 100
63 66 100
63 66 100
63 66 100
63 66 100
63 66 100
63 66 100
63 66 100
63 66 100
63 66 100
63 66 100
63 66 100
63 66 100
63 67 100
63 67 100
63 67 100
63 67 100
63 67 100
63 67 100
63 67 100
63 67 100
63 67 100
63 67 100
63 67 100
63 67 100
63 67 100
63 67 100
63 67 100
63 67 100
63 67 100
63 67 100
63 67 100
64 67 100
64 67 100
64 67 100
64 67 100
64 67 100
64 67 100
64 67 100
64 67 100
64 67 100
64 67 100
64 67 100
64 67 100
64 67 100
64 67 100
64 67 100
64 67 100
64 67 100
64 67 100
64 67 100
64 68 100
64 68 100
64 68 100
64 68 100
64 68 100
64 68 100
64 68 100
64 68 100
64 68 100
64 68 100
64 68 100
64 68 100
64 68 100
64 68 100
64 68 100
64 68 100
64 68 100
64 68 100
65 68 100
65 68 100
65 68 100
65 68 100
65 68 100
65 68 100
65 68 100
65 68 100
65 68 100
65 68 100
65 68 100
65 68 100
65 68 100
65 68 100
65 68 100
65 68 100
65 68 100
65 68 100
65 69 100
65 69 100
65 69 100
65 69 100
65 69 100
65 69 100
65 69 100
65 69 100
65 69 100
65 69 100
65 69 100
65 69 100
65 69 100
65 69 100
65 69 100
65 69 100
66 69 100
66 69 100
66 69 100
66 69 100
66 69 100
66 69 100
66 69 100
66 69 100
66 69 100
66 69 100
66 69 100
66 69 100
66 69 100
66 69 100
66 69 100
66 69 100
66 70 100
66 70 100
66 70 100
66 70 100
66 70 100
66 70 100
66 70 100
66 70 100
66 70 100
66 70 100
66 70 100
66 70 100
66 70 100
66 70 100
66 70 100
67 70 100
67 70 100
67 70 100
67 70 100
67 70 100
67 70 100
67 70 100
67 70 100
67 70 100
67 70 100
67 70 100
67 70 100
67 70 100
67 70 100
67 70 100
67 71 100
67 71 100
67 71 100
67 71 100
67 71 100
67 71 100
67 71 100
67 71 100
67 71 100
67 71 100
67 71 100
67 71 100
67 71 100
67 71 100
67 71 100
68 71 100
68 71 100
68 71 100
68 71 100
68 71 100
68 71 100
68 71 100
68 71 100
68 71 100
68 71 100
68 71 100
68 71 100
68 71 100
68 71 100
68 71 100
68 72 100
68 72 100
68 72 100
68 72 100
68 72 100
68 72 100
68 72 100
68 72 100
68 72 100
68 72 100
68 72 100
68 72 100
68 72 100
68 72 100
68 72 100
69 72 100
69 72 100
69 72 100
69 72 100
69 72 100
69 72 100
69 72 100
69 72 100
69 72 100
69 72 100
69 72 100
69 72 100
69 72 100
69 72 100
69 72 100
69 72 100
69 73 100
69 73 100
69 73 100
69 73 100
69 73 100
69 73 100
69 73 100
69 73 100
69 73 100
69 73 100
69 73 100
69 73 100
69 73 100
69 73 100
69 73 100
69 73 100
70 73 100
70 73 100
70 73 100
70 73 100
70 73 100
70 73 100
70 73 100
70 73 100
70 73 100
70 73 100
70 73 100
70 73 100
70 73 100
70 73 100
70 73 100
70 73 100
70 73 100
70 74 100
70 74 100
70 74 100
70 74 100
70 74 100
70 74 100
70 74 100
70 74 100
70 74 100
70 74 100
70 74 100
70 74 100
70 74 100
70 74 100
70 74 100
70 74 100
70 74 100
70 75 100
70 75 100
70 75 100
70 75 100
70 75 100
70 75 100
70 75 100
70 75 100
70 75 100
70 75 100
70 75 100
70 75 100
70 75 100
70 75 100
70 75 100
70 75 100
70 75 100
70 76 100
70 76 100
70 76 100
70 76 100
70 76 100
70 76 100
70 76 100
70 76 100
70 76 100
70 76 100
70 76 100
70 76 100
70 76 100
70 76 100
70 76 100
70 76 100
70 76 100
70 76 100
70 77 100
70 77 100
70 77 100
70 77 100
70 77 100
70 77 100
70 77 100
70 77 100
70 77 100
70 77 100
70 77 100
70 77 100
70 77 100
70 77 100
70 77 100
70 77 100
70 77 100
70 77 100
70 78 100
70 78 100
70 78 100
70 78 100
70 78 100
70 78 100
70 78 100
70 78 100
70 78 100
70 78 100
70 78 100
70 78 100
70 78 100
70 78 100
70 78 100
70 78 100
70 78 100
70 78 100
70 79 100
70 79 100
70 79 100
70 79 100
70 79 100
70 79 100
70 79 100
70 79 100
70 79 100
70 79 100
70 79 100
70 79 100
70 79 100
70 79 100
70 79 100
70 79 100
70 79 100
70 79 100
70 80 100
70 80 100
70 80 100
70 80 100
70 80 100
70 80 100
70 80 100
70 80 100
70 80 100
70 80 100
70 80 100
70 80 100
70 80 100
70 80 100
70 80 100
70 80 100
70 81 100
70 81 100
70 81 100
70 81 100
70 81 100
70 81 100
70 81 100
70 81 100
70 81 100
70 81 100
70 81 100
70 81 100
70 81 100
70 81 100
70 81 100
70 81 100
70 81 100
70 81 100
70 82 100
70 82 100
70 82 100
70 82 100
70 82 100
70 82 100
70 82 100
70 82 100
70 82 100
70 82 100
70 82 100
70 82 100
70 82 100
70 82 100
70 82 100
70 82 100
70 82 100
70 83 100
70 83 100
70 83 100
70 83 100
70 83 100
70 83 100
70 83 100
70 83 100
70 83 100
70 83 100
70 83 100
70 83 100
70 83 100
70 83 100
70 83 100
70 83 100
70 84 100
70 84 100
70 84 100
70 84 100
70 84 100
70 84 100
70 84 100
70 84 100
70 84 100
70 84 100
70 84 100
70 84 100
70 84 100
70 84 100
70 84 100
70 85 100
70 85 100
70 85 100
70 85 100
70 85 100
70 85 100
70 85 100
70 85 100
70 85 100
70 85 100
70 85 100
70 85 100
70 85 100
70 86 100
70 86 100
70 86 100
70 86 100
70 86 100
70 86 100
70 86 100
70 86 100
70 86 100
70 86 100
70 86 100
70 86 100
70 87 100
70 87 100
70 87 100
70 87 100
70 87 100
70 87 100
70 87 100
70 87 100
70 87 100
70 87 100
70 88 100
70 88 100
70 88 100
70 88 100
70 88 100
70 88 100
70 88 100
70 88 100
70 88 100
70 89 100
70 89 100
70 89 100
70 89 100
70 89 100
70 89 100
70 89 100
70 89 100
70 90 100
70 90 100
70 90 100
70 90 100
70 90 100
70 90 100
70 91 100
70 91 100
70 91 100
70 91 100
70 91 100
70 91 100
70 91 100
70 92 100
70 92 100
70 92 100
70 92 100
70 92 100
70 92 100
70 93 100
70 93 100
70 93 100
70 93 100
70 93 100
70 93 100
70 94 100
70 94 100
70 94 100
70 94 100
70 94 100
70 95 100
70 95 100
70 95 100
70 95 100
70 95 100
70 96 100
70 96 100
70 96 100
70 96 100
70 97 100
70 97 100
70 97 100
70 97 100
70 98 100
70 98 100
70 98 100
70 98 100
70 99 100
70 99 100
70 99 100
70 99 100
70 100 100
70 100 100
70 100 100
70 101 100
70 101 100
70 101 100
70 101 100
70 101 100
70 102 100
70 102 100
70 102 100
70 102 100
70 102 100
70 103 100
70 103 100
70 103 100
70 103 100
70 103 100
70 104 100
70 104 100
70 104 100
70 104 100
70 104 100
70 104 100
70 105 100
70 105 100
70 105 100
70 105 100
70 105 100
70 105 100
70 106 100
70 106 100
70 106 100
70 106 100
70 106 100
70 106 100
70 107 100
70 107 100
70 107 100
70 107 100
70 107 100
70 107 100
70 108 100
70 108 100
70 108 100
70 108 100
70 108 100
70 108 100
70 109 100
70 109 100
70 109 100
70 109 100
70 109 100
70 109 100
70 110 100
70 110 100
70 110 100
70 110 100
70 110 100
70 111 100
70 111 100
70 111 100
70 111 100
70 111 100
70 112 100
70 112 100
70 112 100
70 112 100
70 112 100
70 113 100
70 113 100
70 113 100
70 113 100
70 113 100
70 114 100
70 114 100
70 114 100
70 114 100
70 115 100
70 115 100
70 115 100
70 115 100
70 116 100
70 116 100
70 116 100
70 117 100
70 117 100
70 117 100
70 118 100
70 118 100
70 119 100
70 119 100
71 120 100
71 120 100
72 120 100
73 120 100
74 120 100
75 120 100
76 120 100
77 120 100
78 120 100
79 120 100
81 120 100
82 120 100
83 120 100
84 120 100
85 120 100
86 120 100
87 120 100
88 120 100
89 120 100
91 120 100
91 119 100
92 119 100
93 119 100
94 119 100
95 119 100
96 119 100
97 119 100
98 119 100
99 119 100
179 110 100
178 110 100
177 110 100
176 110 100
175 110 100
174 110 100
173 110 100
172 110 100
171 110 100
169 110 100
168 110 100
167 110 100
166 110 100
165 110 100
164 110 100
163 110 100
162 110 100
161 110 100
160 109 100
160 108 100
160 107 100
160 106 100
160 105 100
160 104 100
160 103 100
160 102 100
160 101 100
159 100 100
158 100 100
157 100 100
156 100 100
155 100 100
154 100 100
154 100 100
153 100 100
153 100 100
152 100 100
152 100 100
151 100 100
151 100 100
149 100 100
149 100 100
149 100 100
148 100 100
148 100 100
148 100 100
147 100 100
147 100 100
147 100 100
146 100 100
146 100 100
146 100 100
146 100 100
145 100 100
145 100 100
145 100 100
145 100 100
144 100 100
144 100 100
144 100 100
144 100 100
144 100 100
143 100 100
143 100 100
143 100 100
143 100 100
143 100 100
143 100 100
142 100 100
142 100 100
142 100 100
142 100 100
142 100 100
142 100 100
142 100 100
141 100 100
141 100 100
141 100 100
141 100 100
141 100 100
141 100 100
141 100 100
141 100 100
140 100 100
140 100 100
140 100 100
140 100 100
140 100 100
140 100 100
140 100 100
140 100 100
139 100 100
139 100 100
139 100 100
139 100 100
139 100 100
139 100 100
139 100 100
139 100 100
139 100 100
139 100 100
139 100 100
138 100 100
138 100 100
138 100 100
138 100 100
138 100 100
138 100 100
138 100 100
138 100 100
138 100 100
138 100 100
138 100 100
138 100 100
138 100 100
137 100 100
137 100 100
137 100 100
137 100 100
137 100 100
137 100 100
137 100 100
137 100 100
137 100 100
137 100 100
137 100 100
137 100 100
137 100 100
137 100 100
136 100 100
136 100 100
136 100 100
136 100 100
136 100 100
136 100 100
136 100 100
136 100 100
136 100 100
136 100 100
136 100 100
136 100 100
136 100 100
136 100 100
136 100 100
136 100 100
135 100 100
135 100 100
135 100 100
135 100 100
135 100 100
135 100 100
135 100 100
135 100 100
135 100 100
135 100 100
135 100 100
135 100 100
135 100 100
135 100 100
135 100 100
135 100 100
134 100 100
134 100 100
134 100 100
134 100 100
134 100 100
134 100 100
134 100 100
134 100 100
134 100 100
134 100 100
134 100 100
134 100 100
134 100 100
134 100 100
134 100 100
134 100 100
134 100 100
133 100 100
133 100 100
133 100 100
133 100 100
133 100 100
133 100 100
133 100 100
133 100 100
133 100 100
133 100 100
133 100 100
133 100 100
133 100 100
133 100 100
133 100 100
133 100 100
133 100 100
132 100 100
132 100 100
132 100 100
132 100 100
132 100 100
132 100 100
132 100 100
132 100 100
132 100 100
132 100 100
132 100 100
132 100 100
132 100 100
132 100 100
132 100 100
132 100 100
132 100 100
131 100 100
131 100 100
131 100 100
131 100 100
131 100 100
131 100 100
131 100 100
131 100 100
131 100 100
131 100 100
131 100 100
131 100 100
131 100 100
131 100 100
131 100 100
131 100 100
131 100 100
130 100 100
130 100 100
130 100 100
130 100 100
130 100 100
130 100 100
130 100 100
130 100 100
130 100 100
130 100 100
130 100 100
130 100 100
130 100 100
130 100 100
130 100 100
129 100 100
129 100 100
129 100 100
129 100 100
129 100 100
129 100 100
129 100 100
129 100 100
129 100 100
129 100 100
129 100 100
129 100 100
129 100 100
129 100 100
129 100 100
129 100 100
128 100 100
128 100 100
128 100 100
128 100 100
128 100 100
128 100 100
128 100 100
128 100 100
128 100 100
128 100 100
128 100 100
128 100 100
128 100 100
128 100 100
128 100 100
128 100 100
127 100 100
127 100 100
127 100 100
127 100 100
127 100 100
127 100 100
127 100 100
127 100 100
127 100 100
127 100 100
127 100 100
127 100 100
127 100 100
127 100 100
127 100 100
126 100 100
126 100 100
126 100 100
126 100 100
126 100 100
126 100 100
126 100 100
126 100 100
126 100 100
126 100 100
126 100 100
126 100 100
126 100 100
126 100 100
126 100 100
125 100 100
125 100 100
125 100 100
125 100 100
125 100 100
125 100 100
125 100 100
125 100 100
125 100 100
125 100 100
125 100 100
125 100 100
125 100 100
125 100 100
124 100 100
124 100 100
124 100 100
124 100 100
124 100 100
124 100 100
124 100 100
124 100 100
124 100 100
124 100 100
124 100 100
124 100 100
124 100 100
123 100 100
123 100 100
123 100 100
123 100 100
123 100 100
123 100 100
123 100 100
123 100 100
123 100 100
123 100 100
123 100 100
123 100 100
122 100 100
122 100 100
122 100 100
122 100 100
122 100 100
122 100 100
122 100 100
122 100 100
122 100 100
122 100 100
122 100 100
121 100 100
121 100 100
121 100 100
121 100 100
121 100 100
121 100 100
121 100 100
121 100 100
121 100 100
121 100 100
120 100 100
120 100 100
120 100 100
120 100 100
120 100 100
120 100 100
120 100 100
119 100 100
119 100 100
119 100 100
119 100 100
119 100 100
119 100 100
119 100 100
118 100 100
118 100 100
118 100 100
118 100 100
118 100 100
118 100 100
117 100 100
117 100 100
117 100 100
117 100 100
117 100 100
116 100 100
116 100 100
116 100 100
116 100 100
115 100 100
115 100 100
115 100 100
115 100 100
114 100 100
114 100 100
114 100 100
113 100 100
113 100 100
113 100 100
112 100 100
112 100 100
111 100 100
111 100 100
110 101 100
110 101 100
110 102 100
110 102 100
110 103 100
110 103 100
110 104 100
110 104 100
110 105 100
110 105 100
110 106 100
110 106 100
110 107 100
110 108 100
110 109 100
109 110 100
108 110 100
107 110 100
106 110 100
105 110 100
104 110 100
103 110 100
102 110 100
101 110 100
99 110 100
99 111 100
99 112 100
99 113 100
99 114 100
99 115 100
99 116 100
99 117 100
99 118 100
137 20 100
136 20 100
135 20 100
134 20 100
133 20 100
132 20 100
131 20 100
130 21 100
130 22 100
130 23 100
130 24 100
130 25 100
130 26 100
130 26 100
130 27 100
130 27 100
130 28 100
130 28 100
130 28 100
130 29 100
130 29 100
130 29 100
130 30 100
130 30 100
130 30 100
130 31 100
130 31 100
130 31 100
130 31 100
130 32 100
130 32 100
130 32 100
130 32 100
130 33 100
130 33 100
130 33 100
130 33 100
130 33 100
130 34 100
130 34 100
130 34 100
130 34 100
130 34 100
130 35 100
130 35 100
130 35 100
130 35 100
130 35 100
130 36 100
130 36 100
130 36 100
130 36 100
130 36 100
130 37 100
130 37 100
130 37 100
130 37 100
130 37 100
130 38 100
130 38 100
130 38 100
130 38 100
130 38 100
130 39 100
130 39 100
130 39 100
130 39 100
130 40 100
130 40 100
130 41 100
130 41 100
130 41 100
130 41 100
130 42 100
130 42 100
130 42 100
130 42 100
130 43 100
130 43 100
130 43 100
130 43 100
130 44 100
130 44 100
130 44 100
130 45 100
130 45 100
130 45 100
130 46 100
130 46 100
130 46 100
130 47 100
130 47 100
130 47 100
130 48 100
130 48 100
130 48 100
130 49 100
130 49 100
130 49 100
130 50 100
130 51 100
130 51 100
130 51 100
130 52 100
130 52 100
130 52 100
130 53 100
130 53 100
130 53 100
130 54 100
130 54 100
130 55 100
130 55 100
130 56 100
130 56 100
130 57 100
130 57 100
130 58 100
130 59 100
131 60 100
132 60 100
133 60 100
134 60 100
135 60 100
136 60 100
137 60 100
138 60 100
139 60 100
140 61 100
140 62 100
140 63 100
140 64 100
140 65 100
140 66 100
140 67 100
140 68 100
140 69 100
141 70 100
142 70 100
143 70 100
144 70 100
145 70 100
146 70 100
147 70 100
148 70 100
149 70 100
150 71 100
150 72 100
150 73 100
150 74 100
150 75 100
150 76 100
150 77 100
150 78 100
150 79 100
150 81 100
150 82 100
150 83 100
150 84 100
150 85 100
150 86 100
150 87 100
150 88 100
150 89 100
150 91 100
150 92 100
150 93 100
150 94 100
150 95 100
150 95 100
150 96 100
150 96 100
150 97 100
150 97 100
150 98 100
150 98 100
150 99 100
150 99 100
193 60 100
193 60 100
192 60 100
192 60 100
192 61 100
192 61 100
191 61 100
191 61 100
191 62 100
191 62 100
190 62 100
190 62 100
190 63 100
190 63 100
189 63 100
189 63 100
189 64 100
189 64 100
188 64 100
188 64 100
188 65 100
188 65 100
187 65 100
187 65 100
187 66 100
187 66 100
187 66 100
186 66 100
186 66 100
186 66 100
186 67 100
186 67 100
186 67 100
185 67 100
185 67 100
185 67 100
185 68 100
185 68 100
185 68 100
184 68 100
184 68 100
184 68 100
184 69 100
184 69 100
184 69 100
183 69 100
183 69 100
183 69 100
183 70 100
183 70 100
183 70 100
182 70 100
182 70 100
182 70 100
181 70 100
181 70 100
181 70 100
180 70 100
179 70 100
179 70 100
179 70 100
179 70 100
178 70 100
178 70 100
178 70 100
178 70 100
177 70 100
177 70 100
177 70 100
177 70 100
177 70 100
176 70 100
176 70 100
176 70 100
176 70 100
176 70 100
175 70 100
175 70 100
175 70 100
175 70 100
175 70 100
174 70 100
174 70 100
174 70 100
174 70 100
174 70 100
173 70 100
173 70 100
173 70 100
173 70 100
173 70 100
173 70 100
172 70 100
172 70 100
172 70 100
172 70 100
172 70 100
172 70 100
171 70 100
171 70 100
171 70 100
171 70 100
171 70 100
171 70 100
170 70 100
170 70 100
170 70 100
169 70 100
169 70 100
169 70 100
169 70 100
169 70 100
169 70 100
168 70 100
168 70 100
168 70 100
168 70 100
168 70 100
168 70 100
167 70 100
167 70 100
167 70 100
167 70 100
167 70 100
167 70 100
166 70 100
166 70 100
166 70 100
166 70 100
166 70 100
165 70 100
165 70 100
165 70 100
165 70 100
165 70 100
164 70 100
164 70 100
164 70 100
164 70 100
163 70 100
163 70 100
163 70 100
162 70 100
162 70 100
162 70 100
161 70 100
161 70 100
159 70 100
159 70 100
158 70 100
157 70 100
156 70 100
155 70 100
154 70 100
153 70 100
152 70 100
151 70 100
113 165 100
113 165 100
113 165 100
113 165 100
112 165 100
112 165 100
112 165 100
112 165 100
112 165 100
112 164 100
112 164 100
112 164 100
112 164 100
112 164 100
111 164 100
111 164 100
111 164 100
111 164 100
111 164 100
111 164 100
111 164 100
111 163 100
111 163 100
111 163 100
111 163 100
111 163 100
111 163 100
111 163 100
111 163 100
110 163 100
110 163 100
110 163 100
110 163 100
110 163 100
110 163 100
110 163 100
110 163 100
110 163 100
110 163 100
110 163 100
110 162 100
110 162 100
110 162 100
110 162 100
110 162 100
110 162 100
110 162 100
110 162 100
110 162 100
110 162 100
110 162 100
110 162 100
110 162 100
110 161 100
110 161 100
110 161 100
110 161 100
110 161 100
110 161 100
110 161 100
110 161 100
110 161 100
110 161 100
110 161 100
110 161 100
110 161 100
110 161 100
110 160 100
110 160 100
110 160 100
110 160 100
110 160 100
110 160 100
110 160 100
110 160 100
110 160 100
110 160 100
110 160 100
110 160 100
110 160 100
110 160 100
110 159 100
110 159 100
110 159 100
110 159 100
110 159 100
110 159 100
110 159 100
110 159 100
110 159 100
110 159 100
110 159 100
110 159 100
110 159 100
110 159 100
110 159 100
110 159 100
110 158 100
110 158 100
110 158 100
110 158 100
110 158 100
110 158 100
110 158 100
110 158 100
110 158 100
110 158 100
110 158 100
110 158 100
110 158 100
110 158 100
110 158 100
110 158 100
110 158 100
110 157 100
110 157 100
110 157 100
110 157 100
110 157 100
110 157 100
110 157 100
110 157 100
110 157 100
110 157 100
110 157 100
110 157 100
110 157 100
110 157 100
110 157 100
110 157 100
110 157 100
110 157 100
110 156 100
110 156 100
110 156 100
110 156 100
110 156 100
110 156 100
110 156 100
110 156 100
110 156 100
110 156 100
110 156 100
110 156 100
110 156 100
110 156 100
110 156 100
110 156 100
110 156 100
110 156 100
110 155 100
110 155 100
110 155 100
110 155 100
110 155 100
110 155 100
110 155 100
110 155 100
110 155 100
110 155 100
110 155 100
110 155 100
110 155 100
110 155 100
110 155 100
110 155 100
110 155 100
110 155 100
110 154 100
110 154 100
110 154 100
110 154 100
110 154 100
110 154 100
110 154 100
110 154 100
110 154 100
110 154 100
110 154 100
110 154 100
110 154 100
110 154 100
110 154 100
110 154 100
110 154 100
110 154 100
110 153 100
110 153 100
110 153 100
110 153 100
110 153 100
110 153 100
110 153 100
110 153 100
110 153 100
110 153 100
110 153 100
110 153 100
110 153 100
110 153 100
110 153 100
110 153 100
110 153 100
110 152 100
110 152 100
110 152 100
110 152 100
110 152 100
110 152 100
110 152 100
110 152 100
110 152 100
110 152 100
110 152 100
110 152 100
110 152 100
110 152 100
110 152 100
110 152 100
110 151 100
110 151 100
110 151 100
110 151 100
110 151 100
110 151 100
110 151 100
110 151 100
110 151 100
110 151 100
110 151 100
110 151 100
110 151 100
110 151 100
110 151 100
110 150 100
110 150 100
110 150 100
110 150 100
110 150 100
110 150 100
110 150 100
110 150 100
110 150 100
110 150 100
110 150 100
110 150 100
110 149 100
110 149 100
110 149 100
110 149 100
110 149 100
110 149 100
110 149 100
110 149 100
110 149 100
110 149 100
110 149 100
110 149 100
110 149 100
110 148 100
110 148 100
110 148 100
110 148 100
110 148 100
110 148 100
110 148 100
110 148 100
110 148 100
110 148 100
110 148 100
110 148 100
110 147 100
110 147 100
110 147 100
110 147 100
110 147 100
110 147 100
110 147 100
110 147 100
110 147 100
110 147 100
110 147 100
110 146 100
110 146 100
110 146 100
110 146 100
110 146 100
110 146 100
110 146 100
110 146 100
110 146 100
110 146 100
110 145 100
110 145 100
110 145 100
110 145 100
110 145 100
110 145 100
110 145 100
110 145 100
110 145 100
110 144 100
110 144 100
110 144 100
110 144 100
110 144 100
110 144 100
110 144 100
110 144 100
110 144 100
110 143 100
110 143 100
110 143 100
110 143 100
110 143 100
110 143 100
110 143 100
110 143 100
110 143 100
110 142 100
110 142 100
110 142 100
110 142 100
110 142 100
110 142 100
110 142 100
110 142 100
110 142 100
110 141 100
110 141 100
110 141 100
110 141 100
110 141 100
110 141 100
110 141 100
110 141 100
110 140 100
110 140 100
110 140 100
110 140 100
110 140 100
110 140 100
110 139 100
110 139 100
110 139 100
110 139 100
110 139 100
110 139 100
110 139 100
110 139 100
110 138 100
110 138 100
110 138 100
110 138 100
110 138 100
110 138 100
110 138 100
110 138 100
110 137 100
110 137 100
110 137 100
110 137 100
110 137 100
110 137 100
110 137 100
110 137 100
110 136 100
110 136 100
110 136 100
110 136 100
110 136 100
110 136 100
110 136 100
110 136 100
110 135 100
110 135 100
110 135 100
110 135 100
110 135 100
110 135 100
110 135 100
110 135 100
110 134 100
110 134 100
110 134 100
110 134 100
110 134 100
110 134 100
110 134 100
110 134 100
110 133 100
110 133 100
110 133 100
110 133 100
110 133 100
110 133 100
110 133 100
110 132 100
110 132 100
110 132 100
110 132 100
110 132 100
110 132 100
110 132 100
110 131 100
110 131 100
110 131 100
110 131 100
110 131 100
110 131 100
110 130 100
110 130 100
110 130 100
110 129 100
110 129 100
110 129 100
110 129 100
110 128 100
110 128 100
110 128 100
110 128 100
110 127 100
110 127 100
110 127 100
110 126 100
110 126 100
110 126 100
110 125 100
110 125 100
110 124 100
110 124 100
110 123 100
110 123 100
110 122 100
110 122 100
110 121 100
110 119 100
110 118 100
110 117 100
110 116 100
110 115 100
110 114 100
110 113 100
110 112 100
110 111 100
143 82 100
144 82 100
144 81 100
145 81 100
145 80 100
146 80 100
147 80 100
148 80 100
149 80 100
18 178 100
18 178 100
19 178 100
19 178 100
19 179 100
19 179 100
20 179 100
20 179 100
20 180 100
20 181 100
20 181 100
20 182 100
20 182 100
20 183 100
20 183 100
20 184 100
20 184 100
20 185 100
20 186 100
20 187 100
20 188 100
20 189 100
21 190 100
22 190 100
23 190 100
24 190 100
25 190 100
26 190 100
27 190 100
28 190 100
29 190 100
31 190 100
32 190 100
33 190 100
34 190 100
34 190 100
35 190 100
35 190 100
36 190 100
36 190 100
37 190 100
37 190 100
38 190 100
38 190 100
39 190 100
39 190 100
40 190 100
41 190 100
41 190 100
42 190 100
42 190 100
42 190 100
43 190 100
43 190 100
43 190 100
44 190 100
44 190 100
44 190 100
45 190 100
45 190 100
45 190 100
46 190 100
46 190 100
46 190 100
46 190 100
47 190 100
47 190 100
47 190 100
47 190 100
48 190 100
48 190 100
48 190 100
48 190 100
48 190 100
49 190 100
49 190 100
49 190 100
49 190 100
49 190 100
50 190 100
50 190 100
50 190 100
50 190 100
50 190 100
50 190 100
51 190 100
51 190 100
51 190 100
51 190 100
51 190 100
51 190 100
51 190 100
51 190 100
52 190 100
52 190 100
52 190 100
52 190 100
52 190 100
52 190 100
52 190 100
52 190 100
52 190 100
52 190 100
53 190 100
53 190 100
53 190 100
53 190 100
53 190 100
53 190 100
53 190 100
53 190 100
53 190 100
53 190 100
53 190 100
53 190 100
54 190 100
54 190 100
54 190 100
54 190 100
54 190 100
54 190 100
54 190 100
54 190 100
54 190 100
54 190 100
54 190 100
54 190 100
54 190 100
54 190 100
54 190 100
55 190 100
55 190 100
55 190 100
55 190 100
55 190 100
55 190 100
55 190 100
55 190 100
55 190 100
55 190 100
55 190 100
55 190 100
55 190 100
55 190 100
55 190 100
55 190 100
55 190 100
55 190 100
56 190 100
56 190 100
56 190 100
56 190 100
56 190 100
56 190 100
56 190 100
56 190 100
56 190 100
56 190 100
56 190 100
56 190 100
56 190 100
56 190 100
56 190 100
56 190 100
56 190 100
56 190 100
56 190 100
56 190 100
57 190 100
57 190 100
57 190 100
57 190 100
57 190 100
57 190 100
57 190 100
57 190 100
57 190 100
57 190 100
57 190 100
57 190 100
57 190 100
57 190 100
57 190 100
57 190 100
57 190 100
57 190 100
57 190 100
57 190 100
57 190 100
57 190 100
57 190 100
58 190 100
58 190 100
58 190 100
58 190 100
58 190 100
58 190 100
58 190 100
58 190 100
58 190 100
58 190 100
58 190 100
58 190 100
58 190 100
58 190 100
58 190 100
58 190 100
58 190 100
58 190 100
58 190 100
58 190 100
58 190 100
58 190 100
58 190 100
58 190 100
58 190 100
58 190 100
59 190 100
59 190 100
59 190 100
59 190 100
59 190 100
59 190 100
59 190 100
59 190 100
59 190 100
59 190 100
59 190 100
59 190 100
59 190 100
59 190 100
59 190 100
59 190 100
59 190 100
59 190 100
59 190 100
59 190 100
59 190 100
59 190 100
59 190 100
59 190 100
59 190 100
59 190 100
59 190 100
59 190 100
60 190 100
60 190 100
60 190 100
60 190 100
60 190 100
60 190 100
60 190 100
60 190 100
60 190 100
60 190 100
60 190 100
60 190 100
60 190 100
60 190 100
60 190 100
60 190 100
60 190 100
60 190 100
60 190 100
60 190 100
60 190 100
60 190 100
60 190 100
60 190 100
60 190 100
60 190 100
60 190 100
60 190 100
60 190 100
60 190 100
60 190 100
61 190 100
61 190 100
61 190 100
61 190 100
61 190 100
61 190 100
61 190 100
61 190 100
61 190 100
61 190 100
61 190 100
61 190 100
61 190 100
61 190 100
61 190 100
61 190 100
61 190 100
61 190 100
61 190 100
61 190 100
61 190 100
61 190 100
61 190 100
61 190 100
61 190 100
61 190 100
61 190 100
61 190 100
61 190 100
61 190 100
61 190 100
61 190 100
62 190 100
62 190 100
62 190 100
62 190 100
62 190 100
62 190 100
62 190 100
62 190 100
62 190 100
62 190 100
62 190 100
62 190 100
62 190 100
62 190 100
62 190 100
62 190 100
62 190 100
62 190 100
62 190 100
62 190 100
62 190 100
62 190 100
62 190 100
62 190 100
62 190 100
62 190 100
62 190 100
62 190 100
62 190 100
62 190 100
62 190 100
62 190 100
62 190 100
63 190 100
63 190 100
63 190 100
63 190 100
63 190 100
63 190 100
63 190 100
63 190 100
63 190 100
63 190 100
63 190 100
63 190 100
63 190 100
63 190 100
63 190 100
63 190 100
63 190 100
63 190 100
63 190 100
63 190 100
63 190 100
63 190 100
63 190 100
63 190 100
63 190 100
63 190 100
63 190 100
63 190 100
63 190 100
63 190 100
63 190 100
63 190 100
63 190 100
63 190 100
64 190 100
64 190 100
64 190 100
64 190 100
64 190 100
64 190 100
64 190 100
64 190 100
64 190 100
64 190 100
64 190 100
64 190 100
64 190 100
64 190 100
64 190 100
64 190 100
64 190 100
64 190 100
64 190 100
64 190 100
64 190 100
64 190 100
64 190 100
64 190 100
64 190 100
64 190 100
64 190 100
64 190 100
64 190 100
64 190 100
64 190 100
64 190 100
64 190 100
64 190 100
64 190 100
65 190 100
65 190 100
65 190 100
65 190 100
65 190 100
65 190 100
65 190 100
65 190 100
65 190 100
65 190 100
65 190 100
65 190 100
65 190 100
65 190 100
65 190 100
65 190 100
65 190 100
65 190 100
65 190 100
65 190 100
65 190 100
65 190 100
65 190 100
65 190 100
65 190 100
65 190 100
65 190 100
65 190 100
65 190 100
65 190 100
65 190 100
65 190 100
65 190 100
65 190 100
65 190 100
66 190 100
66 190 100
66 190 100
66 190 100
66 190 100
66 190 100
66 190 100
66 190 100
66 190 100
66 190 100
66 190 100
66 190 100
66 190 100
66 190 100
66 190 100
66 190 100
66 190 100
66 190 100
66 190 100
66 190 100
66 190 100
66 190 100
66 190 100
66 190 100
66 190 100
66 190 100
66 190 100
66 190 100
66 190 100
66 190 100
66 190 100
66 190 100
66 190 100
66 190 100
66 190 100
67 190 100
67 190 100
67 190 100
67 190 100
67 190 100
67 190 100
67 190 100
67 190 100
67 190 100
67 190 100
67 190 100
67 190 100
67 190 100
67 190 100
67 190 100
67 190 100
67 190 100
67 190 100
67 190 100
67 190 100
67 190 100
67 190 100
67 190 100
67 190 100
67 190 100
67 190 100
67 190 100
67 190 100
67 190 100
67 190 100
67 190 100
67 190 100
67 190 100
67 190 100
67 190 100
68 190 100
68 190 100
68 190 100
68 190 100
68 190 100
68 190 100
68 190 100
68 190 100
68 190 100
68 190 100
68 190 100
68 190 100
68 190 100
68 190 100
68 190 100
68 190 100
68 190 100
68 190 100
68 190 100
68 190 100
68 190 100
68 190 100
68 190 100
68 190 100
68 190 100
68 190 100
68 190 100
68 190 100
68 190 100
68 190 100
68 190 100
68 190 100
68 190 100
68 190 100
68 190 100
69 190 100
69 190 100
69 190 100
69 190 100
69 190 100
69 190 100
69 190 100
69 190 100
69 190 100
69 190 100
69 190 100
69 190 100
69 190 100
69 190 100
69 190 100
69 190 100
69 190 100
69 190 100
69 190 100
69 190 100
69 190 100
69 190 100
69 190 100
69 190 100
69 190 100
69 190 100
69 190 100
69 190 100
69 190 100
69 190 100
69 190 100
69 190 100
69 190 100
69 190 100
69 190 100
70 190 100
70 190 100
70 190 100
70 190 100
70 190 100
70 190 100
70 190 100
70 190 100
70 190 100
70 190 100
70 190 100
70 190 100
70 190 100
70 190 100
70 190 100
70 190 100
70 190 100
70 190 100
70 190 100
70 190 100
70 190 100
70 190 100
70 190 100
70 190 100
70 190 100
70 190 100
70 190 100
70 190 100
70 190 100
70 190 100
70 190 100
70 190 100
70 190 100
70 190 100
71 190 100
71 190 100
71 190 100
71 190 100
71 190 100
71 190 100
71 190 100
71 190 100
71 190 100
71 190 100
71 190 100
71 190 100
71 190 100
71 190 100
71 190 100
71 190 100
71 190 100
71 190 100
71 190 100
71 190 100
71 190 100
71 190 100
71 190 100
71 190 100
71 190 100
71 190 100
71 190 100
71 190 100
71 190 100
71 190 100
71 190 100
71 190 100
71 190 100
71 190 100
71 190 100
72 190 100
72 190 100
72 190 100
72 190 100
72 190 100
72 190 100
72 190 100
72 190 100
72 190 100
72 190 100
72 190 100
72 190 100
72 190 100
72 190 100
72 190 100
72 190 100
72 190 100
72 190 100
72 190 100
72 190 100
72 190 100
72 190 100
72 190 100
72 190 100
72 190 100
72 190 100
72 190 100
72 190 100
72 190 100
72 190 100
72 190 100
72 190 100
72 190 100
72 190 100
72 190 100
72 190 100
73 190 100
73 190 100
73 190 100
73 190 100
73 190 100
73 190 100
73 190 100
73 190 100
73 190 100
73 190 100
73 190 100
73 190 100
73 190 100
73 190 100
73 190 100
73 190 100
73 190 100
73 190 100
73 190 100
73 190 100
73 190 100
73 190 100
73 190 100
73 190 100
73 190 100
73 190 100
73 190 100
73 190 100
73 190 100
73 190 100
73 190 100
73 190 100
73 190 100
73 190 100
73 190 100
73 190 100
74 190 100
74 190 100
74 190 100
74 190 100
74 190 100
74 190 100
74 190 100
74 190 100
74 190 100
74 190 100
74 190 100
74 190 100
74 190 100
74 190 100
74 190 100
74 190 100
74 190 100
74 190 100
74 190 100
74 190 100
74 190 100
74 190 100
74 190 100
74 190 100
74 190 100
74 190 100
74 190 100
74 190 100
74 190 100
74 190 100
74 190 100
74 190 100
74 190 100
74 190 100
74 190 100
74 190 100
75 190 100
75 190 100
75 190 100
75 190 100
75 190 100
75 190 100
75 190 100
75 190 100
75 190 100
75 190 100
75 190 100
75 190 100
75 190 100
75 190 100
75 190 100
75 190 100
75 190 100
75 190 100
75 190 100
75 190 100
75 190 100
75 190 100
75 190 100
75 190 100
75 190 100
75 190 100
75 190 100
75 190 100
75 190 100
75 190 100
75 190 100
75 190 100
75 190 100
75 190 100
75 190 100
75 190 100
76 190 100
76 190 100
76 190 100
76 190 100
76 190 100
76 190 100
76 190 100
76 190 100
76 190 100
76 190 100
76 190 100
76 190 100
76 190 100
76 190 100
76 190 100
76 190 100
76 190 100
76 190 100
76 190 100
76 190 100
76 190 100
76 190 100
76 190 100
76 190 100
76 190 100
76 190 100
76 190 100
76 190 100
76 190 100
76 190 100
76 190 100
76 190 100
76 190 100
76 190 100
76 190 100
77 190 100
77 190 100
77 190 100
77 190 100
77 190 100
77 190 100
77 190 100
77 190 100
77 190 100
77 190 100
77 190 100
77 190 100
77 190 100
77 190 100
77 190 100
77 190 100
77 190 100
77 190 100
77 190 100
77 190 100
77 190 100
77 190 100
77 190 100
77 190 100
77 190 100
77 190 100
77 190 100
77 190 100
77 190 100
77 190 100
77 190 100
77 190 100
77 190 100
77 190 100
77 190 100
78 190 100
78 190 100
78 190 100
78 190 100
78 190 100
78 190 100
78 190 100
78 190 100
78 190 100
78 190 100
78 190 100
78 190 100
78 190 100
78 190 100
78 190 100
78 190 100
78 190 100
78 190 100
78 190 100
78 190 100
78 190 100
78 190 100
78 190 100
78 190 100
78 190 100
78 190 100
78 190 100
78 190 100
78 190 100
78 190 100
78 190 100
78 190 100
78 190 100
79 190 100
79 190 100
79 190 100
79 190 100
79 190 100
79 190 100
79 190 100
79 190 100
79 190 100
79 190 100
79 190 100
79 190 100
79 190 100
79 190 100
79 190 100
79 190 100
79 190 100
79 190 100
79 190 100
79 190 100
79 190 100
79 190 100
79 190 100
79 190 100
79 190 100
79 190 100
79 190 100
79 190 100
79 190 100
79 190 100
79 190 100
79 190 100
80 190 100
80 190 100
80 190 100
80 190 100
80 190 100
80 190 100
80 190 100
80 190 100
80 190 100
80 190 100
80 190 100
80 190 100
80 190 100
80 190 100
80 190 100
80 190 100
80 190 100
80 190 100
80 190 100
80 190 100
80 190 100
80 190 100
80 190 100
80 190 100
80 190 100
80 190 100
80 190 100
80 190 100
80 190 100
81 190 100
81 190 100
81 190 100
81 190 100
81 190 100
81 190 100
81 190 100
81 190 100
81 190 100
81 190 100
81 190 100
81 190 100
81 190 100
81 190 100
81 190 100
81 190 100
81 190 100
81 190 100
81 190 100
81 190 100
81 190 100
81 190 100
81 190 100
81 190 100
81 190 100
81 190 100
81 190 100
81 190 100
82 190 100
82 190 100
82 190 100
82 190 100
82 190 100
82 190 100
82 190 100
82 190 100
82 190 100
82 190 100
82 190 100
82 190 100
82 190 100
82 190 100
82 190 100
82 190 100
82 190 100
82 190 100
82 190 100
82 190 100
82 190 100
82 190 100
82 190 100
82 190 100
82 190 100
82 190 100
83 190 100
83 190 100
83 190 100
83 190 100
83 190 100
83 190 100
83 190 100
83 190 100
83 190 100
83 190 100
83 190 100
83 190 100
83 190 100
83 190 100
83 190 100
83 190 100
83 190 100
83 190 100
83 190 100
83 190 100
83 190 100
83 190 100
83 190 100
84 190 100
84 190 100
84 190 100
84 190 100
84 190 100
84 190 100
84 190 100
84 190 100
84 190 100
84 190 100
84 190 100
84 190 100
84 190 100
84 190 100
84 190 100
84 190 100
84 190 100
84 190 100
84 190 100
84 190 100
84 190 100
85 190 100
85 190 100
85 190 100
85 190 100
85 190 100
85 190 100
85 190 100
85 190 100
85 190 100
85 190 100
85 190 100
85 190 100
85 190 100
85 190 100
85 190 100
85 190 100
85 190 100
85 190 100
85 190 100
86 190 100
86 190 100
86 190 100
86 190 100
86 190 100
86 190 100
86 190 100
86 190 100
86 190 100
86 190 100
86 190 100
86 190 100
86 190 100
86 190 100
86 190 100
86 190 100
86 190 100
87 190 100
87 190 100
87 190 100
87 190 100
87 190 100
87 190 100
87 190 100
87 190 100
87 190 100
87 190 100
87 190 100
87 190 100
87 190 100
87 190 100
87 190 100
87 190 100
88 190 100
88 190 100
88 190 100
88 190 100
88 190 100
88 190 100
88 190 100
88 190 100
88 190 100
88 190 100
88 190 100
88 190 100
88 190 100
88 190 100
89 190 100
89 190 100
89 190 100
89 190 100
89 190 100
89 190 100
89 190 100
89 190 100
89 190 100
89 190 100
89 190 100
89 190 100
89 190 100
90 190 100
90 190 100
90 190 100
90 190 100
90 190 100
90 190 100
90 190 100
90 190 100
90 190 100
90 190 100
90 190 100
90 190 100
91 190 100
91 190 100
91 190 100
91 190 100
91 190 100
91 190 100
91 190 100
91 190 100
91 190 100
91 190 100
91 190 100
91 190 100
92 190 100
92 190 100
92 190 100
92 190 100
92 190 100
92 190 100
92 190 100
92 190 100
92 190 100
92 190 100
92 190 100
93 190 100
93 190 100
93 190 100
93 190 100
93 190 100
93 190 100
93 190 100
93 190 100
93 190 100
93 190 100
94 190 100
94 190 100
94 190 100
94 190 100
94 190 100
94 190 100
94 190 100
94 190 100
94 190 100
94 190 100
95 190 100
95 190 100
95 190 100
95 190 100
95 190 100
95 190 100
95 190 100
95 190 100
95 190 100
96 190 100
96 190 100
96 190 100
96 190 100
96 190 100
96 190 100
96 190 100
97 190 100
97 190 100
97 190 100
97 190 100
97 190 100
97 190 100
98 190 100
98 190 100
98 190 100
98 190 100
98 190 100
99 190 100
99 190 100
99 190 100
99 190 100
100 190 100
100 190 100
101 190 100
101 190 100
101 190 100
102 190 100
102 190 100
103 190 100
103 190 100
104 190 100
105 190 100
106 190 100
107 190 100
108 190 100
109 190 100
111 190 100
112 190 100
113 190 100
114 190 100
115 190 100
116 190 100
117 190 100
118 190 100
119 190 100
120 189 100
120 188 100
120 187 100
120 186 100
120 185 100
120 184 100
120 183 100
120 182 100
120 181 100
120 179 100
120 178 100
120 177 100
120 176 100
120 175 100
120 174 100
120 173 100
120 172 100
120 171 100
119 170 100
119 169 100
118 169 100
118 168 100
117 168 100
117 167 100
116 167 100
116 166 100
115 166 100
115 166 100
115 165 100
115 165 100
114 165 100
114 165 100
114 165 100
