# score 179477
80 90 100
90 90 100
100 90 100
110 90 100
120 90 100
130 90 100
140 90 100
150 90 100
160 90 100
80 100 100
90 100 100
100 100 100
110 100 100
120 100 100
130 100 100
140 100 100
150 100 100
160 100 100
80 110 100
90 110 100
100 110 100
110 110 100
120 110 100
130 110 100
140 110 100
150 110 100
160 110 100
80 120 100
90 120 100
100 120 100
110 120 100
120 120 100
130 120 100
140 120 100
150 120 100
160 120 100
80 130 100
90 130 100
100 130 100
110 130 100
120 130 100
130 130 100
140 130 100
150 130 100
160 130 100
80 140 100
90 140 100
100 140 100
110 140 100
120 140 100
130 140 100
140 140 100
150 140 100
160 140 100
80 150 100
90 150 100
100 150 100
110 150 100
120 150 100
130 150 100
140 150 100
150 150 100
160 150 100
80 160 100
90 160 100
100 160 100
110 160 100
120 160 100
130 160 100
140 160 100
150 160 100
160 160 100
80 170 100
90 170 100
100 170 100
110 170 100
120 170 100
130 170 100
140 170 100
150 170 100
160 170 100
130 40 100
140 40 100
150 40 100
160 40 100
170 40 100
180 40 100
190 40 100
130 50 100
140 50 100
150 50 100
160 50 100
170 50 100
180 50 100
190 50 100
130 60 100
140 60 100
150 60 100
160 60 100
170 60 100
180 60 100
190 60 100
130 70 100
140 70 100
150 70 100
160 70 100
170 70 100
180 70 100
190 70 100
130 80 100
140 80 100
150 80 100
160 80 100
170 80 100
180 80 100
190 80 100
130 90 100
150 90 100
160 90 100
170 90 100
180 90 100
190 90 100
150 100 100
160 100 100
170 100 100
180 100 100
190 100 100
150 110 100
160 110 100
170 110 100
180 110 100
190 110 100
130 120 100
140 120 100
150 120 100
160 120 100
170 120 100
180 120 100
190 120 100
0 80 100
10 80 100
20 80 100
30 80 100
40 80 100
0 90 100
10 90 100
20 90 100
30 90 100
40 90 100
0 100 100
10 100 100
20 100 100
30 100 100
40 100 100
0 110 100
10 110 100
20 110 100
30 110 100
40 110 100
0 120 100
10 120 100
20 120 100
30 120 100
40 120 100
0 130 100
10 130 100
20 130 100
30 130 100
40 130 100
0 140 100
10 140 100
20 140 100
30 140 100
40 140 100
0 150 100
10 150 100
20 150 100
30 150 100
40 150 100
0 160 100
10 160 100
20 160 100
30 160 100
40 160 100
110 130 100
120 130 100
130 130 100
140 130 100
150 130 100
170 130 100
180 130 100
190 130 100
110 140 100
140 140 100
150 140 100
170 140 100
180 140 100
190 140 100
130 150 100
140 150 100
150 150 100
160 150 100
170 150 100
180 150 100
190 150 100
120 160 100
130 160 100
140 160 100
150 160 100
160 160 100
170 160 100
180 160 100
190 160 100
110 170 100
120 170 100
130 170 100
140 170 100
150 170 100
160 170 100
170 170 100
180 170 100
190 170 100
110 180 100
120 180 100
130 180 100
140 180 100
150 180 100
160 180 100
170 180 100
180 180 100
190 180 100
110 190 100
120 190 100
130 190 100
140 190 100
150 190 100
160 190 100
170 190 100
180 190 100
190 190 100
100 150 100
130 150 100
140 150 100
150 150 100
170 150 100
180 150 100
130 160 100
140 160 100
150 160 100
160 160 100
170 160 100
180 160 100
120 170 100
130 170 100
140 170 100
160 170 100
170 170 100
180 170 100
100 180 100
110 180 100
120 180 100
130 180 100
140 180 100
150 180 100
160 180 100
170 180 100
180 180 100
100 190 100
110 190 100
120 190 100
150 190 100
160 190 100
180 190 100
0 0 100
10 0 100
20 0 100
30 0 100
40 0 100
50 0 100
0 10 100
10 10 100
20 10 100
30 10 100
40 10 100
50 10 100
0 20 100
10 20 100
20 20 100
30 20 100
40 20 100
50 20 100
0 30 100
10 30 100
20 30 100
30 30 100
40 30 100
50 30 100
0 40 100
10 40 100
20 40 100
30 40 100
40 40 100
50 40 100
0 50 100
10 50 100
20 50 100
30 50 100
40 50 100
50 50 100
0 60 100
10 60 100
20 60 100
30 60 100
40 60 100
50 60 100
0 70 100
10 70 100
20 70 100
30 70 100
40 70 100
50 70 100
10 50 100
20 50 100
30 50 100
40 50 100
50 50 100
60 50 100
70 50 100
80 50 100
90 50 100
10 60 100
30 60 100
60 60 100
70 60 100
80 60 100
90 60 100
30 70 100
60 70 100
70 70 100
80 70 100
90 70 100
10 80 100
20 80 100
30 80 100
40 80 100
50 80 100
60 80 100
70 80 100
80 80 100
90 80 100
10 90 100
20 90 100
30 90 100
40 90 100
50 90 100
60 90 100
70 90 100
80 90 100
10 100 100
20 100 100
30 100 100
40 100 100
50 100 100
60 100 100
70 100 100
80 100 100
90 100 100
10 110 100
20 110 100
30 110 100
40 110 100
50 110 100
60 110 100
70 110 100
80 110 100
90 110 100
30 120 100
40 120 100
50 120 100
60 120 100
70 120 100
80 120 100
90 120 100
20 130 100
30 130 100
40 130 100
50 130 100
60 130 100
70 130 100
80 130 100
90 130 100
0 0 100
10 0 100
30 0 100
40 0 100
60 0 100
70 0 100
80 0 100
0 10 100
10 10 100
30 10 100
40 10 100
50 10 100
60 10 100
70 10 100
80 10 100
0 20 100
10 20 100
20 20 100
30 20 100
40 20 100
50 20 100
60 20 100
70 20 100
80 20 100
0 30 100
10 30 100
40 30 100
50 30 100
60 30 100
70 30 100
80 30 100
0 40 100
10 40 100
40 40 100
50 40 100
60 40 100
70 40 100
80 40 100
0 50 100
10 50 100
20 50 100
30 50 100
40 50 100
60 50 100
70 50 100
80 50 100
0 60 100
10 60 100
60 60 100
80 60 100
0 70 100
80 70 100
0 80 100
10 80 100
20 80 100
30 80 100
40 80 100
70 80 100
80 80 100
140 60 100
150 60 100
170 60 100
180 60 100
190 60 100
140 70 100
150 70 100
170 70 100
180 70 100
190 70 100
140 80 100
150 80 100
160 80 100
170 80 100
180 80 100
190 80 100
150 90 100
160 90 100
170 90 100
180 90 100
190 90 100
160 100 100
170 100 100
190 100 100
150 110 100
160 110 100
170 110 100
180 110 100
190 110 100
140 120 100
150 120 100
160 120 100
170 120 100
180 120 100
190 120 100
140 130 100
150 130 100
180 130 100
190 130 100
140 140 100
170 140 100
180 140 100
190 140 100
70 0 100
80 0 100
90 0 100
100 0 100
110 0 100
120 0 100
130 0 100
50 10 100
60 10 100
70 10 100
80 10 100
90 10 100
100 10 100
110 10 100
120 10 100
130 10 100
50 20 100
60 20 100
70 20 100
80 20 100
90 20 100
100 20 100
110 20 100
120 20 100
130 20 100
50 30 100
60 30 100
70 30 100
80 30 100
90 30 100
100 30 100
110 30 100
120 30 100
130 30 100
50 40 100
60 40 100
70 40 100
80 40 100
90 40 100
100 40 100
110 40 100
120 40 100
130 40 100
60 50 100
70 50 100
80 50 100
90 50 100
100 50 100
110 50 100
120 50 100
130 50 100
70 0 100
80 0 100
90 0 100
110 0 100
120 0 100
130 0 100
140 0 100
150 0 100
70 10 100
80 10 100
120 10 100
130 10 100
140 10 100
150 10 100
70 20 100
80 20 100
120 20 100
130 20 100
140 20 100
150 20 100
90 30 100
100 30 100
120 30 100
130 30 100
140 30 100
150 30 100
70 40 100
80 40 100
90 40 100
100 40 100
120 40 100
130 40 100
70 50 100
90 50 100
120 50 100
130 50 100
140 50 100
150 50 100
90 60 100
100 60 100
110 60 100
120 60 100
130 60 100
140 60 100
150 60 100
80 70 100
90 70 100
100 70 100
110 70 100
120 70 100
40 50 100
60 50 100
70 50 100
90 50 100
120 50 100
90 60 100
100 60 100
80 70 100
90 70 100
100 70 100
40 80 100
70 80 100
80 80 100
90 80 100
100 80 100
110 80 100
120 80 100
40 90 100
50 90 100
70 90 100
120 90 100
40 100 100
70 100 100
80 100 100
110 100 100
120 100 100
40 110 100
70 110 100
80 110 100
90 110 100
100 110 100
110 110 100
120 110 100
40 120 100
50 120 100
70 120 100
80 120 100
90 120 100
100 120 100
110 120 100
120 120 100
40 130 100
50 130 100
70 130 100
80 130 100
100 130 100
110 130 100
120 130 100
70 20 100
80 20 100
120 20 100
130 20 100
140 20 100
150 20 100
90 30 100
100 30 100
130 30 100
150 30 100
70 40 100
80 40 100
90 40 100
130 40 100
120 50 100
130 50 100
140 50 100
90 60 100
100 60 100
130 60 100
140 60 100
150 60 100
80 70 100
90 70 100
100 70 100
70 80 100
80 80 100
100 80 100
110 80 100
120 80 100
130 80 100
150 80 100
70 90 100
120 90 100
130 90 100
150 90 100
70 100 100
80 100 100
120 100 100
90 60 100
100 60 100
130 60 100
140 60 100
150 60 100
90 70 100
100 70 100
100 80 100
110 80 100
120 80 100
130 80 100
150 80 100
160 80 100
120 90 100
130 90 100
150 90 100
160 90 100
80 100 100
160 100 100
80 110 100
90 110 100
100 110 100
110 110 100
120 110 100
150 110 100
160 110 100
80 120 100
90 120 100
100 120 100
110 120 100
120 120 100
130 120 100
140 120 100
150 120 100
160 120 100
80 130 100
100 130 100
110 130 100
120 130 100
130 130 100
140 130 100
150 130 100
80 140 100
90 140 100
100 140 100
110 140 100
143 194 100
142 194 100
142 193 100
141 193 100
141 192 100
140 192 100
140 191 100
140 189 100
140 188 100
140 187 100
140 186 100
140 185 100
140 184 100
140 183 100
140 182 100
140 181 100
141 180 100
141 180 100
141 179 100
141 179 100
142 179 100
142 179 100
142 178 100
142 178 100
143 178 100
143 178 100
143 178 100
143 177 100
143 177 100
143 177 100
144 177 100
144 177 100
144 177 100
144 176 100
144 176 100
144 176 100
144 176 100
145 176 100
145 176 100
145 176 100
145 176 100
146 176 100
146 176 100
146 176 100
146 176 100
147 176 100
147 176 100
147 176 100
147 176 100
147 176 100
148 176 100
148 176 100
148 176 100
148 176 100
148 176 100
149 176 100
149 176 100
149 176 100
149 176 100
149 176 100
150 176 100
150 176 100
150 176 100
150 176 100
150 176 100
151 176 100
151 176 100
151 176 100
151 176 100
151 176 100
151 176 100
152 176 100
152 176 100
152 176 100
152 176 100
152 176 100
152 176 100
153 176 100
153 176 100
153 176 100
153 176 100
153 176 100
153 176 100
154 176 100
154 176 100
154 176 100
154 176 100
154 176 100
154 176 100
155 176 100
155 176 100
155 176 100
155 176 100
155 176 100
155 176 100
156 176 100
156 176 100
156 176 100
156 176 100
156 176 100
156 176 100
156 176 100
18 36 100
19 36 100
19 37 100
20 37 100
20 38 100
20 39 100
21 40 100
22 40 100
23 40 100
24 40 100
25 40 100
26 40 100
27 40 100
28 40 100
29 40 100
30 41 100
30 41 100
30 42 100
30 42 100
30 43 100
30 43 100
30 43 100
30 43 100
30 44 100
30 44 100
30 44 100
30 44 100
30 44 100
30 44 100
30 45 100
30 45 100
30 45 100
30 45 100
30 45 100
30 45 100
30 45 100
30 45 100
30 45 100
30 46 100
30 46 100
30 46 100
30 46 100
30 46 100
30 46 100
30 46 100
30 46 100
30 46 100
30 46 100
30 46 100
30 47 100
30 47 100
30 47 100
30 47 100
30 47 100
30 47 100
30 47 100
30 47 100
30 47 100
30 47 100
30 47 100
30 47 100
30 47 100
30 48 100
30 48 100
30 48 100
30 48 100
30 48 100
30 48 100
30 48 100
30 48 100
30 48 100
30 48 100
30 48 100
30 48 100
30 48 100
30 48 100
30 48 100
30 49 100
30 49 100
30 49 100
30 49 100
30 49 100
30 49 100
30 49 100
30 49 100
30 49 100
30 49 100
30 49 100
30 49 100
30 49 100
30 49 100
30 49 100
30 49 100
30 50 100
30 50 100
30 50 100
30 50 100
30 50 100
30 50 100
30 50 100
30 50 100
30 50 100
30 50 100
30 50 100
30 50 100
30 50 100
30 50 100
30 51 100
30 51 100
30 51 100
30 51 100
30 51 100
30 51 100
30 51 100
30 51 100
30 51 100
30 51 100
30 51 100
30 51 100
30 51 100
30 51 100
30 51 100
30 51 100
30 52 100
30 52 100
30 52 100
30 52 100
30 52 100
30 52 100
30 52 100
30 52 100
30 52 100
30 52 100
30 52 100
30 52 100
30 52 100
30 52 100
30 52 100
30 53 100
30 53 100
30 53 100
30 53 100
30 53 100
30 53 100
30 53 100
30 53 100
30 53 100
30 53 100
30 53 100
30 53 100
30 53 100
30 53 100
30 54 100
30 54 100
30 54 100
30 54 100
30 54 100
30 54 100
30 54 100
30 54 100
30 54 100
30 54 100
30 54 100
30 54 100
30 55 100
30 55 100
30 55 100
30 55 100
30 55 100
30 55 100
30 55 100
30 55 100
30 55 100
30 55 100
30 56 100
30 56 100
30 56 100
30 56 100
30 56 100
30 56 100
30 56 100
30 56 100
30 57 100
30 57 100
30 57 100
30 57 100
30 57 100
30 57 100
30 58 100
30 58 100
30 58 100
30 58 100
30 59 100
30 59 100
30 59 100
31 60 100
31 60 100
31 60 100
32 60 100
32 60 100
32 60 100
33 60 100
33 60 100
33 60 100
34 60 100
34 60 100
34 60 100
35 60 100
35 60 100
35 60 100
36 60 100
36 60 100
36 60 100
37 60 100
37 60 100
38 60 100
38 60 100
39 60 100
39 60 100
41 60 100
42 60 100
43 60 100
44 60 100
45 60 100
46 60 100
47 60 100
48 60 100
49 60 100
51 60 100
52 60 100
53 60 100
54 60 100
55 60 100
56 60 100
57 60 100
58 60 100
59 60 100
61 60 100
61 60 100
62 60 100
62 60 100
63 60 100
63 60 100
64 60 100
64 60 100
65 60 100
65 60 100
66 60 100
67 60 100
68 60 100
69 60 100
70 59 100
70 58 100
70 57 100
70 56 100
70 55 100
70 54 100
70 54 100
70 53 100
70 53 100
70 52 100
70 52 100
70 52 100
70 51 100
70 51 100
70 51 100
70 51 100
71 50 100
71 50 100
71 50 100
71 50 100
72 50 100
72 50 100
72 50 100
73 50 100
73 50 100
73 50 100
74 50 100
74 50 100
75 50 100
75 50 100
76 50 100
76 50 100
77 50 100
77 50 100
78 50 100
78 50 100
79 50 100
79 50 100
81 50 100
81 50 100
81 50 100
82 50 100
82 50 100
82 50 100
82 50 100
83 50 100
83 50 100
83 50 100
83 50 100
84 50 100
84 50 100
84 50 100
84 50 100
84 50 100
85 50 100
85 50 100
85 50 100
85 50 100
85 50 100
86 50 100
86 50 100
86 50 100
86 50 100
86 50 100
86 50 100
87 50 100
87 50 100
87 50 100
87 50 100
87 50 100
87 50 100
88 50 100
88 50 100
88 50 100
88 50 100
88 50 100
88 50 100
89 50 100
89 50 100
89 50 100
89 50 100
89 50 100
91 50 100
91 50 100
91 50 100
92 50 100
92 50 100
92 50 100
93 50 100
93 50 100
94 50 100
94 50 100
95 50 100
96 50 100
97 50 100
98 50 100
99 50 100
101 50 100
102 50 100
103 50 100
104 50 100
105 50 100
106 50 100
107 50 100
108 50 100
109 50 100
110 51 100
110 52 100
110 53 100
110 54 100
110 55 100
110 56 100
110 57 100
110 58 100
110 59 100
111 60 100
112 60 100
113 60 100
114 60 100
115 60 100
116 60 100
117 60 100
118 60 100
119 60 100
120 61 100
120 62 100
120 63 100
120 64 100
120 65 100
120 66 100
120 67 100
120 68 100
120 69 100
121 70 100
122 70 100
123 70 100
124 70 100
125 70 100
126 70 100
127 70 100
128 70 100
129 70 100
131 70 100
132 70 100
132 70 100
133 70 100
133 70 100
134 70 100
134 70 100
135 70 100
135 70 100
136 70 100
136 70 100
137 70 100
137 70 100
138 70 100
138 70 100
139 70 100
139 70 100
141 70 100
141 70 100
142 70 100
142 70 100
143 70 100
143 70 100
144 70 100
144 70 100
145 70 100
145 70 100
146 70 100
146 70 100
147 70 100
147 70 100
148 70 100
148 70 100
149 70 100
149 70 100
151 70 100
151 70 100
152 70 100
152 70 100
153 70 100
153 70 100
154 70 100
154 70 100
155 70 100
155 70 100
156 70 100
156 70 100
157 70 100
157 70 100
158 70 100
159 70 100
161 70 100
162 70 100
163 70 100
164 70 100
165 70 100
166 70 100
167 70 100
168 70 100
169 70 100
169 70 100
170 71 100
170 71 100
170 72 100
170 72 100
170 73 100
170 74 100
170 75 100
170 76 100
170 77 100
170 77 100
170 78 100
170 78 100
170 79 100
170 79 100
171 80 100
171 80 100
171 81 100
171 81 100
171 81 100
172 81 100
172 81 100
172 81 100
172 81 100
58 97 100
59 97 100
59 96 100
60 96 100
60 95 100
60 94 100
60 93 100
60 92 100
60 91 100
60 89 100
60 88 100
60 87 100
60 86 100
60 85 100
60 84 100
60 83 100
60 82 100
60 81 100
60 79 100
60 78 100
60 77 100
60 76 100
60 75 100
60 74 100
60 73 100
60 72 100
60 71 100
60 69 100
60 68 100
60 67 100
60 66 100
60 65 100
60 64 100
60 63 100
60 62 100
60 61 100
45 48 100
45 48 100
45 48 100
46 48 100
46 48 100
46 48 100
46 49 100
46 49 100
46 49 100
47 49 100
47 49 100
47 49 100
47 50 100
47 50 100
48 50 100
48 50 100
49 50 100
49 50 100
50 51 100
50 51 100
50 52 100
50 52 100
50 53 100
50 54 100
50 55 100
50 56 100
50 57 100
50 58 100
50 59 100
186 103 100
185 103 100
185 102 100
184 102 100
184 101 100
183 101 100
183 100 100
182 100 100
181 100 100
179 100 100
179 99 100
178 99 100
178 99 100
178 98 100
178 98 100
177 98 100
177 98 100
177 97 100
177 97 100
177 97 100
176 97 100
176 97 100
176 97 100
176 97 100
176 96 100
176 96 100
176 96 100
176 96 100
175 96 100
175 96 100
175 96 100
175 96 100
175 96 100
175 95 100
175 95 100
175 95 100
175 95 100
175 95 100
175 95 100
174 95 100
174 95 100
174 95 100
174 95 100
174 95 100
174 95 100
174 95 100
174 94 100
174 94 100
174 94 100
174 94 100
174 94 100
174 94 100
174 94 100
174 94 100
173 94 100
173 94 100
173 94 100
173 94 100
173 94 100
173 94 100
173 94 100
173 94 100
173 93 100
173 93 100
173 93 100
173 93 100
173 93 100
173 93 100
173 93 100
173 93 100
173 93 100
172 93 100
172 93 100
172 93 100
172 93 100
172 93 100
172 93 100
172 93 100
172 93 100
172 93 100
172 92 100
172 92 100
172 92 100
172 92 100
172 92 100
172 92 100
172 92 100
172 92 100
172 92 100
172 91 100
172 91 100
172 91 100
172 91 100
172 91 100
172 91 100
172 91 100
172 91 100
172 91 100
172 90 100
172 90 100
172 90 100
172 90 100
172 90 100
172 90 100
172 90 100
172 90 100
172 90 100
172 89 100
172 89 100
172 89 100
172 89 100
172 89 100
172 89 100
172 89 100
172 89 100
172 88 100
172 88 100
172 88 100
172 88 100
172 88 100
172 88 100
172 88 100
172 88 100
172 87 100
172 87 100
172 87 100
172 87 100
172 87 100
172 87 100
172 87 100
172 86 100
172 86 100
172 86 100
172 86 100
172 86 100
172 86 100
172 85 100
172 85 100
172 85 100
172 85 100
172 85 100
172 85 100
172 84 100
172 84 100
172 84 100
172 84 100
172 84 100
172 83 100
172 83 100
172 83 100
172 83 100
172 83 100
172 82 100
172 82 100
172 82 100
172 82 100
98 10 100
99 10 100
101 10 100
102 10 100
103 10 100
104 10 100
105 10 100
106 10 100
107 10 100
108 10 100
109 10 100
110 11 100
110 12 100
110 13 100
110 14 100
110 15 100
110 16 100
110 17 100
110 18 100
110 19 100
110 21 100
110 22 100
110 23 100
110 24 100
110 25 100
110 26 100
110 27 100
110 28 100
110 29 100
110 31 100
110 32 100
110 33 100
110 34 100
110 35 100
110 36 100
110 37 100
110 38 100
110 39 100
110 41 100
110 42 100
110 43 100
110 44 100
110 45 100
110 46 100
110 47 100
110 48 100
110 49 100
113 31 100
112 31 100
112 30 100
111 30 100
86 90 100
85 90 100
84 90 100
83 90 100
82 90 100
81 90 100
81 90 100
80 89 100
80 89 100
80 88 100
80 88 100
80 87 100
80 87 100
80 86 100
80 86 100
80 85 100
80 85 100
80 85 100
80 84 100
80 84 100
80 84 100
80 83 100
80 83 100
80 83 100
80 82 100
80 82 100
80 82 100
80 81 100
80 81 100
80 81 100
80 81 100
80 79 100
80 79 100
80 79 100
80 79 100
80 78 100
80 78 100
80 78 100
80 78 100
80 77 100
80 77 100
80 77 100
80 77 100
80 76 100
80 76 100
80 76 100
80 76 100
80 76 100
80 75 100
80 75 100
80 75 100
80 75 100
80 75 100
80 74 100
80 74 100
80 74 100
80 74 100
80 74 100
80 73 100
80 73 100
80 73 100
80 73 100
80 73 100
80 72 100
80 72 100
80 72 100
80 72 100
80 72 100
80 71 100
80 71 100
80 71 100
80 71 100
80 71 100
80 69 100
80 69 100
80 69 100
80 69 100
80 68 100
80 68 100
80 68 100
80 68 100
80 67 100
80 67 100
80 67 100
80 66 100
80 66 100
80 66 100
80 65 100
80 65 100
80 65 100
80 64 100
80 64 100
80 64 100
80 63 100
80 63 100
80 63 100
80 62 100
80 62 100
80 61 100
80 61 100
80 59 100
80 59 100
80 58 100
80 58 100
80 57 100
80 57 100
80 56 100
80 56 100
80 55 100
80 55 100
80 54 100
80 54 100
80 53 100
80 53 100
80 52 100
80 52 100
80 51 100
80 51 100
124 105 100
124 105 100
123 105 100
123 105 100
123 105 100
123 104 100
123 104 100
122 104 100
122 104 100
122 104 100
122 103 100
122 103 100
122 103 100
121 103 100
121 103 100
121 103 100
121 102 100
121 102 100
121 102 100
120 102 100
120 102 100
120 102 100
120 101 100
120 101 100
120 101 100
119 100 100
119 100 100
119 100 100
118 100 100
118 100 100
118 100 100
117 100 100
117 100 100
117 100 100
116 100 100
116 100 100
116 100 100
115 100 100
115 100 100
115 100 100
114 100 100
114 100 100
114 100 100
113 100 100
113 100 100
113 100 100
112 100 100
112 100 100
111 100 100
111 100 100
109 100 100
109 100 100
108 100 100
107 100 100
106 100 100
105 100 100
104 100 100
103 100 100
102 100 100
101 100 100
99 100 100
98 100 100
97 100 100
96 100 100
95 100 100
94 100 100
93 100 100
92 100 100
91 100 100
90 99 100
90 98 100
90 97 100
90 96 100
90 95 100
90 94 100
90 93 100
90 92 100
90 91 100
89 90 100
88 90 100
87 90 100
