# score 161964
0 120 100
10 120 100
20 120 100
30 120 100
40 120 100
50 120 100
60 120 100
70 120 100
80 120 100
0 130 100
10 130 100
20 130 100
30 130 100
40 130 100
50 130 100
60 130 100
70 130 100
80 130 100
0 140 100
10 140 100
20 140 100
30 140 100
40 140 100
50 140 100
60 140 100
70 140 100
80 140 100
0 150 100
10 150 100
20 150 100
30 150 100
40 150 100
50 150 100
60 150 100
70 150 100
80 150 100
0 160 100
10 160 100
20 160 100
30 160 100
40 160 100
50 160 100
60 160 100
70 160 100
80 160 100
0 170 100
10 170 100
20 170 100
30 170 100
40 170 100
50 170 100
60 170 100
70 170 100
80 170 100
0 180 100
10 180 100
20 180 100
30 180 100
40 180 100
50 180 100
60 180 100
70 180 100
80 180 100
0 190 100
10 190 100
20 190 100
30 190 100
40 190 100
50 190 100
60 190 100
70 190 100
80 190 100
40 110 100
50 110 100
60 110 100
70 110 100
80 110 100
90 110 100
100 110 100
110 110 100
120 110 100
50 120 100
90 120 100
100 120 100
110 120 100
120 120 100
40 130 100
80 130 100
90 130 100
100 130 100
110 130 100
120 130 100
50 140 100
80 140 100
90 140 100
100 140 100
110 140 100
120 140 100
50 150 100
60 150 100
70 150 100
90 150 100
100 150 100
110 150 100
120 150 100
60 160 100
90 160 100
100 160 100
110 160 100
120 160 100
60 170 100
70 170 100
80 170 100
90 170 100
100 170 100
110 170 100
120 170 100
50 180 100
60 180 100
70 180 100
80 180 100
90 180 100
100 180 100
110 180 100
120 180 100
40 190 100
50 190 100
60 190 100
70 190 100
80 190 100
90 190 100
100 190 100
110 190 100
120 190 100
10 80 100
20 80 100
30 80 100
40 80 100
50 80 100
60 80 100
70 80 100
80 80 100
90 80 100
10 90 100
20 90 100
30 90 100
40 90 100
50 90 100
60 90 100
70 90 100
80 90 100
90 90 100
10 100 100
20 100 100
30 100 100
40 100 100
50 100 100
60 100 100
70 100 100
80 100 100
90 100 100
10 110 100
20 110 100
30 110 100
50 110 100
60 110 100
90 110 100
20 120 100
30 120 100
50 120 100
90 120 100
20 130 100
30 130 100
40 130 100
80 130 100
90 130 100
10 140 100
20 140 100
30 140 100
80 140 100
10 150 100
20 150 100
30 150 100
50 150 100
10 160 100
20 160 100
30 160 100
130 150 100
140 150 100
150 150 100
160 150 100
170 150 100
180 150 100
190 150 100
130 160 100
140 160 100
150 160 100
160 160 100
170 160 100
180 160 100
190 160 100
120 170 100
130 170 100
140 170 100
150 170 100
160 170 100
170 170 100
180 170 100
190 170 100
120 180 100
130 180 100
140 180 100
150 180 100
160 180 100
170 180 100
180 180 100
190 180 100
120 190 100
130 190 100
140 190 100
150 190 100
160 190 100
170 190 100
180 190 100
190 190 100
0 60 100
10 60 100
20 60 100
30 60 100
40 60 100
50 60 100
60 60 100
70 60 100
80 60 100
0 70 100
10 70 100
20 70 100
30 70 100
40 70 100
50 70 100
60 70 100
70 70 100
80 70 100
0 80 100
10 80 100
20 80 100
30 80 100
50 80 100
60 80 100
70 80 100
80 80 100
0 90 100
10 90 100
20 90 100
30 90 100
50 90 100
60 90 100
70 90 100
80 90 100
0 100 100
10 100 100
20 100 100
30 100 100
80 100 100
0 110 100
10 110 100
20 110 100
30 110 100
50 110 100
60 110 100
20 120 100
30 120 100
50 120 100
20 130 100
30 130 100
40 130 100
80 130 100
20 140 100
30 140 100
80 140 100
100 0 100
110 0 100
120 0 100
130 0 100
140 0 100
150 0 100
160 0 100
170 0 100
180 0 100
100 10 100
110 10 100
120 10 100
130 10 100
140 10 100
150 10 100
160 10 100
170 10 100
180 10 100
100 20 100
110 20 100
120 20 100
130 20 100
140 20 100
150 20 100
160 20 100
170 20 100
180 20 100
100 30 100
110 30 100
120 30 100
130 30 100
140 30 100
150 30 100
160 30 100
170 30 100
180 30 100
100 40 100
110 40 100
120 40 100
130 40 100
140 40 100
150 40 100
160 40 100
170 40 100
180 40 100
100 50 100
110 50 100
120 50 100
130 50 100
140 50 100
150 50 100
160 50 100
170 50 100
180 50 100
100 60 100
110 60 100
120 60 100
130 60 100
140 60 100
150 60 100
160 60 100
170 60 100
180 60 100
100 70 100
110 70 100
120 70 100
130 70 100
140 70 100
150 70 100
160 70 100
170 70 100
180 70 100
30 10 100
40 10 100
50 10 100
60 10 100
70 10 100
80 10 100
90 10 100
100 10 100
30 20 100
40 20 100
50 20 100
60 20 100
70 20 100
80 20 100
90 20 100
100 20 100
110 20 100
30 30 100
40 30 100
50 30 100
60 30 100
70 30 100
80 30 100
90 30 100
100 30 100
110 30 100
30 40 100
40 40 100
50 40 100
60 40 100
70 40 100
80 40 100
90 40 100
100 40 100
110 40 100
30 50 100
40 50 100
50 50 100
60 50 100
70 50 100
80 50 100
90 50 100
100 50 100
90 60 100
100 60 100
110 60 100
30 70 100
60 70 100
70 70 100
80 70 100
90 70 100
100 70 100
30 80 100
50 80 100
60 80 100
70 80 100
80 80 100
100 80 100
110 80 100
30 90 100
50 90 100
60 90 100
70 90 100
80 90 100
100 90 100
110 90 100
110 110 100
120 110 100
130 110 100
140 110 100
150 110 100
160 110 100
90 120 100
110 120 100
120 120 100
130 120 100
140 120 100
150 120 100
160 120 100
80 130 100
90 130 100
100 130 100
110 130 100
120 130 100
130 130 100
140 130 100
150 130 100
160 130 100
80 140 100
100 140 100
130 140 100
140 140 100
150 140 100
160 140 100
100 150 100
110 150 100
140 160 100
150 160 100
160 160 100
90 170 100
110 170 100
120 170 100
130 170 100
140 170 100
150 170 100
110 180 100
120 180 100
130 180 100
140 180 100
150 180 100
80 190 100
120 190 100
130 190 100
150 190 100
160 190 100
0 150 100
10 150 100
20 150 100
50 150 100
0 160 100
10 160 100
20 160 100
30 160 100
10 170 100
20 170 100
30 170 100
60 170 100
70 170 100
10 180 100
20 180 100
50 180 100
60 180 100
70 180 100
0 190 100
10 190 100
30 190 100
40 190 100
50 190 100
60 190 100
30 0 100
40 0 100
50 0 100
60 0 100
70 0 100
80 0 100
90 0 100
100 0 100
110 0 100
30 10 100
40 10 100
50 10 100
60 10 100
90 10 100
100 10 100
30 20 100
90 20 100
100 20 100
110 20 100
30 30 100
40 30 100
60 30 100
90 30 100
100 30 100
110 30 100
40 40 100
50 40 100
60 40 100
70 40 100
90 40 100
100 40 100
80 50 100
90 50 100
100 50 100
166 199 100
167 199 100
167 198 100
168 198 100
168 197 100
169 197 100
169 196 100
170 196 100
170 195 100
170 194 100
170 193 100
170 192 100
170 192 100
170 191 100
170 191 100
170 190 100
170 190 100
170 189 100
170 189 100
170 189 100
170 189 100
170 189 100
170 188 100
170 188 100
170 188 100
170 188 100
170 188 100
170 188 100
170 187 100
170 187 100
170 187 100
170 187 100
170 187 100
170 187 100
170 187 100
170 186 100
170 186 100
170 186 100
170 186 100
170 186 100
170 186 100
170 186 100
170 185 100
170 185 100
170 185 100
170 185 100
170 185 100
170 185 100
170 184 100
170 184 100
170 184 100
170 184 100
170 184 100
170 183 100
170 183 100
170 183 100
170 183 100
170 182 100
170 182 100
170 181 100
170 181 100
169 180 100
168 180 100
167 180 100
166 180 100
165 180 100
164 180 100
163 180 100
162 180 100
161 180 100
160 179 100
160 178 100
160 177 100
160 176 100
160 175 100
160 174 100
160 173 100
160 172 100
160 171 100
160 169 100
160 168 100
160 168 100
160 167 100
160 167 100
160 167 100
160 166 100
160 166 100
160 166 100
160 166 100
160 165 100
160 165 100
160 165 100
160 165 100
160 165 100
160 164 100
160 164 100
160 164 100
160 164 100
160 164 100
160 164 100
160 163 100
160 163 100
160 163 100
160 163 100
160 163 100
160 163 100
160 163 100
160 162 100
160 162 100
160 162 100
160 162 100
160 162 100
160 162 100
160 162 100
160 161 100
160 161 100
160 161 100
160 161 100
160 161 100
160 161 100
160 160 100
160 160 100
160 160 100
160 159 100
160 159 100
160 159 100
160 159 100
160 158 100
160 158 100
160 158 100
160 157 100
160 157 100
160 156 100
160 156 100
160 155 100
160 154 100
160 153 100
160 152 100
160 151 100
159 150 100
158 150 100
157 150 100
156 150 100
155 150 100
154 150 100
153 150 100
152 150 100
151 150 100
149 150 100
148 150 100
147 150 100
146 150 100
145 150 100
144 150 100
143 150 100
142 150 100
141 150 100
139 150 100
138 150 100
137 150 100
136 150 100
135 150 100
134 150 100
133 150 100
132 150 100
131 150 100
130 151 100
130 152 100
130 153 100
130 154 100
130 155 100
130 156 100
130 157 100
130 158 100
130 159 100
129 160 100
129 159 100
128 159 100
128 158 100
127 158 100
126 158 100
126 159 100
125 159 100
125 160 100
124 160 100
123 160 100
122 160 100
121 160 100
119 160 100
118 160 100
117 160 100
116 160 100
115 160 100
115 160 100
114 160 100
114 160 100
113 160 100
112 160 100
111 160 100
109 160 100
108 160 100
107 160 100
106 160 100
105 160 100
104 160 100
103 160 100
102 160 100
101 160 100
99 160 100
98 160 100
97 160 100
96 160 100
95 160 100
94 160 100
93 160 100
92 160 100
91 160 100
89 160 100
88 160 100
87 160 100
86 160 100
85 160 100
84 160 100
83 160 100
82 160 100
81 160 100
81 159 100
82 159 100
82 158 100
82 157 100
82 156 100
82 155 100
82 154 100
82 153 100
82 152 100
40 101 100
40 102 100
40 103 100
40 104 100
40 105 100
40 106 100
40 107 100
40 108 100
40 109 100
40 111 100
40 112 100
40 113 100
40 114 100
40 115 100
40 116 100
40 117 100
40 118 100
40 119 100
40 121 100
40 122 100
40 123 100
40 124 100
40 125 100
40 126 100
40 126 100
40 127 100
40 127 100
40 128 100
40 128 100
40 129 100
40 129 100
40 129 100
41 130 100
41 130 100
41 130 100
42 130 100
42 130 100
42 130 100
43 130 100
43 130 100
44 130 100
44 130 100
45 130 100
45 130 100
46 130 100
47 130 100
48 130 100
49 130 100
51 130 100
51 129 100
52 129 100
52 128 100
53 128 100
53 127 100
54 127 100
140 34 100
140 34 100
140 34 100
140 35 100
140 35 100
140 35 100
140 36 100
140 36 100
140 36 100
140 37 100
140 37 100
140 37 100
140 38 100
140 38 100
140 39 100
140 39 100
140 40 100
140 41 100
140 41 100
140 42 100
140 42 100
140 43 100
140 44 100
140 45 100
140 46 100
140 47 100
140 48 100
140 49 100
139 50 100
138 50 100
137 50 100
136 50 100
135 50 100
134 50 100
133 50 100
132 50 100
131 50 100
129 50 100
128 50 100
127 50 100
126 50 100
125 50 100
124 50 100
123 50 100
122 50 100
121 50 100
119 50 100
118 50 100
117 50 100
116 50 100
115 50 100
114 50 100
113 50 100
112 50 100
111 50 100
110 51 100
110 52 100
110 53 100
110 54 100
110 55 100
110 56 100
110 57 100
110 57 100
110 58 100
110 58 100
110 58 100
110 59 100
110 59 100
110 59 100
110 59 100
110 60 100
110 60 100
110 60 100
110 61 100
110 61 100
110 61 100
110 61 100
110 61 100
110 62 100
110 62 100
110 62 100
110 62 100
110 62 100
110 63 100
110 63 100
110 63 100
110 63 100
110 64 100
110 64 100
110 64 100
110 65 100
110 65 100
110 65 100
110 66 100
110 66 100
110 67 100
110 68 100
110 69 100
110 71 100
110 72 100
110 73 100
110 74 100
110 75 100
110 76 100
110 77 100
110 78 100
110 79 100
109 80 100
108 80 100
107 80 100
106 80 100
105 80 100
104 80 100
103 80 100
102 80 100
101 80 100
99 80 100
98 80 100
97 80 100
96 80 100
95 80 100
94 80 100
93 80 100
92 80 100
91 80 100
90 81 100
90 82 100
90 83 100
90 84 100
90 85 100
90 86 100
90 87 100
90 88 100
90 89 100
89 90 100
88 90 100
87 90 100
86 90 100
85 90 100
84 90 100
83 90 100
82 90 100
82 90 100
81 90 100
81 90 100
79 90 100
79 90 100
79 90 100
79 90 100
78 90 100
78 90 100
78 90 100
78 90 100
77 90 100
77 90 100
77 90 100
77 90 100
76 90 100
76 90 100
76 90 100
76 90 100
75 90 100
75 90 100
75 90 100
75 90 100
74 90 100
74 90 100
74 90 100
73 90 100
73 90 100
73 90 100
72 90 100
72 90 100
72 90 100
71 90 100
71 90 100
71 90 100
70 91 100
70 91 100
70 92 100
70 92 100
70 93 100
70 93 100
70 94 100
70 95 100
70 96 100
70 97 100
70 98 100
70 99 100
69 100 100
68 100 100
67 100 100
66 100 100
65 100 100
64 100 100
63 100 100
62 100 100
61 100 100
59 100 100
58 100 100
57 100 100
56 100 100
55 100 100
54 100 100
53 100 100
52 100 100
51 100 100
49 100 100
48 100 100
47 100 100
46 100 100
45 100 100
44 100 100
43 100 100
42 100 100
41 100 100
70 54 100
70 55 100
70 56 100
70 57 100
70 58 100
70 59 100
71 60 100
72 60 100
73 60 100
74 60 100
75 60 100
76 60 100
77 60 100
78 60 100
79 60 100
80 61 100
80 62 100
80 63 100
80 64 100
80 65 100
80 66 100
80 67 100
80 68 100
80 69 100
80 69 100
80 71 100
80 71 100
80 71 100
80 72 100
80 72 100
80 72 100
80 73 100
80 73 100
80 73 100
80 73 100
80 74 100
80 74 100
80 74 100
80 74 100
80 75 100
80 75 100
80 75 100
80 75 100
80 76 100
80 76 100
80 76 100
80 76 100
80 77 100
80 77 100
80 77 100
80 78 100
80 78 100
80 78 100
80 79 100
80 79 100
80 79 100
80 81 100
80 81 100
80 81 100
80 82 100
80 82 100
80 82 100
80 83 100
80 83 100
80 83 100
80 84 100
80 84 100
80 84 100
80 85 100
80 85 100
80 85 100
80 86 100
80 86 100
80 86 100
80 87 100
80 87 100
80 87 100
80 88 100
80 88 100
80 88 100
80 89 100
80 89 100
80 89 100
30 195 100
30 194 100
30 193 100
30 192 100
30 192 100
30 191 100
30 191 100
30 190 100
30 189 100
30 189 100
30 189 100
30 189 100
30 188 100
30 188 100
30 188 100
30 188 100
30 188 100
30 187 100
30 187 100
30 187 100
30 187 100
30 187 100
30 186 100
30 186 100
30 186 100
30 186 100
30 186 100
30 185 100
30 185 100
30 185 100
30 185 100
30 184 100
30 184 100
30 184 100
30 183 100
30 183 100
30 183 100
30 182 100
30 182 100
30 181 100
30 181 100
31 180 100
32 180 100
33 180 100
34 180 100
35 180 100
36 180 100
37 180 100
38 180 100
39 180 100
40 179 100
40 178 100
40 177 100
40 176 100
40 175 100
40 174 100
40 173 100
40 172 100
40 171 100
40 169 100
40 168 100
40 167 100
40 166 100
40 165 100
40 164 100
40 163 100
40 162 100
77 18 100
76 18 100
76 19 100
75 19 100
75 20 100
74 20 100
73 20 100
72 20 100
71 20 100
70 21 100
70 22 100
70 23 100
70 24 100
70 25 100
70 26 100
70 27 100
70 28 100
70 29 100
70 31 100
70 32 100
70 33 100
70 34 100
70 35 100
70 36 100
70 37 100
70 38 100
70 39 100
70 41 100
70 41 100
70 42 100
70 42 100
70 43 100
70 43 100
70 44 100
70 44 100
70 45 100
70 45 100
70 46 100
70 46 100
70 47 100
70 47 100
70 48 100
70 49 100
70 51 100
70 52 100
70 53 100
