# score 286832
50 50 100
60 50 100
70 50 100
80 50 100
90 50 100
100 50 100
110 50 100
120 50 100
130 50 100
50 60 100
60 60 100
70 60 100
80 60 100
90 60 100
100 60 100
110 60 100
120 60 100
130 60 100
50 70 100
60 70 100
70 70 100
80 70 100
90 70 100
100 70 100
110 70 100
120 70 100
130 70 100
50 80 100
60 80 100
70 80 100
80 80 100
90 80 100
100 80 100
110 80 100
120 80 100
130 80 100
50 90 100
60 90 100
70 90 100
80 90 100
90 90 100
100 90 100
110 90 100
120 90 100
130 90 100
50 100 100
60 100 100
70 100 100
80 100 100
90 100 100
100 100 100
110 100 100
120 100 100
130 100 100
50 110 100
60 110 100
70 110 100
80 110 100
90 110 100
100 110 100
110 110 100
120 110 100
130 110 100
50 120 100
60 120 100
70 120 100
80 120 100
90 120 100
100 120 100
110 120 100
120 120 100
130 120 100
50 130 100
60 130 100
70 130 100
80 130 100
90 130 100
100 130 100
110 130 100
120 130 100
130 130 100
100 80 100
110 80 100
120 80 100
130 80 100
140 80 100
150 80 100
160 80 100
170 80 100
110 90 100
120 90 100
130 90 100
140 90 100
150 90 100
160 90 100
170 90 100
100 100 100
110 100 100
120 100 100
130 100 100
140 100 100
150 100 100
160 100 100
170 100 100
90 110 100
100 110 100
110 110 100
120 110 100
130 110 100
140 110 100
150 110 100
160 110 100
170 110 100
90 120 100
100 120 100
110 120 100
120 120 100
130 120 100
140 120 100
150 120 100
160 120 100
170 120 100
90 130 100
100 130 100
110 130 100
120 130 100
140 130 100
150 130 100
160 130 100
170 130 100
90 140 100
100 140 100
110 140 100
120 140 100
130 140 100
140 140 100
150 140 100
160 140 100
170 140 100
90 150 100
100 150 100
110 150 100
120 150 100
130 150 100
140 150 100
150 150 100
160 150 100
170 150 100
90 160 100
100 160 100
110 160 100
120 160 100
130 160 100
140 160 100
150 160 100
160 160 100
170 160 100
0 60 100
10 60 100
20 60 100
30 60 100
40 60 100
0 70 100
10 70 100
20 70 100
30 70 100
40 70 100
50 70 100
0 80 100
10 80 100
20 80 100
30 80 100
40 80 100
50 80 100
0 90 100
10 90 100
20 90 100
30 90 100
40 90 100
50 90 100
0 100 100
10 100 100
20 100 100
30 100 100
40 100 100
0 110 100
10 110 100
20 110 100
30 110 100
40 110 100
50 110 100
0 120 100
10 120 100
20 120 100
30 120 100
40 120 100
50 120 100
0 130 100
10 130 100
20 130 100
30 130 100
40 130 100
50 130 100
0 140 100
10 140 100
20 140 100
30 140 100
40 140 100
50 140 100
160 140 100
170 140 100
180 140 100
190 140 100
150 150 100
160 150 100
170 150 100
180 150 100
190 150 100
150 160 100
160 160 100
170 160 100
180 160 100
190 160 100
150 170 100
160 170 100
170 170 100
180 170 100
190 170 100
150 180 100
160 180 100
170 180 100
180 180 100
190 180 100
150 190 100
160 190 100
170 190 100
180 190 100
190 190 100
70 0 100
80 0 100
90 0 100
100 0 100
110 0 100
120 0 100
130 0 100
140 0 100
150 0 100
70 10 100
80 10 100
90 10 100
100 10 100
110 10 100
120 10 100
130 10 100
140 10 100
150 10 100
70 20 100
80 20 100
90 20 100
100 20 100
110 20 100
120 20 100
130 20 100
140 20 100
150 20 100
70 30 100
80 30 100
90 30 100
100 30 100
110 30 100
120 30 100
130 30 100
140 30 100
150 30 100
70 40 100
80 40 100
90 40 100
100 40 100
110 40 100
120 40 100
130 40 100
140 40 100
150 40 100
80 50 100
90 50 100
100 50 100
110 50 100
120 50 100
140 50 100
150 50 100
90 60 100
100 60 100
110 60 100
120 60 100
130 60 100
140 60 100
150 60 100
160 40 100
170 40 100
180 40 100
190 40 100
160 50 100
170 50 100
180 50 100
190 50 100
160 60 100
170 60 100
180 60 100
190 60 100
140 70 100
150 70 100
160 70 100
170 70 100
180 70 100
190 70 100
140 80 100
150 80 100
180 80 100
190 80 100
140 90 100
150 90 100
180 90 100
190 90 100
140 100 100
180 100 100
190 100 100
140 110 100
180 110 100
190 110 100
170 120 100
180 120 100
190 120 100
131 123 100
130 123 100
130 123 100
130 122 100
130 122 100
130 121 100
130 121 100
131 120 100
131 120 100
132 120 100
132 120 100
133 120 100
133 120 100
134 120 100
134 120 100
135 120 100
136 120 100
137 120 100
138 120 100
139 120 100
141 120 100
142 120 100
143 120 100
144 120 100
145 120 100
146 120 100
147 120 100
148 120 100
149 120 100
150 119 100
150 118 100
150 117 100
150 116 100
150 115 100
150 114 100
150 113 100
150 112 100
150 111 100
151 110 100
152 110 100
153 110 100
154 110 100
155 110 100
156 110 100
157 110 100
158 110 100
159 110 100
160 109 100
160 108 100
160 107 100
160 106 100
160 105 100
160 104 100
160 103 100
160 102 100
160 101 100
160 99 100
160 98 100
160 97 100
160 96 100
160 95 100
160 94 100
160 93 100
160 92 100
160 91 100
160 89 100
160 88 100
160 87 100
160 86 100
160 85 100
160 84 100
160 83 100
160 82 100
160 81 100
160 79 100
160 78 100
160 77 100
160 76 100
160 75 100
160 74 100
160 73 100
160 72 100
160 71 100
160 69 100
160 68 100
160 67 100
160 66 100
160 65 100
160 64 100
160 63 100
160 62 100
160 61 100
160 59 100
160 58 100
160 57 100
160 56 100
160 55 100
160 54 100
160 53 100
160 52 100
160 51 100
159 50 100
158 50 100
157 50 100
156 50 100
155 50 100
154 50 100
153 50 100
152 50 100
151 50 100
150 49 100
150 48 100
150 47 100
150 46 100
150 45 100
150 44 100
150 43 100
150 42 100
150 41 100
149 40 100
148 40 100
147 40 100
146 40 100
145 40 100
144 40 100
143 40 100
142 40 100
141 40 100
139 40 100
138 40 100
137 40 100
136 40 100
135 40 100
134 40 100
133 40 100
132 40 100
131 40 100
129 40 100
128 40 100
127 40 100
126 40 100
125 40 100
124 40 100
123 40 100
122 40 100
121 40 100
119 40 100
118 40 100
117 40 100
116 40 100
115 40 100
114 40 100
113 40 100
112 40 100
111 40 100
109 40 100
109 41 100
109 41 100
108 41 100
108 41 100
108 42 100
108 42 100
107 42 100
107 42 100
107 42 100
107 43 100
107 43 100
107 43 100
106 43 100
106 43 100
106 43 100
106 43 100
106 44 100
106 44 100
106 44 100
106 44 100
106 44 100
105 44 100
105 44 100
105 44 100
105 44 100
105 44 100
105 44 100
105 45 100
105 45 100
105 45 100
105 45 100
105 45 100
105 45 100
105 45 100
105 45 100
105 45 100
104 45 100
104 45 100
104 45 100
104 45 100
104 45 100
104 45 100
104 45 100
104 45 100
104 45 100
104 45 100
104 46 100
104 46 100
104 46 100
104 46 100
104 46 100
104 46 100
104 46 100
104 46 100
104 46 100
104 46 100
104 46 100
104 46 100
104 46 100
103 46 100
103 46 100
103 46 100
103 46 100
103 46 100
103 46 100
103 46 100
103 46 100
103 46 100
103 46 100
103 46 100
103 46 100
103 46 100
103 46 100
103 46 100
103 47 100
103 47 100
103 47 100
103 47 100
103 47 100
103 47 100
103 47 100
103 47 100
103 47 100
103 47 100
103 47 100
103 47 100
103 47 100
103 47 100
103 47 100
103 47 100
103 47 100
102 47 100
102 47 100
102 47 100
102 47 100
102 47 100
102 47 100
102 47 100
102 47 100
102 47 100
102 47 100
102 47 100
102 47 100
102 47 100
102 47 100
102 47 100
102 47 100
102 47 100
102 47 100
102 48 100
102 48 100
102 48 100
102 48 100
102 48 100
102 48 100
102 48 100
102 48 100
102 48 100
102 48 100
102 48 100
102 48 100
102 48 100
102 48 100
102 48 100
102 48 100
102 48 100
102 48 100
102 48 100
102 48 100
101 48 100
101 48 100
101 48 100
101 48 100
101 48 100
101 48 100
101 48 100
101 48 100
101 48 100
101 48 100
101 48 100
101 48 100
101 48 100
101 48 100
101 48 100
101 48 100
101 48 100
101 48 100
101 48 100
101 49 100
101 49 100
101 49 100
101 49 100
101 49 100
101 49 100
101 49 100
101 49 100
101 49 100
101 49 100
101 49 100
101 49 100
101 49 100
101 49 100
101 49 100
101 49 100
101 49 100
101 49 100
101 49 100
101 49 100
100 49 100
100 49 100
100 49 100
100 49 100
100 49 100
100 49 100
100 49 100
100 49 100
100 49 100
100 49 100
100 49 100
100 49 100
100 49 100
100 49 100
100 49 100
100 49 100
100 49 100
100 49 100
100 50 100
100 50 100
100 50 100
100 50 100
100 50 100
100 50 100
100 50 100
100 50 100
100 50 100
100 50 100
100 50 100
100 50 100
100 50 100
100 50 100
100 50 100
100 50 100
100 50 100
99 50 100
99 50 100
99 50 100
99 50 100
99 50 100
99 50 100
99 50 100
99 50 100
99 50 100
99 50 100
99 50 100
99 50 100
99 50 100
99 50 100
99 50 100
99 50 100
99 50 100
98 50 100
98 50 100
98 50 100
98 50 100
98 50 100
98 50 100
98 50 100
98 50 100
98 50 100
98 50 100
98 50 100
98 50 100
98 50 100
98 50 100
97 50 100
97 50 100
97 50 100
97 50 100
97 50 100
97 50 100
97 50 100
97 50 100
97 50 100
97 50 100
97 50 100
97 50 100
96 50 100
96 50 100
96 50 100
96 50 100
96 50 100
96 50 100
96 50 100
96 50 100
96 50 100
96 50 100
96 50 100
95 50 100
95 50 100
95 50 100
95 50 100
95 50 100
95 50 100
95 50 100
95 50 100
95 50 100
94 50 100
94 50 100
94 50 100
94 50 100
94 50 100
94 50 100
94 50 100
93 50 100
93 50 100
93 50 100
93 50 100
93 50 100
93 50 100
92 50 100
92 50 100
92 50 100
92 50 100
92 50 100
91 50 100
91 50 100
91 50 100
91 50 100
91 50 100
90 50 100
90 50 100
90 50 100
89 50 100
89 50 100
89 50 100
89 50 100
89 50 100
88 50 100
88 50 100
88 50 100
88 50 100
88 50 100
87 50 100
87 50 100
87 50 100
87 50 100
87 50 100
87 50 100
86 50 100
86 50 100
86 50 100
86 50 100
86 50 100
86 50 100
85 50 100
85 50 100
85 50 100
85 50 100
85 50 100
84 50 100
84 50 100
84 50 100
84 50 100
84 50 100
83 50 100
83 50 100
83 50 100
83 50 100
82 50 100
82 50 100
82 50 100
81 50 100
81 50 100
81 50 100
80 51 100
80 51 100
80 52 100
80 52 100
80 53 100
80 53 100
80 54 100
80 55 100
80 56 100
80 57 100
80 58 100
80 59 100
80 61 100
80 62 100
80 63 100
80 64 100
80 65 100
80 66 100
80 67 100
80 68 100
80 69 100
80 71 100
80 72 100
80 73 100
80 74 100
80 75 100
80 76 100
80 77 100
80 78 100
80 79 100
80 81 100
80 82 100
80 83 100
80 84 100
80 85 100
80 86 100
80 87 100
80 88 100
80 89 100
81 90 100
82 90 100
83 90 100
84 90 100
85 90 100
86 90 100
87 90 100
88 90 100
89 90 100
91 90 100
91 91 100
91 92 100
18 108 100
18 108 100
18 108 100
18 108 100
18 108 100
18 108 100
18 108 100
18 108 100
18 108 100
18 108 100
18 108 100
18 108 100
18 108 100
18 108 100
18 108 100
18 108 100
18 108 100
18 108 100
18 108 100
18 108 100
18 108 100
18 108 100
18 108 100
18 108 100
18 108 100
18 108 100
18 108 100
18 108 100
18 108 100
18 108 100
18 108 100
19 108 100
19 108 100
19 108 100
19 108 100
19 108 100
19 108 100
19 108 100
19 108 100
19 108 100
19 108 100
19 108 100
19 108 100
19 108 100
19 108 100
19 108 100
19 108 100
19 108 100
19 108 100
19 108 100
19 108 100
19 108 100
19 108 100
19 108 100
19 108 100
19 108 100
19 108 100
19 108 100
19 108 100
19 108 100
19 108 100
19 108 100
19 107 100
19 107 100
19 107 100
19 107 100
19 107 100
19 107 100
19 107 100
19 107 100
19 107 100
19 107 100
19 107 100
19 107 100
19 107 100
19 107 100
19 107 100
19 107 100
19 107 100
19 107 100
19 107 100
19 107 100
19 107 100
19 107 100
19 107 100
19 107 100
19 107 100
19 107 100
19 107 100
19 107 100
19 107 100
19 107 100
19 107 100
19 107 100
19 107 100
20 107 100
20 107 100
20 107 100
20 107 100
20 107 100
20 107 100
20 107 100
20 107 100
20 107 100
20 107 100
20 107 100
20 107 100
20 107 100
20 107 100
20 107 100
20 107 100
20 107 100
20 107 100
20 107 100
20 107 100
20 107 100
20 107 100
20 107 100
20 107 100
20 107 100
20 107 100
20 107 100
20 107 100
20 107 100
20 107 100
20 107 100
20 107 100
20 106 100
20 106 100
20 106 100
20 106 100
20 106 100
20 106 100
20 106 100
20 106 100
20 106 100
20 106 100
20 106 100
20 106 100
20 106 100
20 106 100
20 106 100
20 106 100
20 106 100
20 106 100
20 106 100
20 106 100
20 106 100
20 106 100
20 106 100
20 106 100
20 106 100
20 106 100
20 106 100
20 106 100
20 106 100
20 106 100
20 106 100
20 106 100
20 106 100
20 106 100
21 106 100
21 106 100
21 106 100
21 106 100
21 106 100
21 106 100
21 106 100
21 106 100
21 106 100
21 106 100
21 106 100
21 106 100
21 106 100
21 106 100
21 106 100
21 106 100
21 106 100
21 106 100
21 106 100
21 106 100
21 106 100
21 106 100
21 106 100
21 106 100
21 106 100
21 106 100
21 106 100
21 106 100
21 106 100
21 106 100
21 106 100
21 106 100
21 105 100
21 105 100
21 105 100
21 105 100
21 105 100
21 105 100
21 105 100
21 105 100
21 105 100
21 105 100
21 105 100
21 105 100
21 105 100
21 105 100
21 105 100
21 105 100
21 105 100
21 105 100
21 105 100
21 105 100
21 105 100
21 105 100
21 105 100
21 105 100
21 105 100
21 105 100
21 105 100
21 105 100
21 105 100
21 105 100
21 105 100
21 105 100
21 105 100
21 105 100
22 105 100
22 105 100
22 105 100
22 105 100
22 105 100
22 105 100
22 105 100
22 105 100
22 105 100
22 105 100
22 105 100
22 105 100
22 105 100
22 105 100
22 105 100
22 105 100
22 105 100
22 105 100
22 105 100
22 105 100
22 105 100
22 105 100
22 105 100
22 105 100
22 105 100
22 105 100
22 105 100
22 105 100
22 105 100
22 105 100
22 105 100
22 105 100
22 104 100
22 104 100
22 104 100
22 104 100
22 104 100
22 104 100
22 104 100
22 104 100
22 104 100
22 104 100
22 104 100
22 104 100
22 104 100
22 104 100
22 104 100
22 104 100
22 104 100
22 104 100
22 104 100
22 104 100
22 104 100
22 104 100
22 104 100
22 104 100
22 104 100
22 104 100
22 104 100
22 104 100
22 104 100
22 104 100
22 104 100
22 104 100
22 104 100
22 104 100
23 104 100
23 104 100
23 104 100
23 104 100
23 104 100
23 104 100
23 104 100
23 104 100
23 104 100
23 104 100
23 104 100
23 104 100
23 104 100
23 104 100
23 104 100
23 104 100
23 104 100
23 104 100
23 104 100
23 104 100
23 104 100
23 104 100
23 104 100
23 104 100
23 104 100
23 104 100
23 104 100
23 104 100
23 104 100
23 104 100
23 104 100
23 103 100
23 103 100
23 103 100
23 103 100
23 103 100
23 103 100
23 103 100
23 103 100
23 103 100
23 103 100
23 103 100
23 103 100
23 103 100
23 103 100
23 103 100
23 103 100
23 103 100
23 103 100
23 103 100
23 103 100
23 103 100
23 103 100
23 103 100
23 103 100
23 103 100
23 103 100
23 103 100
23 103 100
23 103 100
23 103 100
23 103 100
23 103 100
24 103 100
24 103 100
24 103 100
24 103 100
24 103 100
24 103 100
24 103 100
24 103 100
24 103 100
24 103 100
24 103 100
24 103 100
24 103 100
24 103 100
24 103 100
24 103 100
24 103 100
24 103 100
24 103 100
24 103 100
24 103 100
24 103 100
24 103 100
24 103 100
24 103 100
24 103 100
24 103 100
24 103 100
24 103 100
24 102 100
24 102 100
24 102 100
24 102 100
24 102 100
24 102 100
24 102 100
24 102 100
24 102 100
24 102 100
24 102 100
24 102 100
24 102 100
24 102 100
24 102 100
24 102 100
24 102 100
24 102 100
24 102 100
24 102 100
24 102 100
24 102 100
24 102 100
24 102 100
24 102 100
24 102 100
24 102 100
24 102 100
24 102 100
24 102 100
25 102 100
25 102 100
25 102 100
25 102 100
25 102 100
25 102 100
25 102 100
25 102 100
25 102 100
25 102 100
25 102 100
25 102 100
25 102 100
25 102 100
25 102 100
25 102 100
25 102 100
25 102 100
25 102 100
25 102 100
25 102 100
25 102 100
25 102 100
25 102 100
25 102 100
25 102 100
25 101 100
25 101 100
25 101 100
25 101 100
25 101 100
25 101 100
25 101 100
25 101 100
25 101 100
25 101 100
25 101 100
25 101 100
25 101 100
25 101 100
25 101 100
25 101 100
25 101 100
25 101 100
25 101 100
25 101 100
25 101 100
25 101 100
25 101 100
25 101 100
25 101 100
25 101 100
26 101 100
26 101 100
26 101 100
26 101 100
26 101 100
26 101 100
26 101 100
26 101 100
26 101 100
26 101 100
26 101 100
26 101 100
26 101 100
26 101 100
26 101 100
26 101 100
26 101 100
26 101 100
26 101 100
26 101 100
26 101 100
26 101 100
26 100 100
26 100 100
26 100 100
26 100 100
26 100 100
26 100 100
26 100 100
26 100 100
26 100 100
26 100 100
26 100 100
26 100 100
26 100 100
26 100 100
26 100 100
26 100 100
26 100 100
26 100 100
26 100 100
26 100 100
26 100 100
26 100 100
26 100 100
27 100 100
27 100 100
27 100 100
27 100 100
27 100 100
27 100 100
27 100 100
27 100 100
27 100 100
27 100 100
27 100 100
27 100 100
27 100 100
27 100 100
27 100 100
27 100 100
27 100 100
27 100 100
27 100 100
27 100 100
28 100 100
28 100 100
28 100 100
28 100 100
28 100 100
28 100 100
28 100 100
28 100 100
28 100 100
28 100 100
28 100 100
28 100 100
28 100 100
28 100 100
28 100 100
28 100 100
28 100 100
29 100 100
29 100 100
29 100 100
29 100 100
29 100 100
29 100 100
29 100 100
29 100 100
29 100 100
29 100 100
29 100 100
29 100 100
29 100 100
29 100 100
29 100 100
29 100 100
30 100 100
30 100 100
30 100 100
30 100 100
30 100 100
30 100 100
30 100 100
30 100 100
30 100 100
30 100 100
30 100 100
30 100 100
30 100 100
30 100 100
31 100 100
31 100 100
31 100 100
31 100 100
31 100 100
31 100 100
31 100 100
31 100 100
31 100 100
31 100 100
31 100 100
31 100 100
31 100 100
32 100 100
32 100 100
32 100 100
32 100 100
32 100 100
32 100 100
32 100 100
32 100 100
32 100 100
32 100 100
32 100 100
32 100 100
33 100 100
33 100 100
33 100 100
33 100 100
33 100 100
33 100 100
33 100 100
33 100 100
33 100 100
33 100 100
33 100 100
34 100 100
34 100 100
34 100 100
34 100 100
34 100 100
34 100 100
34 100 100
34 100 100
34 100 100
34 100 100
35 100 100
35 100 100
35 100 100
35 100 100
35 100 100
35 100 100
35 100 100
35 100 100
35 100 100
36 100 100
36 100 100
36 100 100
36 100 100
36 100 100
36 100 100
36 100 100
36 100 100
37 100 100
37 100 100
37 100 100
37 100 100
37 100 100
37 100 100
37 100 100
38 100 100
38 100 100
38 100 100
38 100 100
38 100 100
38 100 100
39 100 100
39 100 100
39 100 100
39 100 100
39 100 100
40 100 100
40 100 100
40 100 100
41 100 100
41 100 100
41 100 100
42 100 100
42 100 100
42 100 100
43 100 100
43 100 100
44 100 100
44 100 100
45 100 100
45 100 100
46 100 100
47 100 100
48 100 100
49 100 100
51 100 100
52 100 100
53 100 100
54 100 100
55 100 100
56 100 100
57 100 100
58 100 100
59 100 100
61 100 100
62 100 100
63 100 100
64 100 100
65 100 100
66 100 100
67 100 100
68 100 100
69 100 100
70 99 100
70 98 100
70 97 100
70 96 100
70 95 100
70 94 100
70 93 100
70 92 100
70 91 100
71 90 100
72 90 100
73 90 100
74 90 100
75 90 100
76 90 100
77 90 100
78 90 100
79 90 100
198 188 100
197 188 100
197 189 100
196 189 100
196 190 100
195 190 100
194 190 100
193 190 100
192 190 100
191 190 100
190 189 100
190 188 100
190 187 100
190 186 100
190 185 100
190 184 100
190 183 100
190 182 100
190 181 100
189 180 100
188 180 100
187 180 100
186 180 100
185 180 100
184 180 100
183 180 100
182 180 100
181 180 100
179 180 100
178 180 100
177 180 100
176 180 100
175 180 100
174 180 100
173 180 100
172 180 100
171 180 100
169 180 100
169 180 100
169 179 100
169 179 100
168 179 100
168 179 100
168 178 100
168 178 100
168 178 100
167 178 100
167 178 100
167 178 100
167 178 100
167 177 100
167 177 100
167 177 100
167 177 100
167 177 100
166 177 100
166 177 100
166 177 100
166 177 100
166 177 100
166 177 100
166 177 100
166 176 100
166 176 100
166 176 100
166 176 100
166 176 100
166 176 100
166 176 100
166 176 100
166 176 100
165 176 100
165 176 100
165 176 100
165 176 100
165 176 100
165 176 100
165 176 100
165 176 100
165 176 100
165 176 100
165 175 100
165 175 100
165 175 100
165 175 100
165 175 100
165 175 100
165 175 100
165 175 100
165 175 100
165 175 100
165 175 100
165 175 100
164 175 100
164 175 100
164 175 100
164 175 100
164 175 100
164 175 100
164 175 100
164 175 100
164 175 100
164 175 100
164 175 100
164 175 100
164 175 100
164 174 100
164 174 100
164 174 100
164 174 100
164 174 100
164 174 100
164 174 100
164 174 100
164 174 100
164 174 100
164 174 100
164 174 100
164 174 100
164 174 100
163 174 100
163 174 100
163 174 100
163 174 100
163 174 100
163 174 100
163 174 100
163 174 100
163 174 100
163 174 100
163 174 100
163 174 100
163 174 100
163 174 100
163 174 100
163 174 100
163 173 100
163 173 100
163 173 100
163 173 100
163 173 100
163 173 100
163 173 100
163 173 100
163 173 100
163 173 100
163 173 100
163 173 100
163 173 100
163 173 100
163 173 100
163 173 100
162 173 100
162 173 100
162 173 100
162 173 100
162 173 100
162 173 100
162 173 100
162 173 100
162 173 100
162 173 100
162 173 100
162 173 100
162 173 100
162 173 100
162 173 100
162 173 100
162 173 100
162 173 100
162 172 100
162 172 100
162 172 100
162 172 100
162 172 100
162 172 100
162 172 100
162 172 100
162 172 100
162 172 100
162 172 100
162 172 100
162 172 100
162 172 100
162 172 100
162 172 100
162 172 100
162 172 100
161 172 100
161 172 100
161 172 100
161 172 100
161 172 100
161 172 100
161 172 100
161 172 100
161 172 100
161 172 100
161 172 100
161 172 100
161 172 100
161 172 100
161 172 100
161 172 100
161 172 100
161 172 100
161 172 100
161 172 100
161 172 100
161 171 100
161 171 100
161 171 100
161 171 100
161 171 100
161 171 100
161 171 100
161 171 100
161 171 100
161 171 100
161 171 100
161 171 100
161 171 100
161 171 100
161 171 100
161 171 100
161 171 100
161 171 100
161 171 100
161 171 100
161 171 100
160 171 100
160 171 100
160 171 100
160 171 100
160 171 100
160 171 100
160 171 100
160 171 100
160 171 100
160 171 100
160 171 100
160 171 100
160 171 100
160 171 100
160 171 100
160 171 100
160 171 100
160 171 100
160 171 100
160 171 100
160 171 100
160 171 100
160 171 100
160 171 100
160 170 100
160 170 100
160 170 100
160 170 100
160 170 100
160 170 100
160 170 100
160 170 100
160 170 100
160 170 100
160 170 100
160 170 100
160 170 100
160 170 100
160 170 100
160 170 100
160 170 100
160 170 100
160 170 100
160 170 100
160 170 100
160 170 100
160 170 100
160 169 100
160 169 100
160 169 100
160 169 100
160 169 100
160 169 100
160 169 100
160 169 100
160 169 100
160 169 100
160 169 100
160 169 100
160 169 100
160 169 100
160 169 100
160 169 100
160 169 100
160 169 100
160 169 100
160 169 100
160 169 100
160 169 100
160 169 100
160 169 100
160 169 100
160 168 100
160 168 100
160 168 100
160 168 100
160 168 100
160 168 100
160 168 100
160 168 100
160 168 100
160 168 100
160 168 100
160 168 100
160 168 100
160 168 100
160 168 100
160 168 100
160 168 100
160 168 100
160 168 100
160 168 100
160 168 100
160 168 100
160 168 100
160 168 100
160 168 100
160 168 100
160 167 100
160 167 100
160 167 100
160 167 100
160 167 100
160 167 100
160 167 100
160 167 100
160 167 100
160 167 100
160 167 100
160 167 100
160 167 100
160 167 100
160 167 100
160 167 100
160 167 100
160 167 100
160 167 100
160 167 100
160 167 100
160 167 100
160 167 100
160 167 100
160 167 100
160 167 100
160 167 100
160 166 100
160 166 100
160 166 100
160 166 100
160 166 100
160 166 100
160 166 100
160 166 100
160 166 100
160 166 100
160 166 100
160 166 100
160 166 100
160 166 100
160 166 100
160 166 100
160 166 100
160 166 100
160 166 100
160 166 100
160 166 100
160 166 100
160 166 100
160 166 100
160 166 100
160 166 100
160 166 100
160 166 100
160 165 100
160 165 100
160 165 100
160 165 100
160 165 100
160 165 100
160 165 100
160 165 100
160 165 100
160 165 100
160 165 100
160 165 100
160 165 100
160 165 100
160 165 100
160 165 100
160 165 100
160 165 100
160 165 100
160 165 100
160 165 100
160 165 100
160 165 100
160 165 100
160 165 100
160 165 100
160 165 100
160 165 100
160 164 100
160 164 100
160 164 100
160 164 100
160 164 100
160 164 100
160 164 100
160 164 100
160 164 100
160 164 100
160 164 100
160 164 100
160 164 100
160 164 100
160 164 100
160 164 100
160 164 100
160 164 100
160 164 100
160 164 100
160 164 100
160 164 100
160 164 100
160 164 100
160 164 100
160 164 100
160 164 100
160 164 100
160 164 100
160 163 100
160 163 100
160 163 100
160 163 100
160 163 100
160 163 100
160 163 100
160 163 100
160 163 100
160 163 100
160 163 100
160 163 100
160 163 100
160 163 100
160 163 100
160 163 100
160 163 100
160 163 100
160 163 100
160 163 100
160 163 100
160 163 100
160 163 100
160 163 100
160 163 100
160 163 100
160 163 100
160 163 100
160 162 100
160 162 100
160 162 100
160 162 100
160 162 100
160 162 100
160 162 100
160 162 100
160 162 100
160 162 100
160 162 100
160 162 100
160 162 100
160 162 100
160 162 100
160 162 100
160 162 100
160 162 100
160 162 100
160 162 100
160 162 100
160 162 100
160 162 100
160 162 100
160 162 100
160 162 100
160 162 100
160 162 100
160 161 100
160 161 100
160 161 100
160 161 100
160 161 100
160 161 100
160 161 100
160 161 100
160 161 100
160 161 100
160 161 100
160 161 100
160 161 100
160 161 100
160 161 100
160 161 100
160 161 100
160 161 100
160 161 100
160 161 100
160 161 100
160 161 100
160 161 100
160 161 100
160 161 100
160 161 100
160 161 100
160 160 100
160 160 100
160 160 100
160 160 100
160 160 100
160 160 100
160 160 100
160 160 100
160 160 100
160 160 100
160 160 100
160 160 100
160 160 100
160 160 100
160 160 100
160 160 100
160 160 100
160 160 100
160 160 100
160 160 100
160 160 100
160 160 100
160 160 100
160 160 100
160 159 100
160 159 100
160 159 100
160 159 100
160 159 100
160 159 100
160 159 100
160 159 100
160 159 100
160 159 100
160 159 100
160 159 100
160 159 100
160 159 100
160 159 100
160 159 100
160 159 100
160 159 100
160 159 100
160 159 100
160 159 100
160 159 100
160 159 100
160 159 100
160 159 100
160 158 100
160 158 100
160 158 100
160 158 100
160 158 100
160 158 100
160 158 100
160 158 100
160 158 100
160 158 100
160 158 100
160 158 100
160 158 100
160 158 100
160 158 100
160 158 100
160 158 100
160 158 100
160 158 100
160 158 100
160 158 100
160 158 100
160 158 100
160 158 100
160 158 100
160 158 100
160 157 100
160 157 100
160 157 100
160 157 100
160 157 100
160 157 100
160 157 100
160 157 100
160 157 100
160 157 100
160 157 100
160 157 100
160 157 100
160 157 100
160 157 100
160 157 100
160 157 100
160 157 100
160 157 100
160 157 100
160 157 100
160 157 100
160 157 100
160 157 100
160 157 100
160 157 100
160 157 100
160 157 100
160 156 100
160 156 100
160 156 100
160 156 100
160 156 100
160 156 100
160 156 100
160 156 100
160 156 100
160 156 100
160 156 100
160 156 100
160 156 100
160 156 100
160 156 100
160 156 100
160 156 100
160 156 100
160 156 100
160 156 100
160 156 100
160 156 100
160 156 100
160 156 100
160 156 100
160 156 100
160 156 100
160 156 100
160 156 100
160 155 100
160 155 100
160 155 100
160 155 100
160 155 100
160 155 100
160 155 100
160 155 100
160 155 100
160 155 100
160 155 100
160 155 100
160 155 100
160 155 100
160 155 100
160 155 100
160 155 100
160 155 100
160 155 100
160 155 100
160 155 100
160 155 100
160 155 100
160 155 100
160 155 100
160 155 100
160 155 100
160 155 100
160 155 100
160 155 100
160 155 100
160 155 100
160 154 100
160 154 100
160 154 100
160 154 100
160 154 100
160 154 100
160 154 100
160 154 100
160 154 100
160 154 100
160 154 100
160 154 100
160 154 100
160 154 100
160 154 100
160 154 100
160 154 100
160 154 100
160 154 100
160 154 100
160 154 100
160 154 100
160 154 100
160 154 100
160 154 100
160 154 100
160 154 100
160 154 100
160 154 100
160 154 100
160 154 100
160 154 100
160 154 100
160 153 100
160 153 100
160 153 100
160 153 100
160 153 100
160 153 100
160 153 100
160 153 100
160 153 100
160 153 100
160 153 100
160 153 100
160 153 100
160 153 100
160 153 100
160 153 100
160 153 100
160 153 100
160 153 100
160 153 100
160 153 100
160 153 100
160 153 100
160 153 100
160 153 100
160 153 100
160 153 100
160 153 100
160 153 100
160 153 100
160 153 100
160 153 100
160 153 100
160 153 100
160 152 100
160 152 100
160 152 100
160 152 100
160 152 100
160 152 100
160 152 100
160 152 100
160 152 100
160 152 100
160 152 100
160 152 100
160 152 100
160 152 100
160 152 100
160 152 100
160 152 100
160 152 100
160 152 100
160 152 100
160 152 100
160 152 100
160 152 100
160 152 100
160 152 100
160 152 100
160 152 100
160 152 100
160 152 100
160 152 100
160 152 100
160 152 100
160 152 100
160 152 100
160 151 100
160 151 100
160 151 100
160 151 100
160 151 100
160 151 100
160 151 100
160 151 100
160 151 100
160 151 100
160 151 100
160 151 100
160 151 100
160 151 100
160 151 100
160 151 100
160 151 100
160 151 100
160 151 100
160 151 100
160 151 100
160 151 100
160 151 100
160 151 100
160 151 100
160 151 100
160 151 100
160 151 100
160 151 100
160 151 100
160 151 100
160 151 100
160 151 100
160 150 100
160 150 100
160 150 100
160 150 100
160 150 100
160 150 100
160 150 100
160 150 100
160 150 100
160 150 100
160 150 100
160 150 100
160 150 100
160 150 100
160 150 100
160 150 100
160 150 100
160 150 100
160 150 100
160 150 100
160 150 100
160 150 100
160 150 100
160 150 100
160 150 100
160 150 100
160 150 100
160 150 100
160 150 100
160 149 100
160 149 100
160 149 100
160 149 100
160 149 100
160 149 100
160 149 100
160 149 100
160 149 100
160 149 100
160 149 100
160 149 100
160 149 100
160 149 100
160 149 100
160 149 100
160 149 100
160 149 100
160 149 100
160 149 100
160 149 100
160 149 100
160 149 100
160 149 100
160 149 100
160 149 100
160 149 100
160 149 100
160 149 100
160 148 100
160 148 100
160 148 100
160 148 100
160 148 100
160 148 100
160 148 100
160 148 100
160 148 100
160 148 100
160 148 100
160 148 100
160 148 100
160 148 100
160 148 100
160 148 100
160 148 100
160 148 100
160 148 100
160 148 100
160 148 100
160 148 100
160 148 100
160 148 100
160 148 100
160 148 100
160 147 100
160 147 100
160 147 100
160 147 100
160 147 100
160 147 100
160 147 100
160 147 100
160 147 100
160 147 100
160 147 100
160 147 100
160 147 100
160 147 100
160 147 100
160 147 100
160 147 100
160 147 100
160 147 100
160 147 100
160 147 100
160 147 100
160 147 100
160 146 100
160 146 100
160 146 100
160 146 100
160 146 100
160 146 100
160 146 100
160 146 100
160 146 100
160 146 100
160 146 100
160 146 100
160 146 100
160 146 100
160 146 100
160 146 100
160 146 100
160 146 100
160 146 100
160 146 100
160 145 100
160 145 100
160 145 100
160 145 100
160 145 100
160 145 100
160 145 100
160 145 100
160 145 100
160 145 100
160 145 100
160 145 100
160 145 100
160 145 100
160 145 100
160 145 100
160 145 100
160 145 100
160 144 100
160 144 100
160 144 100
160 144 100
160 144 100
160 144 100
160 144 100
160 144 100
160 144 100
160 144 100
160 144 100
160 144 100
160 144 100
160 144 100
160 144 100
160 144 100
160 143 100
160 143 100
160 143 100
160 143 100
160 143 100
160 143 100
160 143 100
160 143 100
160 143 100
160 143 100
160 143 100
160 143 100
160 143 100
160 143 100
160 143 100
160 142 100
160 142 100
160 142 100
160 142 100
160 142 100
160 142 100
160 142 100
160 142 100
160 142 100
160 142 100
160 142 100
160 142 100
160 142 100
160 142 100
160 142 100
160 141 100
160 141 100
160 141 100
160 141 100
160 141 100
160 141 100
160 141 100
160 141 100
160 141 100
160 141 100
160 141 100
160 141 100
160 141 100
160 141 100
160 140 100
160 140 100
160 140 100
160 140 100
160 140 100
160 140 100
160 140 100
160 140 100
160 140 100
160 140 100
160 140 100
160 140 100
160 139 100
160 139 100
160 139 100
160 139 100
160 139 100
160 139 100
160 139 100
160 139 100
160 139 100
160 139 100
160 139 100
160 139 100
160 139 100
160 138 100
160 138 100
160 138 100
160 138 100
160 138 100
160 138 100
160 138 100
160 138 100
160 138 100
160 138 100
160 138 100
160 138 100
160 137 100
160 137 100
160 137 100
160 137 100
160 137 100
160 137 100
160 137 100
160 137 100
160 137 100
160 137 100
160 136 100
160 136 100
160 136 100
160 136 100
160 136 100
160 136 100
160 136 100
160 136 100
160 136 100
160 135 100
160 135 100
160 135 100
160 135 100
160 135 100
160 135 100
160 135 100
160 134 100
160 134 100
160 134 100
160 134 100
160 134 100
160 134 100
160 133 100
160 133 100
160 133 100
160 133 100
160 132 100
160 132 100
160 132 100
160 131 100
160 131 100
160 129 100
160 128 100
160 127 100
160 126 100
160 125 100
160 124 100
160 123 100
160 122 100
160 121 100
160 119 100
160 118 100
160 117 100
160 116 100
160 115 100
160 114 100
160 113 100
160 112 100
160 111 100
110 23 100
110 24 100
110 25 100
110 26 100
110 27 100
110 28 100
110 29 100
110 31 100
110 32 100
110 33 100
110 34 100
110 35 100
110 36 100
110 37 100
110 38 100
110 39 100
188 83 100
189 83 100
189 82 100
190 82 100
190 81 100
189 80 100
188 80 100
187 80 100
186 80 100
185 80 100
184 80 100
183 80 100
182 80 100
181 80 100
179 80 100
178 80 100
177 80 100
176 80 100
175 80 100
174 80 100
173 80 100
172 80 100
171 80 100
169 80 100
168 80 100
167 80 100
166 80 100
165 80 100
164 80 100
163 80 100
162 80 100
161 80 100
