# score 117936
0 140 100
10 140 100
20 140 100
30 140 100
40 140 100
50 140 100
60 140 100
70 140 100
0 150 100
10 150 100
20 150 100
30 150 100
40 150 100
50 150 100
60 150 100
70 150 100
0 160 100
10 160 100
20 160 100
30 160 100
40 160 100
50 160 100
60 160 100
70 160 100
0 170 100
10 170 100
20 170 100
30 170 100
40 170 100
50 170 100
60 170 100
70 170 100
0 180 100
10 180 100
20 180 100
30 180 100
40 180 100
50 180 100
60 180 100
70 180 100
0 190 100
10 190 100
20 190 100
30 190 100
40 190 100
50 190 100
60 190 100
70 190 100
10 0 100
20 0 100
30 0 100
40 0 100
50 0 100
60 0 100
70 0 100
80 0 100
90 0 100
10 10 100
20 10 100
30 10 100
40 10 100
50 10 100
60 10 100
70 10 100
80 10 100
90 10 100
10 20 100
20 20 100
30 20 100
40 20 100
50 20 100
60 20 100
70 20 100
80 20 100
90 20 100
10 30 100
20 30 100
30 30 100
40 30 100
50 30 100
60 30 100
70 30 100
80 30 100
90 30 100
10 40 100
20 40 100
30 40 100
40 40 100
50 40 100
60 40 100
70 40 100
80 40 100
90 40 100
10 50 100
20 50 100
30 50 100
40 50 100
50 50 100
60 50 100
70 50 100
80 50 100
90 50 100
0 20 100
60 20 100
70 20 100
0 30 100
10 30 100
70 30 100
0 40 100
10 40 100
20 40 100
0 50 100
10 50 100
20 50 100
60 50 100
70 50 100
0 60 100
10 60 100
20 60 100
30 60 100
40 60 100
50 60 100
60 60 100
70 60 100
0 70 100
10 70 100
20 70 100
30 70 100
40 70 100
50 70 100
60 70 100
70 70 100
0 80 100
10 80 100
20 80 100
30 80 100
40 80 100
50 80 100
60 80 100
70 80 100
0 90 100
10 90 100
20 90 100
30 90 100
40 90 100
50 90 100
60 90 100
70 90 100
0 100 100
10 100 100
20 100 100
30 100 100
40 100 100
50 100 100
60 100 100
70 100 100
80 0 100
100 0 100
110 0 100
120 0 100
130 0 100
140 0 100
150 0 100
70 10 100
80 10 100
100 10 100
110 10 100
120 10 100
130 10 100
140 10 100
150 10 100
70 20 100
80 20 100
90 20 100
100 20 100
110 20 100
120 20 100
130 20 100
140 20 100
150 20 100
70 30 100
80 30 100
90 30 100
100 30 100
110 30 100
120 30 100
130 30 100
140 30 100
150 30 100
90 40 100
100 40 100
110 40 100
120 40 100
130 40 100
140 40 100
150 40 100
110 60 100
120 60 100
130 60 100
140 60 100
150 60 100
160 60 100
170 60 100
180 60 100
190 60 100
110 70 100
120 70 100
130 70 100
140 70 100
150 70 100
160 70 100
170 70 100
180 70 100
190 70 100
110 80 100
120 80 100
130 80 100
140 80 100
150 80 100
160 80 100
170 80 100
180 80 100
190 80 100
110 90 100
120 90 100
130 90 100
140 90 100
150 90 100
160 90 100
170 90 100
180 90 100
190 90 100
110 100 100
120 100 100
130 100 100
140 100 100
150 100 100
160 100 100
170 100 100
180 100 100
190 100 100
110 110 100
120 110 100
130 110 100
140 110 100
150 110 100
160 110 100
170 110 100
180 110 100
190 110 100
110 120 100
120 120 100
130 120 100
140 120 100
150 120 100
160 120 100
170 120 100
180 120 100
190 120 100
110 130 100
120 130 100
130 130 100
140 130 100
150 130 100
160 130 100
170 130 100
180 130 100
190 130 100
110 140 100
120 140 100
130 140 100
140 140 100
150 140 100
160 140 100
170 140 100
180 140 100
190 140 100
50 120 100
60 120 100
70 120 100
80 120 100
90 120 100
100 120 100
130 120 100
50 130 100
60 130 100
70 130 100
80 130 100
90 130 100
100 130 100
120 130 100
130 130 100
60 140 100
70 140 100
80 140 100
90 140 100
100 140 100
120 140 100
130 140 100
60 150 100
70 150 100
80 150 100
90 150 100
100 150 100
110 150 100
120 150 100
130 150 100
60 160 100
70 160 100
80 160 100
90 160 100
100 160 100
110 160 100
120 160 100
130 160 100
60 170 100
70 170 100
80 170 100
90 170 100
100 170 100
110 170 100
120 170 100
130 170 100
80 180 100
90 180 100
100 180 100
110 180 100
120 180 100
130 180 100
50 190 100
80 190 100
90 190 100
100 190 100
110 190 100
120 190 100
130 190 100
40 0 100
50 0 100
60 0 100
80 0 100
40 10 100
50 10 100
60 10 100
70 10 100
80 10 100
60 20 100
70 20 100
80 20 100
90 20 100
70 30 100
80 30 100
90 30 100
120 30 100
100 40 100
110 40 100
120 40 100
100 50 100
110 50 100
120 50 100
50 60 100
60 60 100
70 60 100
80 60 100
90 60 100
100 60 100
110 60 100
120 60 100
60 70 100
70 70 100
80 70 100
90 70 100
100 70 100
110 70 100
120 70 100
160 0 100
170 0 100
180 0 100
190 0 100
160 10 100
170 10 100
180 10 100
190 10 100
140 20 100
150 20 100
160 20 100
170 20 100
180 20 100
190 20 100
140 30 100
150 30 100
160 30 100
170 30 100
180 30 100
190 30 100
140 40 100
150 40 100
160 40 100
170 40 100
180 40 100
190 40 100
130 30 100
140 30 100
150 30 100
160 30 100
170 30 100
180 30 100
190 30 100
140 40 100
150 40 100
160 40 100
170 40 100
180 40 100
190 40 100
120 50 100
130 50 100
140 50 100
150 50 100
160 50 100
170 50 100
180 50 100
190 50 100
120 60 100
130 60 100
150 60 100
130 70 100
140 70 100
150 70 100
160 70 100
180 70 100
190 70 100
130 80 100
140 80 100
150 80 100
160 80 100
180 80 100
190 80 100
130 90 100
140 90 100
150 90 100
190 90 100
130 100 100
140 100 100
180 100 100
190 100 100
130 110 100
170 110 100
180 110 100
190 110 100
120 140 100
130 140 100
140 140 100
150 140 100
160 140 100
170 140 100
180 140 100
190 140 100
120 150 100
130 150 100
140 150 100
150 150 100
160 150 100
170 150 100
180 150 100
190 150 100
130 160 100
140 160 100
150 160 100
160 160 100
170 160 100
180 160 100
190 160 100
130 170 100
140 170 100
150 170 100
160 170 100
170 170 100
180 170 100
190 170 100
120 180 100
140 180 100
150 180 100
160 180 100
170 180 100
180 180 100
190 180 100
120 190 100
140 190 100
150 190 100
160 190 100
170 190 100
180 190 100
190 190 100
0 60 100
10 60 100
30 80 100
20 90 100
30 90 100
40 90 100
20 100 100
30 100 100
40 100 100
0 110 100
10 110 100
20 110 100
30 110 100
40 110 100
0 120 100
10 120 100
20 120 100
30 120 100
40 120 100
0 130 100
10 130 100
20 130 100
30 130 100
40 130 100
0 140 100
10 140 100
20 140 100
152 102 100
153 102 100
153 101 100
154 101 100
154 100 100
155 100 100
156 100 100
157 100 100
158 100 100
159 100 100
161 100 100
162 100 100
163 100 100
164 100 100
165 100 100
166 100 100
167 100 100
168 100 100
169 100 100
170 99 100
170 98 100
170 97 100
170 96 100
170 95 100
170 94 100
170 93 100
170 92 100
170 91 100
170 89 100
170 88 100
170 87 100
170 86 100
170 85 100
170 84 100
170 83 100
170 82 100
170 81 100
170 79 100
170 78 100
170 77 100
170 76 100
170 75 100
170 74 100
170 73 100
170 72 100
170 71 100
169 70 100
169 71 100
168 71 100
167 71 100
166 71 100
165 71 100
164 71 100
163 71 100
163 70 100
162 70 100
161 70 100
160 69 100
160 68 100
160 67 100
160 66 100
160 65 100
160 64 100
160 63 100
160 62 100
160 61 100
159 60 100
158 60 100
157 60 100
157 60 100
156 60 100
156 60 100
155 60 100
155 60 100
154 60 100
154 60 100
153 60 100
153 60 100
153 60 100
152 60 100
152 60 100
152 60 100
151 60 100
151 60 100
151 60 100
150 60 100
149 60 100
149 60 100
148 60 100
148 60 100
147 60 100
147 60 100
146 60 100
146 60 100
145 60 100
145 60 100
144 60 100
143 60 100
142 60 100
141 60 100
139 60 100
138 60 100
137 60 100
136 60 100
135 60 100
134 60 100
133 60 100
132 60 100
131 60 100
131 60 100
130 59 100
130 59 100
130 58 100
130 57 100
130 56 100
130 55 100
130 54 100
130 53 100
130 52 100
130 51 100
130 49 100
130 48 100
130 47 100
130 46 100
130 45 100
130 44 100
130 43 100
130 42 100
130 41 100
129 40 100
128 40 100
127 40 100
126 40 100
125 40 100
124 40 100
123 40 100
122 40 100
121 40 100
121 40 100
120 39 100
120 39 100
120 38 100
120 37 100
120 36 100
120 35 100
120 34 100
120 33 100
120 32 100
120 31 100
120 31 100
120 29 100
120 28 100
120 27 100
120 26 100
120 25 100
120 24 100
120 23 100
120 22 100
120 21 100
120 19 100
120 18 100
120 17 100
120 16 100
120 15 100
120 14 100
120 13 100
120 12 100
120 11 100
120 9 100
120 8 100
120 7 100
120 6 100
120 5 100
120 4 100
120 3 100
120 2 100
120 1 100
119 0 100
118 0 100
117 0 100
96 163 100
97 163 100
97 162 100
98 162 100
98 161 100
99 161 100
99 160 100
100 159 100
100 158 100
100 157 100
100 156 100
100 155 100
100 154 100
100 153 100
100 152 100
100 151 100
100 149 100
100 148 100
100 147 100
100 146 100
100 145 100
100 144 100
100 143 100
100 142 100
100 141 100
100 139 100
100 138 100
100 137 100
100 136 100
100 135 100
100 134 100
100 133 100
100 132 100
100 131 100
101 130 100
102 130 100
103 130 100
104 130 100
105 130 100
106 130 100
107 130 100
108 130 100
109 130 100
110 129 100
110 128 100
110 127 100
110 126 100
110 125 100
110 124 100
110 123 100
110 122 100
110 121 100
110 119 100
110 118 100
110 117 100
110 116 100
110 115 100
110 114 100
110 113 100
110 112 100
110 111 100
111 110 100
112 110 100
113 110 100
114 110 100
115 110 100
116 110 100
117 110 100
118 110 100
119 110 100
121 110 100
122 110 100
123 110 100
124 110 100
125 110 100
126 110 100
127 110 100
128 110 100
129 110 100
131 110 100
131 110 100
132 110 100
132 110 100
133 110 100
133 110 100
134 110 100
134 110 100
135 110 100
135 110 100
136 110 100
136 110 100
137 110 100
137 110 100
138 110 100
138 110 100
139 110 100
139 110 100
141 110 100
142 110 100
143 110 100
144 110 100
145 110 100
146 110 100
147 110 100
148 110 100
149 110 100
151 110 100
151 109 100
152 109 100
152 108 100
152 107 100
152 106 100
152 105 100
152 104 100
152 103 100
87 39 100
88 39 100
88 40 100
89 40 100
91 40 100
91 40 100
92 40 100
92 40 100
93 40 100
93 40 100
94 40 100
94 40 100
95 40 100
95 40 100
96 40 100
96 40 100
97 40 100
97 40 100
98 40 100
98 40 100
99 40 100
99 40 100
100 39 100
100 39 100
100 38 100
100 38 100
100 37 100
100 37 100
100 36 100
100 36 100
100 35 100
100 35 100
100 34 100
100 34 100
100 33 100
100 33 100
100 32 100
100 32 100
100 31 100
101 30 100
102 30 100
103 30 100
104 30 100
105 30 100
106 30 100
107 30 100
108 30 100
109 30 100
111 30 100
112 30 100
113 30 100
114 30 100
115 30 100
116 30 100
117 30 100
118 30 100
119 30 100
187 4 100
188 4 100
188 3 100
189 3 100
189 2 100
190 2 100
190 1 100
189 0 100
188 0 100
187 0 100
186 0 100
185 0 100
184 0 100
183 0 100
182 0 100
181 0 100
179 0 100
178 0 100
177 0 100
176 0 100
175 0 100
174 0 100
173 0 100
172 0 100
171 0 100
169 0 100
168 0 100
167 0 100
166 0 100
165 0 100
164 0 100
163 0 100
162 0 100
161 0 100
159 0 100
158 0 100
157 0 100
156 0 100
155 0 100
154 0 100
153 0 100
152 0 100
151 0 100
149 0 100
148 0 100
147 0 100
146 0 100
145 0 100
144 0 100
143 0 100
142 0 100
141 0 100
139 0 100
138 0 100
137 0 100
136 0 100
135 0 100
134 0 100
133 0 100
132 0 100
131 0 100
129 0 100
128 0 100
127 0 100
126 0 100
125 0 100
124 0 100
123 0 100
122 0 100
121 0 100
165 188 100
164 188 100
164 189 100
163 189 100
163 190 100
162 190 100
161 190 100
160 189 100
160 188 100
160 187 100
160 186 100
160 185 100
160 184 100
160 183 100
160 182 100
160 181 100
159 180 100
158 180 100
157 180 100
156 180 100
155 180 100
154 180 100
153 180 100
152 180 100
151 180 100
149 180 100
148 180 100
147 180 100
146 180 100
145 180 100
144 180 100
143 180 100
142 180 100
141 180 100
140 179 100
140 178 100
140 177 100
140 176 100
140 175 100
140 174 100
140 173 100
140 172 100
140 171 100
140 169 100
140 168 100
140 167 100
140 166 100
140 165 100
140 164 100
140 163 100
140 162 100
140 161 100
139 160 100
138 160 100
137 160 100
136 160 100
136 160 100
135 160 100
135 160 100
134 160 100
134 160 100
133 160 100
133 160 100
132 160 100
132 160 100
131 160 100
131 160 100
129 160 100
129 160 100
128 160 100
127 160 100
126 160 100
125 160 100
124 160 100
123 160 100
122 160 100
121 160 100
119 160 100
118 160 100
117 160 100
116 160 100
115 160 100
114 160 100
113 160 100
112 160 100
111 160 100
109 160 100
108 160 100
107 160 100
106 160 100
105 160 100
104 160 100
103 160 100
102 160 100
101 160 100
7 102 100
8 102 100
8 101 100
9 101 100
9 100 100
10 99 100
10 98 100
10 97 100
10 96 100
10 95 100
10 94 100
10 93 100
10 92 100
10 91 100
10 89 100
10 88 100
10 87 100
10 86 100
10 85 100
10 84 100
10 83 100
10 82 100
10 81 100
10 79 100
10 78 100
10 77 100
10 76 100
10 75 100
10 74 100
10 73 100
10 72 100
10 71 100
11 70 100
12 70 100
13 70 100
14 70 100
15 70 100
16 70 100
17 70 100
18 70 100
19 70 100
21 70 100
22 70 100
23 70 100
24 70 100
25 70 100
26 70 100
27 70 100
28 70 100
29 70 100
31 70 100
31 69 100
32 69 100
32 68 100
32 67 100
32 66 100
