# score 97548
10 30 100
20 30 100
30 30 100
40 30 100
50 30 100
60 30 100
70 30 100
80 30 100
90 30 100
10 40 100
20 40 100
30 40 100
40 40 100
50 40 100
60 40 100
70 40 100
80 40 100
90 40 100
10 50 100
20 50 100
30 50 100
40 50 100
50 50 100
60 50 100
70 50 100
80 50 100
90 50 100
10 60 100
20 60 100
30 60 100
40 60 100
50 60 100
60 60 100
70 60 100
80 60 100
90 60 100
10 70 100
20 70 100
30 70 100
40 70 100
50 70 100
60 70 100
70 70 100
80 70 100
90 70 100
10 80 100
20 80 100
30 80 100
40 80 100
50 80 100
60 80 100
70 80 100
80 80 100
90 80 100
10 90 100
20 90 100
30 90 100
40 90 100
50 90 100
60 90 100
70 90 100
80 90 100
90 90 100
10 100 100
20 100 100
30 100 100
40 100 100
50 100 100
60 100 100
70 100 100
80 100 100
90 100 100
10 110 100
20 110 100
30 110 100
40 110 100
50 110 100
60 110 100
70 110 100
80 110 100
90 110 100
40 60 100
100 60 100
110 60 100
30 70 100
40 70 100
100 70 100
110 70 100
30 80 100
40 80 100
80 80 100
100 80 100
110 80 100
40 90 100
70 90 100
80 90 100
90 90 100
100 90 100
110 90 100
40 100 100
70 100 100
80 100 100
100 100 100
110 100 100
40 110 100
50 110 100
80 110 100
90 110 100
100 110 100
110 110 100
30 120 100
40 120 100
50 120 100
60 120 100
70 120 100
80 120 100
90 120 100
100 120 100
110 120 100
30 130 100
40 130 100
50 130 100
60 130 100
70 130 100
80 130 100
90 130 100
100 130 100
110 130 100
30 140 100
40 140 100
50 140 100
60 140 100
70 140 100
80 140 100
90 140 100
100 140 100
110 140 100
0 130 100
10 130 100
20 130 100
30 130 100
50 130 100
60 130 100
0 140 100
10 140 100
20 140 100
30 140 100
60 140 100
0 150 100
10 150 100
20 150 100
30 150 100
40 150 100
50 150 100
60 150 100
0 160 100
10 160 100
20 160 100
30 160 100
40 160 100
50 160 100
60 160 100
0 170 100
10 170 100
20 170 100
30 170 100
40 170 100
50 170 100
60 170 100
0 180 100
10 180 100
20 180 100
30 180 100
40 180 100
50 180 100
60 180 100
0 190 100
10 190 100
20 190 100
30 190 100
40 190 100
50 190 100
60 190 100
0 0 100
10 0 100
20 0 100
30 0 100
40 0 100
50 0 100
60 0 100
70 0 100
80 0 100
0 10 100
10 10 100
20 10 100
30 10 100
40 10 100
50 10 100
60 10 100
70 10 100
80 10 100
0 20 100
10 20 100
20 20 100
30 20 100
40 20 100
50 20 100
60 20 100
70 20 100
80 20 100
0 30 100
30 30 100
40 30 100
70 30 100
0 40 100
10 40 100
20 40 100
30 40 100
40 40 100
50 40 100
60 40 100
90 10 100
100 10 100
110 10 100
120 10 100
130 10 100
140 10 100
150 10 100
160 10 100
170 10 100
90 20 100
100 20 100
110 20 100
120 20 100
130 20 100
140 20 100
150 20 100
160 20 100
170 20 100
100 30 100
110 30 100
120 30 100
130 30 100
140 30 100
150 30 100
160 30 100
170 30 100
100 40 100
110 40 100
120 40 100
130 40 100
140 40 100
150 40 100
160 40 100
170 40 100
90 50 100
100 50 100
110 50 100
120 50 100
130 50 100
140 50 100
150 50 100
160 50 100
170 50 100
110 60 100
120 60 100
130 60 100
140 60 100
150 60 100
160 60 100
170 60 100
120 70 100
130 70 100
140 70 100
150 70 100
160 70 100
170 70 100
100 80 100
110 80 100
120 80 100
130 80 100
140 80 100
150 80 100
160 80 100
170 80 100
90 90 100
100 90 100
110 90 100
120 90 100
130 90 100
140 90 100
150 90 100
160 90 100
170 90 100
0 60 100
10 60 100
20 60 100
0 70 100
10 70 100
20 70 100
30 70 100
0 80 100
30 80 100
40 80 100
0 90 100
40 90 100
0 100 100
40 100 100
0 110 100
10 110 100
20 110 100
40 110 100
0 120 100
10 120 100
20 120 100
30 120 100
40 120 100
50 120 100
0 130 100
10 130 100
30 130 100
50 130 100
0 140 100
10 140 100
30 140 100
110 60 100
130 60 100
150 60 100
160 60 100
130 70 100
160 70 100
170 70 100
110 80 100
130 80 100
150 80 100
160 80 100
170 80 100
100 90 100
110 90 100
120 90 100
130 90 100
140 90 100
150 90 100
160 90 100
110 100 100
120 100 100
130 100 100
140 100 100
150 100 100
160 100 100
170 100 100
100 110 100
110 110 100
120 110 100
130 110 100
140 110 100
150 110 100
160 110 100
170 110 100
120 120 100
130 120 100
140 120 100
150 120 100
160 120 100
170 120 100
90 130 100
120 130 100
130 130 100
140 130 100
150 130 100
160 130 100
170 130 100
90 140 100
100 140 100
120 140 100
130 140 100
140 140 100
150 140 100
160 140 100
170 140 100
70 0 100
80 0 100
90 0 100
100 0 100
110 0 100
120 0 100
130 0 100
140 0 100
150 0 100
80 10 100
90 10 100
100 10 100
130 10 100
140 10 100
150 10 100
70 20 100
100 20 100
140 20 100
150 20 100
70 30 100
130 30 100
140 30 100
150 30 100
100 40 100
110 40 100
130 40 100
70 50 100
80 50 100
90 50 100
100 50 100
110 50 100
137 51 100
136 51 100
136 50 100
135 50 100
134 50 100
133 50 100
132 50 100
131 50 100
129 50 100
128 50 100
127 50 100
126 50 100
125 50 100
124 50 100
123 50 100
122 50 100
121 50 100
120 51 100
120 52 100
120 53 100
120 54 100
120 55 100
120 56 100
120 57 100
120 58 100
120 59 100
119 60 100
118 60 100
117 60 100
116 60 100
115 60 100
114 60 100
113 60 100
113 60 100
112 60 100
112 60 100
111 60 100
111 60 100
109 60 100
109 60 100
109 60 100
108 60 100
108 60 100
108 60 100
107 60 100
107 60 100
107 60 100
106 60 100
106 60 100
106 60 100
105 60 100
105 60 100
104 60 100
104 60 100
103 60 100
103 60 100
102 60 100
101 60 100
99 60 100
98 60 100
97 60 100
96 60 100
95 60 100
94 60 100
93 60 100
92 60 100
91 60 100
89 60 100
88 60 100
87 60 100
86 60 100
85 60 100
84 60 100
83 60 100
82 60 100
81 60 100
79 60 100
78 60 100
77 60 100
76 60 100
75 60 100
74 60 100
73 60 100
72 60 100
71 60 100
69 60 100
68 60 100
67 60 100
66 60 100
65 60 100
64 60 100
63 60 100
62 60 100
61 60 100
59 60 100
58 60 100
57 60 100
56 60 100
55 60 100
54 60 100
53 60 100
52 60 100
51 60 100
50 61 100
50 62 100
50 63 100
50 64 100
50 65 100
50 66 100
50 67 100
50 68 100
50 69 100
51 70 100
51 71 100
51 72 100
51 73 100
51 74 100
51 75 100
51 76 100
51 77 100
10 101 100
11 100 100
12 100 100
13 100 100
14 100 100
15 100 100
16 100 100
17 100 100
18 100 100
19 100 100
21 100 100
22 100 100
23 100 100
24 100 100
25 100 100
26 100 100
27 100 100
28 100 100
29 100 100
31 100 100
32 100 100
33 100 100
34 100 100
35 100 100
36 100 100
37 100 100
38 100 100
38 100 100
39 100 100
39 100 100
39 100 100
41 100 100
41 100 100
41 100 100
41 100 100
42 100 100
42 100 100
42 100 100
42 100 100
43 100 100
43 100 100
43 100 100
43 100 100
44 100 100
44 100 100
44 100 100
44 100 100
45 100 100
45 100 100
45 100 100
46 100 100
46 100 100
47 100 100
48 100 100
49 100 100
50 99 100
50 98 100
50 97 100
50 96 100
50 95 100
50 94 100
50 93 100
50 92 100
50 91 100
50 89 100
50 88 100
50 87 100
50 86 100
50 85 100
50 84 100
50 83 100
50 82 100
50 81 100
51 80 100
51 79 100
51 78 100
131 109 100
130 109 100
130 108 100
130 107 100
130 106 100
130 105 100
130 104 100
130 103 100
130 102 100
130 101 100
131 100 100
132 100 100
133 100 100
134 100 100
135 100 100
136 100 100
137 100 100
138 100 100
139 100 100
140 99 100
140 98 100
140 97 100
140 96 100
140 95 100
140 94 100
140 93 100
140 92 100
140 92 100
140 91 100
140 91 100
140 89 100
140 89 100
140 88 100
140 88 100
140 87 100
140 87 100
140 86 100
140 86 100
140 85 100
140 85 100
140 84 100
140 83 100
140 82 100
140 81 100
140 79 100
140 78 100
140 77 100
140 76 100
140 75 100
140 74 100
140 73 100
140 72 100
140 71 100
140 69 100
140 68 100
140 67 100
140 66 100
140 66 100
140 65 100
140 65 100
140 64 100
140 64 100
140 63 100
140 63 100
140 62 100
140 62 100
140 61 100
140 61 100
140 59 100
140 58 100
140 57 100
140 56 100
140 55 100
140 54 100
140 53 100
140 52 100
140 51 100
139 50 100
139 51 100
138 51 100
116 10 100
117 10 100
118 10 100
119 10 100
120 11 100
120 12 100
120 13 100
120 14 100
120 15 100
120 16 100
120 17 100
120 18 100
120 19 100
120 21 100
120 22 100
120 23 100
120 24 100
120 25 100
120 26 100
120 27 100
120 28 100
120 29 100
120 31 100
120 32 100
120 32 100
120 33 100
120 33 100
120 34 100
120 34 100
120 34 100
120 35 100
120 35 100
120 35 100
120 36 100
120 36 100
120 36 100
120 37 100
120 37 100
120 37 100
120 38 100
120 38 100
120 39 100
120 39 100
120 41 100
120 42 100
120 43 100
120 44 100
120 45 100
120 46 100
120 47 100
120 48 100
120 49 100
