# score 167508
90 20 100
100 20 100
110 20 100
120 20 100
130 20 100
140 20 100
150 20 100
160 20 100
170 20 100
90 30 100
100 30 100
110 30 100
120 30 100
130 30 100
140 30 100
150 30 100
160 30 100
170 30 100
90 40 100
100 40 100
110 40 100
120 40 100
130 40 100
140 40 100
150 40 100
160 40 100
170 40 100
90 50 100
100 50 100
110 50 100
120 50 100
130 50 100
140 50 100
150 50 100
160 50 100
170 50 100
90 60 100
100 60 100
110 60 100
120 60 100
130 60 100
140 60 100
150 60 100
160 60 100
170 60 100
90 70 100
100 70 100
110 70 100
120 70 100
130 70 100
140 70 100
150 70 100
160 70 100
170 70 100
90 80 100
100 80 100
110 80 100
120 80 100
130 80 100
140 80 100
150 80 100
160 80 100
170 80 100
90 90 100
100 90 100
110 90 100
120 90 100
130 90 100
140 90 100
150 90 100
160 90 100
170 90 100
90 100 100
100 100 100
110 100 100
120 100 100
130 100 100
140 100 100
150 100 100
160 100 100
170 100 100
0 150 100
10 150 100
20 150 100
30 150 100
40 150 100
50 150 100
60 150 100
70 150 100
0 160 100
10 160 100
20 160 100
30 160 100
40 160 100
50 160 100
60 160 100
70 160 100
0 170 100
10 170 100
20 170 100
30 170 100
40 170 100
50 170 100
60 170 100
70 170 100
0 180 100
10 180 100
20 180 100
30 180 100
40 180 100
50 180 100
60 180 100
70 180 100
0 190 100
10 190 100
20 190 100
30 190 100
40 190 100
50 190 100
60 190 100
70 190 100
110 120 100
120 120 100
130 120 100
140 120 100
150 120 100
160 120 100
170 120 100
180 120 100
190 120 100
110 130 100
120 130 100
130 130 100
140 130 100
150 130 100
160 130 100
170 130 100
180 130 100
190 130 100
110 140 100
120 140 100
130 140 100
140 140 100
150 140 100
160 140 100
170 140 100
180 140 100
190 140 100
110 150 100
120 150 100
130 150 100
140 150 100
150 150 100
160 150 100
170 150 100
180 150 100
190 150 100
110 160 100
120 160 100
130 160 100
140 160 100
150 160 100
160 160 100
170 160 100
180 160 100
190 160 100
110 170 100
120 170 100
130 170 100
140 170 100
150 170 100
160 170 100
170 170 100
180 170 100
190 170 100
110 180 100
120 180 100
130 180 100
140 180 100
150 180 100
160 180 100
170 180 100
180 180 100
190 180 100
110 190 100
120 190 100
130 190 100
140 190 100
150 190 100
160 190 100
170 190 100
180 190 100
190 190 100
0 80 100
10 80 100
20 80 100
30 80 100
40 80 100
50 80 100
60 80 100
70 80 100
80 80 100
0 90 100
10 90 100
20 90 100
30 90 100
40 90 100
50 90 100
60 90 100
70 90 100
80 90 100
0 100 100
10 100 100
20 100 100
30 100 100
40 100 100
50 100 100
60 100 100
70 100 100
80 100 100
0 110 100
10 110 100
20 110 100
30 110 100
40 110 100
50 110 100
60 110 100
70 110 100
80 110 100
0 120 100
10 120 100
20 120 100
30 120 100
40 120 100
50 120 100
60 120 100
70 120 100
80 120 100
0 130 100
10 130 100
20 130 100
30 130 100
40 130 100
50 130 100
60 130 100
70 130 100
80 130 100
0 140 100
10 140 100
20 140 100
30 140 100
40 140 100
50 140 100
60 140 100
70 140 100
80 140 100
0 150 100
30 150 100
40 150 100
50 150 100
60 150 100
70 150 100
80 150 100
0 160 100
10 160 100
20 160 100
30 160 100
40 160 100
50 160 100
60 160 100
70 160 100
80 160 100
140 100 100
150 100 100
170 100 100
180 100 100
190 100 100
140 110 100
150 110 100
160 110 100
170 110 100
180 110 100
190 110 100
150 120 100
160 120 100
170 120 100
180 120 100
190 120 100
160 130 100
170 130 100
150 140 100
160 140 100
170 140 100
160 150 100
170 150 100
180 150 100
170 160 100
180 160 100
140 170 100
160 170 100
170 170 100
180 170 100
140 180 100
150 180 100
160 180 100
170 180 100
180 180 100
190 180 100
150 0 100
160 0 100
170 0 100
180 0 100
190 0 100
150 10 100
160 10 100
170 10 100
180 10 100
190 10 100
150 20 100
160 20 100
170 20 100
180 20 100
190 20 100
160 30 100
170 30 100
180 30 100
190 30 100
150 40 100
160 40 100
170 40 100
180 40 100
190 40 100
150 50 100
170 50 100
180 50 100
190 50 100
150 60 100
160 60 100
170 60 100
180 60 100
190 60 100
150 70 100
160 70 100
170 70 100
180 70 100
190 70 100
160 80 100
170 80 100
180 80 100
190 80 100
40 0 100
50 0 100
60 0 100
70 0 100
80 0 100
90 0 100
100 0 100
110 0 100
120 0 100
40 10 100
50 10 100
60 10 100
70 10 100
80 10 100
90 10 100
100 10 100
110 10 100
120 10 100
40 20 100
50 20 100
60 20 100
70 20 100
80 20 100
90 20 100
100 20 100
110 20 100
120 20 100
40 30 100
50 30 100
60 30 100
70 30 100
80 30 100
90 30 100
100 30 100
120 30 100
40 40 100
50 40 100
60 40 100
70 40 100
80 40 100
90 40 100
100 40 100
110 40 100
120 40 100
110 0 100
120 0 100
130 0 100
140 0 100
160 0 100
170 0 100
180 0 100
100 10 100
110 10 100
120 10 100
130 10 100
140 10 100
150 10 100
160 10 100
170 10 100
100 20 100
110 20 100
120 20 100
160 20 100
180 20 100
100 30 100
120 30 100
130 30 100
170 30 100
180 30 100
100 40 100
110 40 100
130 40 100
140 40 100
150 40 100
160 40 100
170 40 100
180 40 100
100 50 100
130 50 100
140 50 100
150 50 100
170 50 100
180 50 100
130 60 100
140 60 100
150 60 100
160 60 100
170 60 100
180 60 100
48 120 100
49 120 100
50 119 100
50 118 100
50 117 100
50 116 100
50 115 100
50 114 100
50 113 100
50 112 100
50 111 100
51 110 100
52 110 100
53 110 100
54 110 100
55 110 100
56 110 100
57 110 100
58 110 100
59 110 100
61 110 100
62 110 100
63 110 100
64 110 100
65 110 100
66 110 100
67 110 100
68 110 100
69 110 100
71 110 100
71 110 100
71 109 100
72 109 100
72 109 100
72 108 100
72 108 100
73 108 100
73 108 100
73 107 100
73 107 100
74 107 100
74 107 100
74 106 100
74 106 100
75 106 100
75 106 100
75 106 100
75 105 100
75 105 100
75 105 100
76 105 100
76 105 100
76 105 100
76 104 100
76 104 100
76 104 100
77 104 100
77 104 100
77 104 100
77 103 100
77 103 100
77 103 100
78 103 100
78 103 100
78 103 100
78 102 100
78 102 100
78 102 100
79 102 100
79 102 100
79 102 100
79 101 100
79 101 100
79 101 100
79 101 100
80 101 100
80 101 100
80 101 100
80 100 100
80 100 100
80 100 100
81 100 100
81 100 100
81 100 100
81 100 100
82 100 100
82 100 100
82 100 100
83 100 100
83 100 100
84 100 100
84 100 100
85 100 100
86 100 100
87 100 100
88 100 100
89 100 100
90 99 100
90 98 100
90 97 100
90 96 100
90 95 100
90 94 100
90 93 100
90 92 100
90 91 100
91 90 100
92 90 100
93 90 100
94 90 100
95 90 100
96 90 100
97 90 100
98 90 100
99 90 100
100 89 100
100 88 100
100 87 100
100 86 100
100 85 100
100 84 100
100 83 100
100 82 100
100 81 100
100 81 100
100 80 100
100 79 100
100 79 100
100 79 100
100 78 100
100 78 100
100 78 100
100 77 100
100 77 100
100 77 100
100 76 100
100 76 100
100 76 100
100 75 100
100 75 100
100 75 100
100 74 100
100 74 100
100 74 100
100 73 100
100 73 100
100 72 100
100 72 100
100 71 100
100 71 100
100 69 100
100 68 100
100 67 100
100 66 100
100 65 100
100 64 100
100 63 100
100 62 100
100 61 100
101 60 100
102 60 100
103 60 100
104 60 100
105 60 100
106 60 100
107 60 100
108 60 100
109 60 100
111 60 100
112 60 100
113 60 100
114 60 100
115 60 100
116 60 100
117 60 100
118 60 100
119 60 100
121 60 100
122 60 100
123 60 100
124 60 100
125 60 100
126 60 100
127 60 100
128 60 100
128 60 100
129 60 100
129 60 100
131 60 100
131 60 100
188 142 100
187 142 100
187 141 100
186 141 100
186 140 100
185 140 100
184 140 100
183 140 100
182 140 100
181 140 100
179 140 100
178 140 100
177 140 100
176 140 100
175 140 100
174 140 100
174 140 100
173 140 100
173 140 100
173 140 100
173 140 100
172 140 100
172 140 100
172 140 100
172 140 100
172 140 100
172 140 100
171 140 100
171 140 100
171 140 100
171 140 100
171 140 100
171 140 100
171 140 100
171 140 100
171 140 100
170 140 100
170 140 100
170 140 100
170 140 100
170 140 100
170 140 100
170 140 100
170 140 100
170 140 100
169 140 100
169 140 100
169 140 100
169 140 100
169 140 100
169 140 100
169 140 100
169 140 100
169 140 100
169 140 100
169 140 100
169 140 100
169 140 100
169 140 100
168 140 100
168 140 100
168 140 100
168 140 100
168 140 100
168 140 100
168 140 100
168 140 100
168 140 100
168 140 100
168 140 100
168 140 100
168 140 100
168 140 100
168 140 100
168 140 100
167 140 100
167 140 100
167 140 100
167 140 100
167 140 100
167 140 100
167 140 100
167 140 100
167 140 100
167 140 100
167 140 100
167 140 100
167 140 100
167 140 100
167 140 100
167 140 100
167 140 100
166 140 100
166 140 100
166 140 100
166 140 100
166 140 100
166 140 100
166 140 100
166 140 100
166 140 100
166 140 100
166 140 100
166 140 100
166 140 100
166 140 100
166 140 100
166 140 100
166 140 100
166 140 100
165 140 100
165 140 100
165 140 100
165 140 100
165 140 100
165 140 100
165 140 100
165 140 100
165 140 100
165 140 100
165 140 100
165 140 100
165 140 100
165 140 100
165 140 100
165 140 100
165 140 100
165 140 100
164 140 100
164 140 100
164 140 100
164 140 100
164 140 100
164 140 100
164 140 100
164 140 100
164 140 100
164 140 100
164 140 100
164 140 100
164 140 100
164 140 100
164 140 100
164 140 100
164 140 100
163 140 100
163 140 100
163 140 100
163 140 100
163 140 100
163 140 100
163 140 100
163 140 100
163 140 100
163 140 100
163 140 100
163 140 100
163 140 100
163 140 100
163 140 100
163 140 100
163 140 100
162 140 100
162 140 100
162 140 100
162 140 100
162 140 100
162 140 100
162 140 100
162 140 100
162 140 100
162 140 100
162 140 100
162 140 100
162 140 100
162 140 100
162 140 100
162 140 100
161 140 100
161 140 100
161 140 100
161 140 100
161 140 100
161 140 100
161 140 100
161 140 100
161 140 100
161 140 100
161 140 100
161 140 100
161 140 100
161 140 100
160 140 100
160 140 100
160 140 100
160 140 100
160 140 100
160 140 100
160 140 100
160 140 100
160 140 100
160 140 100
160 140 100
159 140 100
159 140 100
159 140 100
159 140 100
159 140 100
159 140 100
159 140 100
159 140 100
159 140 100
159 140 100
159 140 100
159 140 100
158 140 100
158 140 100
158 140 100
158 140 100
158 140 100
158 140 100
158 140 100
158 140 100
158 140 100
158 140 100
158 140 100
157 140 100
157 140 100
157 140 100
157 140 100
157 140 100
157 140 100
157 140 100
157 140 100
157 140 100
157 140 100
156 140 100
156 140 100
156 140 100
156 140 100
156 140 100
156 140 100
156 140 100
156 140 100
156 140 100
155 140 100
155 140 100
155 140 100
155 140 100
155 140 100
155 140 100
155 140 100
155 140 100
154 140 100
154 140 100
154 140 100
154 140 100
154 140 100
154 140 100
154 140 100
153 140 100
153 140 100
153 140 100
153 140 100
153 140 100
153 140 100
152 140 100
152 140 100
152 140 100
152 140 100
151 140 100
151 140 100
151 140 100
150 141 100
150 141 100
150 142 100
150 142 100
150 143 100
150 143 100
150 144 100
150 144 100
150 145 100
150 145 100
150 146 100
150 146 100
150 147 100
150 148 100
150 149 100
150 151 100
150 152 100
150 153 100
150 154 100
150 155 100
150 156 100
150 157 100
150 158 100
150 159 100
151 160 100
151 161 100
152 161 100
152 162 100
152 163 100
152 164 100
152 165 100
152 166 100
152 167 100
194 46 100
193 46 100
193 47 100
192 47 100
192 48 100
191 48 100
191 49 100
190 49 100
190 51 100
190 52 100
190 53 100
190 54 100
190 55 100
190 56 100
190 57 100
190 58 100
190 59 100
190 61 100
190 62 100
190 63 100
190 64 100
190 65 100
190 66 100
190 67 100
190 68 100
190 69 100
190 71 100
190 72 100
190 73 100
190 74 100
190 75 100
190 76 100
190 77 100
190 78 100
190 79 100
189 80 100
188 80 100
187 80 100
186 80 100
185 80 100
184 80 100
183 80 100
182 80 100
181 80 100
179 80 100
178 80 100
177 80 100
176 80 100
176 80 100
175 80 100
175 80 100
174 80 100
174 80 100
174 80 100
174 80 100
173 80 100
173 80 100
173 80 100
173 80 100
173 80 100
172 80 100
172 80 100
172 80 100
172 80 100
172 80 100
172 80 100
172 80 100
171 80 100
171 80 100
171 80 100
171 80 100
171 80 100
171 80 100
171 80 100
171 80 100
170 80 100
170 80 100
170 80 100
170 80 100
170 80 100
170 80 100
170 80 100
169 80 100
169 80 100
169 80 100
169 80 100
169 80 100
169 80 100
169 80 100
169 80 100
169 80 100
168 80 100
168 80 100
168 80 100
168 80 100
168 80 100
168 80 100
168 80 100
168 80 100
168 80 100
167 80 100
167 80 100
167 80 100
167 80 100
167 80 100
167 80 100
167 80 100
167 80 100
167 80 100
166 80 100
166 80 100
166 80 100
166 80 100
166 80 100
166 80 100
166 80 100
166 80 100
165 80 100
165 80 100
165 80 100
165 80 100
165 80 100
165 80 100
165 80 100
164 80 100
164 80 100
164 80 100
164 80 100
164 80 100
164 80 100
163 80 100
163 80 100
163 80 100
163 80 100
163 80 100
162 80 100
162 80 100
162 80 100
162 80 100
161 80 100
161 80 100
161 80 100
161 80 100
160 80 100
159 80 100
159 80 100
159 80 100
158 80 100
158 80 100
157 80 100
157 80 100
156 80 100
156 80 100
155 80 100
154 80 100
153 80 100
152 80 100
151 80 100
150 79 100
150 78 100
150 77 100
150 76 100
150 75 100
150 74 100
150 73 100
150 72 100
150 71 100
149 70 100
148 70 100
147 70 100
146 70 100
145 70 100
144 70 100
143 70 100
142 70 100
141 70 100
139 70 100
139 69 100
139 69 100
138 69 100
138 69 100
138 68 100
138 68 100
138 68 100
137 68 100
137 68 100
137 68 100
137 68 100
137 67 100
137 67 100
137 67 100
137 67 100
136 67 100
136 67 100
136 67 100
136 67 100
136 67 100
136 66 100
136 66 100
136 66 100
136 66 100
136 66 100
136 66 100
135 66 100
135 66 100
135 66 100
135 66 100
135 66 100
135 66 100
135 66 100
135 65 100
135 65 100
135 65 100
135 65 100
135 65 100
135 65 100
134 65 100
134 65 100
134 65 100
134 65 100
134 65 100
134 65 100
134 65 100
134 64 100
134 64 100
134 64 100
134 64 100
134 64 100
134 64 100
133 64 100
133 64 100
133 64 100
133 64 100
133 64 100
133 64 100
133 64 100
133 63 100
133 63 100
133 63 100
133 63 100
133 63 100
132 63 100
132 63 100
132 63 100
132 63 100
132 63 100
132 62 100
132 62 100
132 62 100
132 62 100
131 62 100
131 62 100
131 62 100
131 62 100
131 61 100
131 61 100
131 61 100
83 7 100
84 7 100
84 7 100
84 6 100
84 6 100
85 6 100
85 6 100
85 5 100
85 5 100
86 5 100
86 5 100
86 4 100
86 4 100
86 4 100
87 4 100
87 4 100
87 4 100
87 3 100
87 3 100
87 3 100
88 3 100
88 3 100
88 3 100
88 2 100
88 2 100
88 2 100
89 2 100
89 2 100
89 2 100
89 1 100
89 1 100
89 1 100
90 1 100
90 1 100
90 0 100
90 0 100
91 0 100
91 0 100
92 0 100
92 0 100
93 0 100
93 0 100
94 0 100
95 0 100
96 0 100
97 0 100
98 0 100
99 0 100
101 0 100
101 1 100
102 1 100
102 2 100
103 2 100
103 3 100
104 3 100
104 4 100
105 4 100
105 5 100
106 5 100
106 5 100
106 6 100
106 6 100
107 6 100
107 6 100
107 7 100
107 7 100
108 7 100
108 7 100
108 8 100
108 8 100
108 8 100
109 8 100
109 8 100
109 8 100
109 9 100
109 9 100
109 9 100
110 9 100
110 9 100
110 9 100
110 10 100
110 10 100
111 10 100
111 10 100
111 10 100
112 10 100
112 10 100
112 10 100
113 10 100
113 10 100
113 10 100
114 10 100
114 10 100
114 10 100
115 10 100
115 10 100
115 10 100
116 10 100
116 10 100
116 10 100
117 10 100
117 10 100
117 10 100
118 10 100
118 10 100
118 10 100
119 10 100
119 10 100
119 10 100
121 10 100
121 10 100
122 10 100
122 10 100
123 10 100
124 10 100
125 10 100
126 10 100
127 10 100
128 10 100
129 10 100
131 10 100
132 10 100
133 10 100
134 10 100
135 10 100
136 10 100
137 10 100
138 10 100
139 10 100
140 11 100
140 12 100
140 13 100
140 14 100
140 15 100
140 16 100
140 17 100
140 18 100
140 19 100
141 20 100
142 20 100
143 20 100
144 20 100
145 20 100
146 20 100
147 20 100
148 20 100
149 20 100
149 21 100
148 21 100
148 22 100
148 23 100
148 24 100
149 24 100
149 25 100
150 25 100
150 26 100
150 27 100
150 28 100
150 29 100
151 30 100
152 30 100
153 30 100
154 30 100
155 30 100
156 30 100
157 30 100
158 30 100
158 30 100
159 30 100
159 30 100
160 31 100
160 31 100
160 32 100
160 32 100
160 32 100
160 33 100
160 33 100
160 33 100
160 34 100
160 34 100
160 34 100
160 35 100
160 35 100
160 35 100
160 35 100
160 36 100
160 36 100
160 36 100
160 36 100
160 36 100
160 37 100
160 37 100
160 37 100
160 37 100
160 37 100
160 37 100
160 38 100
160 38 100
160 38 100
160 38 100
160 38 100
160 38 100
160 38 100
160 39 100
160 39 100
160 39 100
160 39 100
160 39 100
160 39 100
160 39 100
160 39 100
160 39 100
160 40 100
160 40 100
160 40 100
160 40 100
160 40 100
160 40 100
160 40 100
160 41 100
160 41 100
160 41 100
160 41 100
160 41 100
160 41 100
160 41 100
160 41 100
160 41 100
160 41 100
160 42 100
160 42 100
160 42 100
160 42 100
160 42 100
160 42 100
160 42 100
160 42 100
160 42 100
160 42 100
160 43 100
160 43 100
160 43 100
160 43 100
160 43 100
160 43 100
160 43 100
160 43 100
160 43 100
160 44 100
160 44 100
160 44 100
160 44 100
160 44 100
160 44 100
160 44 100
160 45 100
160 45 100
160 45 100
160 45 100
160 45 100
160 45 100
160 46 100
160 46 100
160 46 100
160 46 100
160 47 100
160 47 100
160 47 100
160 48 100
160 48 100
160 49 100
160 49 100
161 50 100
162 50 100
163 50 100
164 50 100
165 50 100
166 50 100
167 50 100
168 50 100
168 50 100
169 50 100
169 50 100
171 50 100
171 50 100
171 50 100
172 50 100
172 50 100
172 50 100
172 50 100
172 50 100
173 50 100
173 50 100
173 50 100
173 50 100
173 50 100
173 50 100
174 50 100
174 50 100
174 50 100
174 50 100
174 50 100
174 50 100
174 50 100
175 50 100
175 50 100
175 50 100
175 50 100
175 50 100
175 50 100
175 50 100
175 50 100
176 50 100
176 50 100
176 50 100
176 50 100
176 50 100
176 50 100
176 50 100
176 50 100
177 50 100
177 50 100
177 50 100
177 50 100
177 50 100
177 50 100
177 50 100
177 50 100
178 50 100
178 50 100
178 50 100
178 50 100
178 50 100
178 50 100
178 50 100
179 50 100
179 50 100
179 50 100
179 50 100
179 50 100
179 50 100
180 50 100
180 50 100
180 50 100
181 50 100
181 50 100
181 50 100
181 50 100
182 50 100
182 50 100
182 50 100
183 50 100
183 50 100
184 50 100
185 50 100
186 50 100
187 50 100
188 50 100
189 50 100
