# score 142992
140 0 100
150 0 100
160 0 100
170 0 100
180 0 100
190 0 100
140 10 100
150 10 100
160 10 100
170 10 100
180 10 100
190 10 100
140 20 100
150 20 100
160 20 100
170 20 100
180 20 100
190 20 100
140 30 100
150 30 100
160 30 100
170 30 100
180 30 100
190 30 100
140 40 100
150 40 100
160 40 100
170 40 100
180 40 100
190 40 100
140 50 100
150 50 100
160 50 100
170 50 100
180 50 100
190 50 100
140 60 100
150 60 100
160 60 100
170 60 100
180 60 100
190 60 100
140 70 100
150 70 100
160 70 100
170 70 100
180 70 100
190 70 100
0 10 100
10 10 100
20 10 100
30 10 100
40 10 100
0 20 100
10 20 100
20 20 100
30 20 100
40 20 100
0 30 100
10 30 100
20 30 100
30 30 100
40 30 100
0 40 100
10 40 100
20 40 100
30 40 100
40 40 100
0 50 100
10 50 100
20 50 100
30 50 100
40 50 100
0 60 100
10 60 100
20 60 100
30 60 100
40 60 100
0 70 100
10 70 100
20 70 100
30 70 100
40 70 100
0 80 100
10 80 100
20 80 100
30 80 100
40 80 100
0 90 100
10 90 100
20 90 100
30 90 100
40 90 100
50 40 100
60 40 100
70 40 100
0 50 100
50 50 100
60 50 100
70 50 100
0 60 100
50 60 100
60 60 100
70 60 100
0 70 100
10 70 100
50 70 100
60 70 100
70 70 100
0 80 100
10 80 100
50 80 100
60 80 100
70 80 100
0 90 100
50 90 100
60 90 100
70 90 100
0 100 100
10 100 100
20 100 100
30 100 100
40 100 100
50 100 100
60 100 100
70 100 100
0 110 100
10 110 100
20 110 100
30 110 100
40 110 100
50 110 100
60 110 100
70 110 100
0 120 100
10 120 100
20 120 100
30 120 100
40 120 100
50 120 100
60 120 100
70 120 100
0 110 100
10 110 100
20 110 100
30 110 100
70 110 100
80 110 100
0 120 100
10 120 100
20 120 100
30 120 100
50 120 100
60 120 100
70 120 100
80 120 100
0 130 100
10 130 100
20 130 100
30 130 100
40 130 100
50 130 100
60 130 100
70 130 100
80 130 100
0 140 100
10 140 100
20 140 100
30 140 100
40 140 100
50 140 100
60 140 100
70 140 100
80 140 100
0 150 100
10 150 100
20 150 100
30 150 100
40 150 100
50 150 100
60 150 100
70 150 100
80 150 100
0 160 100
10 160 100
20 160 100
30 160 100
40 160 100
50 160 100
60 160 100
70 160 100
80 160 100
0 170 100
10 170 100
20 170 100
30 170 100
40 170 100
50 170 100
60 170 100
70 170 100
80 170 100
0 180 100
10 180 100
20 180 100
30 180 100
40 180 100
50 180 100
60 180 100
70 180 100
80 180 100
0 190 100
10 190 100
20 190 100
30 190 100
40 190 100
50 190 100
60 190 100
70 190 100
80 190 100
0 0 100
10 0 100
20 0 100
30 0 100
40 0 100
0 10 100
40 10 100
40 20 100
0 30 100
130 10 100
140 10 100
150 10 100
160 10 100
130 20 100
140 20 100
150 20 100
160 20 100
130 30 100
140 30 100
150 30 100
130 40 100
140 40 100
130 50 100
140 50 100
130 60 100
140 60 100
190 60 100
130 70 100
140 70 100
170 70 100
180 70 100
190 70 100
130 80 100
140 80 100
150 80 100
160 80 100
170 80 100
180 80 100
190 80 100
130 90 100
140 90 100
150 90 100
160 90 100
170 90 100
180 90 100
190 90 100
90 90 100
100 90 100
110 90 100
120 90 100
130 90 100
140 90 100
150 90 100
160 90 100
170 90 100
90 100 100
100 100 100
110 100 100
120 100 100
130 100 100
140 100 100
150 100 100
160 100 100
170 100 100
90 110 100
100 110 100
110 110 100
120 110 100
130 110 100
140 110 100
150 110 100
160 110 100
170 110 100
90 120 100
100 120 100
110 120 100
120 120 100
130 120 100
140 120 100
150 120 100
160 120 100
170 120 100
90 130 100
100 130 100
110 130 100
120 130 100
130 130 100
140 130 100
150 130 100
160 130 100
170 130 100
90 140 100
100 140 100
110 140 100
120 140 100
130 140 100
140 140 100
150 140 100
160 140 100
170 140 100
90 150 100
100 150 100
110 150 100
120 150 100
130 150 100
140 150 100
150 150 100
160 150 100
170 150 100
90 160 100
100 160 100
110 160 100
120 160 100
130 160 100
140 160 100
150 160 100
160 160 100
170 160 100
90 170 100
100 170 100
110 170 100
120 170 100
130 170 100
140 170 100
150 170 100
160 170 100
170 170 100
70 110 100
80 110 100
90 110 100
100 110 100
110 110 100
120 110 100
130 110 100
140 110 100
150 110 100
70 120 100
80 120 100
90 120 100
100 120 100
130 120 100
140 120 100
150 120 100
70 130 100
80 130 100
90 130 100
100 130 100
150 130 100
70 140 100
80 140 100
90 140 100
100 140 100
150 140 100
70 150 100
80 150 100
90 150 100
70 160 100
80 160 100
90 160 100
70 170 100
80 170 100
90 170 100
150 170 100
70 180 100
80 180 100
90 180 100
100 180 100
110 180 100
120 180 100
130 180 100
140 180 100
150 180 100
70 190 100
80 190 100
90 190 100
100 190 100
110 190 100
120 190 100
130 190 100
140 190 100
150 190 100
60 50 100
70 50 100
80 50 100
90 50 100
100 50 100
110 50 100
80 60 100
90 60 100
100 60 100
110 60 100
80 70 100
90 70 100
100 70 100
110 70 100
80 80 100
90 80 100
100 80 100
110 80 100
80 90 100
90 90 100
100 90 100
110 90 100
70 100 100
80 100 100
90 100 100
100 100 100
110 100 100
30 110 100
70 110 100
80 110 100
90 110 100
100 110 100
110 110 100
30 120 100
60 120 100
70 120 100
80 120 100
90 120 100
100 120 100
30 130 100
40 130 100
50 130 100
60 130 100
70 130 100
80 130 100
90 130 100
100 130 100
70 0 100
80 0 100
90 0 100
100 0 100
110 0 100
120 0 100
130 0 100
140 0 100
150 0 100
70 10 100
80 10 100
90 10 100
100 10 100
110 10 100
120 10 100
130 10 100
140 10 100
150 10 100
70 20 100
80 20 100
90 20 100
100 20 100
110 20 100
120 20 100
130 20 100
140 20 100
150 20 100
70 30 100
80 30 100
90 30 100
100 30 100
110 30 100
120 30 100
130 30 100
140 30 100
70 40 100
80 40 100
90 40 100
100 40 100
110 40 100
120 40 100
130 40 100
140 40 100
70 50 100
80 50 100
90 50 100
100 50 100
110 50 100
120 50 100
130 50 100
140 50 100
100 20 100
110 20 100
120 20 100
130 20 100
140 20 100
150 20 100
100 30 100
110 30 100
120 30 100
130 30 100
140 30 100
100 40 100
110 40 100
120 40 100
130 40 100
140 40 100
100 50 100
110 50 100
120 50 100
130 50 100
100 60 100
110 60 100
120 60 100
130 60 100
140 60 100
100 70 100
110 70 100
120 70 100
130 70 100
180 70 100
100 80 100
110 80 100
120 80 100
130 80 100
140 80 100
150 80 100
160 80 100
170 80 100
180 80 100
110 90 100
120 90 100
130 90 100
140 90 100
150 90 100
160 90 100
170 90 100
180 90 100
100 100 100
110 100 100
120 100 100
130 100 100
140 100 100
150 100 100
160 100 100
170 100 100
180 100 100
0 0 100
10 0 100
30 0 100
40 0 100
50 0 100
60 0 100
70 0 100
0 10 100
40 10 100
50 10 100
60 10 100
70 10 100
50 20 100
60 20 100
70 20 100
50 30 100
60 30 100
70 30 100
60 40 100
70 40 100
70 50 100
0 60 100
0 70 100
10 70 100
3 15 100
2 15 100
2 16 100
1 16 100
1 17 100
0 17 100
0 18 100
0 19 100
0 21 100
0 22 100
0 23 100
0 24 100
0 25 100
0 26 100
0 26 100
0 27 100
0 27 100
0 28 100
0 28 100
0 29 100
0 29 100
0 31 100
0 31 100
0 32 100
0 32 100
0 33 100
0 33 100
0 34 100
0 34 100
0 35 100
0 35 100
0 36 100
0 37 100
0 38 100
0 39 100
0 41 100
0 42 100
0 43 100
0 44 100
0 45 100
0 46 100
0 47 100
0 48 100
0 49 100
0 49 100
1 50 100
1 51 100
1 51 100
1 52 100
1 52 100
1 53 100
1 53 100
1 54 100
1 54 100
1 55 100
1 55 100
1 55 100
1 56 100
1 56 100
1 56 100
1 56 100
1 57 100
1 57 100
1 57 100
1 57 100
1 58 100
1 58 100
1 58 100
1 58 100
1 58 100
172 51 100
173 51 100
173 50 100
174 50 100
175 50 100
176 50 100
177 50 100
178 50 100
179 50 100
180 49 100
180 48 100
180 47 100
180 46 100
180 45 100
180 44 100
180 43 100
180 42 100
180 41 100
180 39 100
180 38 100
180 37 100
180 36 100
180 35 100
180 34 100
180 33 100
180 32 100
180 31 100
181 30 100
182 30 100
183 30 100
184 30 100
185 30 100
186 30 100
187 30 100
188 30 100
136 131 100
135 131 100
135 130 100
134 130 100
133 130 100
132 130 100
131 130 100
129 130 100
128 130 100
127 130 100
126 130 100
125 130 100
124 130 100
123 130 100
122 130 100
121 130 100
119 130 100
118 130 100
117 130 100
116 130 100
115 130 100
114 130 100
113 130 100
112 130 100
111 130 100
110 129 100
110 128 100
110 127 100
110 126 100
110 125 100
110 124 100
110 123 100
110 122 100
110 121 100
110 119 100
110 119 100
110 118 100
110 118 100
110 117 100
110 117 100
110 116 100
110 116 100
110 115 100
110 115 100
110 114 100
110 114 100
110 114 100
110 113 100
110 113 100
110 113 100
110 112 100
110 112 100
110 112 100
110 111 100
110 111 100
110 111 100
109 110 100
109 110 100
109 110 100
108 110 100
108 110 100
108 110 100
107 110 100
107 110 100
107 110 100
107 110 100
106 110 100
106 110 100
106 110 100
106 110 100
105 110 100
105 110 100
105 110 100
105 110 100
104 110 100
104 110 100
104 110 100
104 110 100
103 110 100
103 110 100
103 110 100
103 110 100
102 110 100
102 110 100
102 110 100
102 110 100
102 110 100
101 110 100
101 110 100
101 110 100
101 110 100
101 110 100
100 110 100
100 110 100
99 110 100
99 110 100
99 110 100
99 110 100
99 110 100
98 110 100
98 110 100
98 110 100
98 110 100
98 110 100
97 110 100
97 110 100
97 110 100
97 110 100
97 110 100
96 110 100
96 110 100
96 110 100
96 110 100
96 110 100
95 110 100
95 110 100
95 110 100
95 110 100
94 110 100
94 110 100
94 110 100
94 110 100
93 110 100
93 110 100
93 110 100
93 110 100
92 110 100
92 110 100
92 110 100
92 110 100
91 110 100
91 110 100
91 110 100
89 110 100
89 110 100
89 110 100
88 110 100
88 110 100
88 110 100
87 110 100
87 110 100
87 110 100
86 110 100
86 110 100
86 110 100
85 110 100
85 110 100
85 110 100
84 110 100
84 110 100
84 110 100
83 110 100
83 110 100
83 110 100
82 110 100
82 110 100
82 110 100
81 110 100
81 110 100
81 110 100
79 110 100
79 110 100
79 110 100
78 110 100
78 110 100
78 110 100
77 110 100
77 110 100
77 110 100
76 110 100
76 110 100
76 110 100
75 110 100
75 110 100
75 110 100
74 110 100
74 110 100
74 110 100
74 110 100
73 110 100
73 110 100
73 110 100
73 110 100
72 110 100
72 110 100
72 110 100
72 110 100
71 110 100
71 110 100
71 110 100
71 110 100
70 109 100
70 109 100
70 109 100
70 108 100
70 108 100
70 108 100
70 107 100
70 107 100
70 106 100
70 106 100
70 105 100
70 105 100
70 104 100
70 104 100
70 103 100
70 103 100
70 102 100
70 102 100
70 101 100
70 101 100
71 100 100
71 100 100
71 99 100
71 99 100
71 98 100
71 98 100
71 97 100
71 97 100
71 96 100
71 96 100
71 95 100
71 95 100
71 94 100
71 94 100
71 93 100
71 92 100
70 92 100
70 91 100
69 90 100
68 90 100
67 90 100
66 90 100
65 90 100
64 90 100
63 90 100
62 90 100
61 90 100
59 90 100
58 90 100
57 90 100
56 90 100
55 90 100
54 90 100
53 90 100
52 90 100
51 90 100
49 90 100
48 90 100
47 90 100
46 90 100
45 90 100
44 90 100
43 90 100
42 90 100
41 90 100
39 90 100
39 89 100
38 89 100
38 88 100
38 87 100
38 86 100
38 85 100
114 150 100
113 150 100
112 150 100
111 150 100
110 149 100
110 148 100
110 147 100
110 146 100
110 145 100
110 144 100
110 143 100
110 142 100
110 141 100
110 139 100
110 138 100
110 137 100
110 136 100
110 135 100
110 134 100
110 133 100
110 132 100
110 131 100
119 12 100
119 12 100
119 12 100
119 12 100
119 12 100
119 12 100
119 12 100
119 12 100
119 12 100
119 12 100
119 12 100
120 12 100
120 12 100
120 12 100
120 12 100
120 12 100
120 12 100
120 12 100
120 12 100
120 12 100
120 11 100
120 11 100
120 11 100
120 11 100
120 11 100
120 11 100
120 11 100
120 11 100
121 11 100
121 11 100
121 11 100
121 11 100
121 11 100
121 11 100
121 11 100
121 10 100
121 10 100
121 10 100
121 10 100
121 10 100
121 10 100
122 10 100
122 10 100
122 10 100
122 10 100
122 10 100
123 10 100
123 10 100
123 10 100
123 10 100
124 10 100
124 10 100
124 10 100
124 10 100
125 10 100
125 10 100
125 10 100
125 10 100
126 10 100
126 10 100
126 10 100
126 10 100
127 10 100
127 10 100
127 10 100
127 10 100
128 10 100
128 10 100
128 10 100
128 10 100
129 10 100
129 10 100
129 10 100
129 10 100
130 10 100
130 10 100
131 10 100
131 10 100
131 10 100
131 10 100
132 10 100
132 10 100
132 10 100
132 10 100
133 10 100
133 10 100
133 10 100
133 10 100
134 10 100
134 10 100
134 10 100
134 10 100
135 10 100
135 10 100
135 10 100
135 10 100
136 10 100
136 10 100
136 10 100
136 10 100
137 10 100
137 10 100
137 10 100
137 10 100
138 10 100
138 10 100
138 10 100
138 10 100
139 10 100
139 10 100
139 10 100
141 10 100
141 10 100
141 10 100
141 11 100
141 11 100
141 11 100
142 11 100
142 11 100
142 11 100
142 12 100
142 12 100
142 12 100
142 12 100
143 12 100
143 12 100
143 12 100
143 12 100
143 13 100
143 13 100
143 13 100
143 13 100
144 13 100
144 13 100
144 13 100
144 13 100
144 14 100
144 14 100
144 14 100
144 14 100
144 14 100
145 14 100
145 14 100
145 14 100
145 14 100
145 14 100
145 15 100
145 15 100
145 15 100
145 15 100
145 15 100
146 15 100
146 15 100
146 15 100
146 15 100
146 15 100
146 16 100
146 16 100
146 16 100
146 16 100
146 16 100
146 16 100
147 16 100
147 16 100
147 16 100
147 16 100
147 16 100
147 16 100
147 17 100
147 17 100
147 17 100
147 17 100
147 17 100
147 17 100
147 17 100
148 17 100
148 17 100
148 17 100
148 17 100
148 17 100
148 17 100
148 17 100
148 18 100
148 18 100
148 18 100
148 18 100
148 18 100
148 18 100
148 18 100
149 18 100
149 18 100
149 18 100
149 18 100
149 18 100
149 18 100
149 18 100
149 19 100
149 19 100
149 19 100
149 19 100
149 19 100
149 19 100
149 19 100
150 19 100
150 19 100
150 19 100
150 19 100
150 19 100
150 19 100
150 19 100
150 20 100
150 20 100
150 20 100
151 20 100
151 20 100
151 20 100
151 20 100
151 20 100
151 20 100
152 20 100
152 20 100
152 20 100
152 20 100
152 20 100
152 20 100
153 20 100
153 20 100
153 20 100
153 20 100
153 20 100
154 20 100
154 20 100
154 20 100
154 20 100
154 20 100
155 20 100
155 20 100
155 20 100
155 20 100
156 20 100
156 20 100
156 20 100
156 20 100
157 20 100
157 20 100
157 20 100
158 20 100
158 20 100
159 20 100
159 20 100
161 20 100
162 20 100
163 20 100
164 20 100
165 20 100
166 20 100
167 20 100
168 20 100
169 20 100
171 20 100
172 20 100
173 20 100
174 20 100
175 20 100
176 20 100
177 20 100
178 20 100
179 20 100
180 21 100
180 22 100
180 23 100
180 24 100
180 25 100
180 26 100
180 27 100
180 28 100
180 29 100
143 61 100
143 61 100
144 61 100
144 61 100
144 60 100
144 60 100
145 60 100
145 60 100
146 60 100
147 60 100
148 60 100
149 60 100
150 59 100
150 58 100
150 57 100
150 56 100
150 55 100
150 54 100
150 53 100
150 52 100
150 51 100
151 50 100
152 50 100
153 50 100
154 50 100
155 50 100
156 50 100
157 50 100
158 50 100
159 50 100
161 50 100
162 50 100
163 50 100
164 50 100
165 50 100
166 50 100
167 50 100
168 50 100
169 50 100
171 50 100
171 51 100
36 34 100
35 34 100
35 33 100
34 33 100
34 32 100
33 32 100
33 31 100
32 31 100
32 30 100
31 30 100
29 30 100
28 30 100
27 30 100
26 30 100
25 30 100
24 30 100
23 30 100
22 30 100
21 30 100
19 30 100
18 30 100
17 30 100
16 30 100
15 30 100
14 30 100
13 30 100
12 30 100
11 30 100
9 30 100
8 30 100
7 30 100
6 30 100
5 30 100
4 30 100
3 30 100
2 30 100
1 30 100
1 30 100
