# score 166536
130 70 100
140 70 100
150 70 100
160 70 100
170 70 100
180 70 100
190 70 100
130 80 100
140 80 100
150 80 100
160 80 100
170 80 100
180 80 100
190 80 100
130 90 100
140 90 100
150 90 100
160 90 100
170 90 100
180 90 100
190 90 100
130 100 100
140 100 100
150 100 100
160 100 100
170 100 100
180 100 100
190 100 100
130 110 100
140 110 100
150 110 100
160 110 100
170 110 100
180 110 100
190 110 100
130 120 100
140 120 100
150 120 100
160 120 100
170 120 100
180 120 100
190 120 100
130 130 100
140 130 100
150 130 100
160 130 100
170 130 100
180 130 100
190 130 100
130 140 100
140 140 100
150 140 100
160 140 100
170 140 100
180 140 100
190 140 100
130 150 100
140 150 100
150 150 100
160 150 100
170 150 100
180 150 100
190 150 100
0 150 100
10 150 100
20 150 100
30 150 100
40 150 100
0 160 100
10 160 100
20 160 100
30 160 100
40 160 100
0 170 100
10 170 100
20 170 100
30 170 100
40 170 100
0 180 100
10 180 100
20 180 100
30 180 100
40 180 100
0 190 100
10 190 100
20 190 100
30 190 100
40 190 100
0 10 100
10 10 100
20 10 100
30 10 100
40 10 100
0 20 100
10 20 100
20 20 100
30 20 100
40 20 100
0 30 100
10 30 100
20 30 100
30 30 100
40 30 100
0 40 100
10 40 100
20 40 100
30 40 100
40 40 100
0 50 100
10 50 100
20 50 100
30 50 100
40 50 100
0 60 100
10 60 100
20 60 100
30 60 100
40 60 100
0 70 100
10 70 100
20 70 100
30 70 100
40 70 100
0 80 100
10 80 100
20 80 100
30 80 100
40 80 100
0 90 100
10 90 100
20 90 100
30 90 100
40 90 100
70 80 100
80 80 100
90 80 100
100 80 100
110 80 100
120 80 100
130 80 100
140 80 100
150 80 100
70 90 100
80 90 100
90 90 100
100 90 100
110 90 100
120 90 100
130 90 100
140 90 100
70 100 100
80 100 100
90 100 100
100 100 100
110 100 100
120 100 100
130 100 100
140 100 100
150 100 100
70 110 100
80 110 100
90 110 100
100 110 100
110 110 100
120 110 100
130 110 100
140 110 100
150 110 100
70 120 100
80 120 100
90 120 100
100 120 100
110 120 100
120 120 100
130 120 100
140 120 100
150 120 100
70 130 100
80 130 100
90 130 100
100 130 100
110 130 100
120 130 100
130 130 100
140 130 100
150 130 100
70 140 100
80 140 100
90 140 100
100 140 100
110 140 100
120 140 100
130 140 100
140 140 100
150 140 100
70 150 100
80 150 100
90 150 100
100 150 100
110 150 100
120 150 100
70 160 100
80 160 100
90 160 100
100 160 100
110 160 100
120 160 100
130 160 100
140 160 100
150 160 100
170 150 100
180 150 100
100 160 100
160 160 100
170 160 100
180 160 100
100 170 100
110 170 100
120 170 100
130 170 100
140 170 100
150 170 100
160 170 100
170 170 100
180 170 100
100 180 100
110 180 100
120 180 100
130 180 100
140 180 100
150 180 100
160 180 100
170 180 100
180 180 100
100 190 100
110 190 100
120 190 100
130 190 100
140 190 100
150 190 100
160 190 100
170 190 100
180 190 100
0 100 100
10 100 100
20 100 100
30 100 100
40 100 100
50 100 100
60 100 100
70 100 100
80 100 100
0 110 100
10 110 100
20 110 100
30 110 100
40 110 100
50 110 100
60 110 100
70 110 100
80 110 100
0 120 100
10 120 100
20 120 100
30 120 100
40 120 100
50 120 100
60 120 100
70 120 100
80 120 100
0 130 100
10 130 100
20 130 100
30 130 100
40 130 100
50 130 100
60 130 100
70 130 100
80 130 100
0 140 100
10 140 100
20 140 100
30 140 100
40 140 100
50 140 100
60 140 100
70 140 100
80 140 100
0 150 100
50 150 100
60 150 100
80 150 100
0 160 100
50 160 100
60 160 100
70 160 100
80 160 100
0 170 100
10 170 100
40 170 100
50 170 100
60 170 100
70 170 100
80 170 100
0 180 100
10 180 100
20 180 100
30 180 100
40 180 100
50 180 100
60 180 100
70 180 100
80 180 100
70 110 100
120 110 100
130 110 100
140 110 100
150 110 100
70 120 100
80 120 100
90 120 100
100 120 100
120 120 100
130 120 100
140 120 100
150 120 100
70 130 100
80 130 100
90 130 100
100 130 100
110 130 100
120 130 100
130 130 100
140 130 100
150 130 100
70 140 100
80 140 100
90 140 100
110 140 100
120 140 100
130 140 100
140 140 100
80 150 100
90 150 100
70 160 100
80 160 100
90 160 100
100 160 100
70 170 100
80 170 100
90 170 100
100 170 100
110 170 100
150 170 100
70 180 100
80 180 100
90 180 100
100 180 100
110 180 100
120 180 100
150 180 100
70 190 100
80 190 100
90 190 100
100 190 100
110 190 100
120 190 100
130 190 100
150 190 100
0 140 100
40 140 100
50 140 100
60 140 100
0 170 100
50 170 100
60 170 100
70 170 100
0 180 100
10 180 100
40 180 100
50 180 100
60 180 100
0 190 100
10 190 100
20 190 100
30 190 100
40 190 100
50 190 100
60 190 100
70 190 100
20 0 100
30 0 100
40 0 100
50 0 100
60 0 100
70 0 100
80 0 100
90 0 100
100 0 100
20 10 100
30 10 100
40 10 100
50 10 100
60 10 100
70 10 100
80 10 100
90 10 100
100 10 100
20 20 100
30 20 100
40 20 100
50 20 100
60 20 100
70 20 100
80 20 100
90 20 100
100 20 100
20 30 100
30 30 100
40 30 100
50 30 100
60 30 100
70 30 100
80 30 100
90 30 100
100 30 100
20 40 100
30 40 100
40 40 100
50 40 100
60 40 100
70 40 100
80 40 100
90 40 100
100 40 100
30 50 100
40 50 100
50 50 100
60 50 100
70 50 100
80 50 100
90 50 100
100 50 100
30 60 100
40 60 100
50 60 100
60 60 100
70 60 100
80 60 100
90 60 100
100 60 100
20 70 100
30 70 100
40 70 100
50 70 100
60 70 100
70 70 100
80 70 100
90 70 100
100 70 100
130 40 100
140 40 100
150 40 100
160 40 100
170 40 100
180 40 100
190 40 100
130 50 100
140 50 100
150 50 100
160 50 100
170 50 100
180 50 100
190 50 100
130 60 100
140 60 100
150 60 100
160 60 100
170 60 100
180 60 100
190 60 100
130 70 100
140 70 100
150 70 100
160 70 100
170 70 100
180 70 100
130 80 100
140 80 100
150 80 100
160 80 100
170 80 100
180 80 100
190 80 100
130 90 100
140 90 100
180 90 100
190 90 100
130 100 100
140 100 100
150 100 100
180 100 100
190 100 100
130 110 100
140 110 100
150 110 100
160 110 100
190 110 100
130 120 100
140 120 100
150 120 100
160 120 100
120 120 100
130 120 100
140 120 100
150 120 100
160 120 100
100 130 100
110 130 100
120 130 100
130 130 100
140 130 100
150 130 100
160 130 100
170 130 100
120 140 100
130 140 100
140 140 100
170 140 100
180 140 100
170 150 100
180 150 100
100 160 100
160 160 100
170 160 100
180 160 100
100 170 100
110 170 100
150 170 100
160 170 100
170 170 100
180 170 100
100 180 100
110 180 100
120 180 100
150 180 100
160 180 100
170 180 100
180 180 100
100 190 100
110 190 100
120 190 100
150 190 100
160 190 100
170 190 100
180 190 100
30 50 100
40 50 100
0 60 100
30 60 100
40 60 100
0 70 100
10 70 100
20 70 100
30 70 100
40 70 100
50 70 100
0 80 100
10 80 100
30 80 100
40 80 100
50 80 100
60 80 100
0 90 100
10 90 100
50 90 100
60 90 100
0 100 100
10 100 100
40 100 100
50 100 100
60 100 100
0 110 100
10 110 100
20 110 100
30 110 100
40 110 100
50 110 100
60 110 100
0 120 100
10 120 100
20 120 100
30 120 100
40 120 100
50 120 100
60 120 100
0 130 100
10 130 100
20 130 100
30 130 100
40 130 100
50 130 100
60 130 100
0 110 100
10 110 100
30 110 100
40 110 100
50 110 100
0 120 100
10 120 100
20 120 100
30 120 100
40 120 100
50 120 100
0 130 100
10 130 100
30 130 100
40 130 100
50 130 100
0 140 100
50 140 100
0 170 100
50 170 100
0 180 100
10 180 100
40 180 100
50 180 100
0 190 100
10 190 100
20 190 100
30 190 100
40 190 100
50 190 100
112 121 100
112 121 100
111 121 100
111 121 100
111 120 100
111 120 100
110 119 100
110 118 100
110 117 100
110 116 100
110 115 100
110 114 100
110 113 100
110 112 100
110 111 100
109 110 100
108 110 100
107 110 100
106 110 100
105 110 100
104 110 100
103 110 100
102 110 100
101 110 100
99 110 100
98 110 100
97 110 100
96 110 100
95 110 100
94 110 100
93 110 100
92 110 100
91 110 100
89 110 100
88 110 100
87 110 100
86 110 100
85 110 100
84 110 100
83 110 100
82 110 100
81 110 100
80 111 100
80 112 100
80 113 100
80 114 100
80 115 100
80 116 100
80 117 100
80 117 100
80 118 100
80 118 100
80 119 100
80 119 100
80 119 100
80 121 100
80 121 100
80 121 100
80 121 100
80 122 100
80 122 100
80 122 100
80 122 100
80 122 100
80 122 100
80 123 100
80 123 100
80 123 100
80 123 100
80 123 100
80 123 100
80 123 100
80 124 100
80 124 100
80 124 100
80 124 100
80 124 100
80 124 100
80 124 100
80 124 100
80 125 100
80 125 100
80 125 100
80 125 100
80 125 100
80 125 100
80 125 100
80 125 100
80 125 100
80 126 100
80 126 100
80 126 100
80 126 100
80 126 100
80 126 100
80 126 100
80 126 100
80 126 100
80 126 100
80 127 100
80 127 100
80 127 100
80 127 100
80 127 100
80 127 100
80 127 100
80 127 100
80 127 100
80 127 100
80 128 100
80 128 100
80 128 100
80 128 100
80 128 100
80 128 100
80 128 100
80 128 100
80 128 100
80 128 100
80 129 100
80 129 100
80 129 100
80 129 100
80 129 100
80 129 100
80 129 100
80 129 100
80 129 100
80 130 100
80 130 100
80 130 100
80 130 100
80 130 100
80 130 100
80 131 100
80 131 100
80 131 100
80 131 100
80 131 100
80 131 100
80 131 100
80 131 100
80 132 100
80 132 100
80 132 100
80 132 100
80 132 100
80 132 100
80 132 100
80 133 100
80 133 100
80 133 100
80 133 100
80 133 100
80 133 100
80 134 100
80 134 100
80 134 100
80 134 100
80 134 100
80 134 100
80 135 100
80 135 100
80 135 100
80 135 100
80 135 100
80 136 100
80 136 100
80 136 100
80 136 100
80 136 100
80 137 100
80 137 100
80 137 100
80 137 100
80 137 100
80 138 100
80 138 100
80 138 100
80 138 100
80 139 100
80 139 100
80 139 100
80 139 100
79 140 100
79 140 100
79 140 100
78 140 100
78 140 100
78 140 100
77 140 100
77 140 100
76 140 100
76 140 100
75 140 100
75 140 100
74 140 100
74 140 100
73 140 100
73 140 100
72 140 100
72 140 100
72 140 100
71 140 100
71 140 100
71 140 100
70 141 100
70 141 100
70 142 100
70 142 100
70 143 100
70 143 100
70 144 100
70 145 100
70 146 100
70 147 100
70 148 100
70 149 100
69 150 100
68 150 100
67 150 100
66 150 100
65 150 100
64 150 100
63 150 100
62 150 100
61 150 100
59 150 100
58 150 100
57 150 100
56 150 100
55 150 100
54 150 100
53 150 100
52 150 100
51 150 100
49 150 100
48 150 100
47 150 100
46 150 100
45 150 100
44 150 100
43 150 100
42 150 100
41 150 100
39 150 100
38 150 100
37 150 100
36 150 100
35 150 100
34 150 100
33 150 100
32 150 100
31 150 100
29 150 100
28 150 100
27 150 100
26 150 100
25 150 100
24 150 100
23 150 100
22 150 100
21 150 100
19 150 100
18 150 100
17 150 100
16 150 100
15 150 100
14 150 100
13 150 100
12 150 100
11 150 100
10 151 100
10 152 100
10 153 100
10 154 100
10 155 100
10 156 100
10 157 100
10 158 100
10 159 100
10 161 100
10 162 100
10 163 100
10 164 100
10 165 100
10 166 100
10 167 100
10 168 100
10 168 100
10 169 100
10 169 100
10 171 100
10 171 100
10 171 100
10 172 100
10 172 100
10 172 100
10 173 100
10 173 100
10 173 100
10 174 100
10 174 100
10 174 100
10 175 100
10 175 100
10 175 100
10 175 100
10 176 100
10 176 100
10 176 100
10 176 100
10 177 100
10 177 100
10 177 100
10 177 100
10 178 100
10 178 100
10 178 100
10 178 100
10 178 100
10 179 100
10 179 100
10 179 100
10 179 100
10 179 100
10 180 100
10 180 100
10 181 100
10 181 100
10 181 100
10 181 100
10 181 100
10 181 100
10 182 100
10 182 100
10 182 100
10 182 100
10 182 100
10 182 100
10 182 100
10 183 100
10 183 100
10 183 100
10 183 100
10 183 100
10 183 100
10 183 100
10 184 100
10 184 100
10 184 100
10 184 100
10 184 100
10 184 100
10 184 100
10 185 100
10 185 100
10 185 100
10 185 100
10 185 100
10 185 100
10 185 100
10 186 100
10 186 100
10 186 100
10 186 100
10 186 100
10 186 100
10 187 100
10 187 100
10 187 100
10 187 100
10 187 100
10 188 100
10 188 100
10 188 100
10 188 100
10 189 100
10 189 100
10 189 100
10 189 100
9 190 100
9 190 100
9 190 100
8 190 100
8 190 100
8 190 100
7 190 100
7 190 100
7 190 100
144 198 100
143 198 100
143 197 100
142 197 100
142 196 100
141 196 100
141 195 100
140 195 100
140 194 100
140 193 100
140 192 100
140 191 100
140 189 100
140 188 100
140 187 100
140 186 100
140 185 100
140 184 100
140 183 100
140 182 100
140 181 100
140 179 100
140 178 100
140 177 100
140 176 100
140 175 100
140 174 100
140 173 100
140 172 100
140 171 100
141 170 100
141 169 100
141 168 100
141 167 100
140 167 100
140 166 100
140 165 100
140 164 100
140 163 100
140 162 100
140 161 100
139 160 100
138 160 100
137 160 100
136 160 100
135 160 100
134 160 100
133 160 100
132 160 100
131 160 100
129 160 100
128 160 100
127 160 100
126 160 100
125 160 100
124 160 100
123 160 100
122 160 100
121 160 100
119 160 100
119 159 100
119 158 100
119 157 100
119 156 100
119 155 100
120 155 100
120 154 100
120 153 100
120 152 100
120 151 100
119 150 100
118 150 100
117 150 100
116 150 100
115 150 100
114 150 100
113 150 100
112 150 100
111 150 100
110 149 100
110 148 100
110 147 100
110 146 100
110 145 100
110 144 100
110 143 100
110 142 100
110 141 100
110 139 100
110 139 100
110 138 100
110 138 100
110 138 100
110 137 100
110 137 100
110 137 100
110 137 100
110 136 100
110 136 100
110 136 100
110 136 100
110 136 100
110 135 100
110 135 100
110 135 100
110 135 100
110 135 100
110 135 100
110 134 100
110 134 100
110 134 100
110 134 100
110 134 100
110 134 100
110 134 100
110 133 100
110 133 100
110 133 100
110 133 100
110 133 100
110 133 100
110 133 100
110 133 100
110 132 100
110 132 100
110 132 100
110 132 100
110 132 100
110 132 100
110 132 100
110 132 100
110 132 100
110 131 100
110 131 100
110 131 100
110 131 100
110 131 100
110 131 100
110 131 100
110 131 100
110 131 100
110 130 100
110 130 100
110 130 100
110 130 100
110 130 100
110 130 100
110 129 100
110 129 100
110 129 100
110 129 100
110 129 100
110 129 100
110 129 100
110 128 100
110 128 100
110 128 100
110 128 100
110 128 100
110 128 100
110 127 100
110 127 100
110 127 100
110 127 100
110 127 100
110 126 100
110 126 100
110 126 100
110 126 100
110 125 100
110 125 100
110 125 100
110 124 100
110 124 100
110 123 100
110 123 100
110 122 100
110 122 100
110 121 100
110 121 100
44 143 100
43 143 100
43 142 100
42 142 100
42 141 100
42 141 100
41 141 100
41 140 100
41 140 100
40 141 100
40 142 100
40 143 100
40 144 100
40 145 100
40 146 100
40 147 100
40 148 100
40 149 100
32 184 100
32 184 100
32 184 100
32 184 100
31 184 100
31 184 100
31 184 100
31 183 100
31 183 100
31 183 100
30 183 100
30 183 100
30 183 100
30 182 100
30 182 100
30 181 100
30 181 100
30 179 100
30 179 100
30 178 100
30 177 100
30 176 100
30 175 100
30 174 100
30 173 100
30 172 100
30 171 100
29 170 100
28 170 100
27 170 100
26 170 100
25 170 100
24 170 100
23 170 100
22 170 100
21 170 100
19 170 100
18 170 100
17 170 100
16 170 100
15 170 100
14 170 100
14 170 100
13 170 100
13 170 100
12 170 100
12 170 100
11 170 100
11 170 100
68 31 100
67 31 100
67 30 100
66 30 100
65 30 100
64 30 100
63 30 100
62 30 100
61 30 100
60 31 100
60 32 100
60 33 100
60 34 100
60 35 100
60 36 100
60 37 100
60 38 100
60 39 100
60 41 100
60 42 100
60 43 100
60 44 100
60 45 100
60 46 100
60 47 100
60 48 100
60 49 100
59 50 100
58 50 100
57 50 100
56 50 100
55 50 100
54 50 100
53 50 100
52 50 100
51 50 100
50 51 100
50 52 100
50 53 100
50 54 100
50 55 100
50 56 100
50 57 100
50 58 100
50 59 100
49 60 100
48 60 100
47 60 100
46 60 100
45 60 100
44 60 100
43 60 100
42 60 100
42 60 100
41 60 100
41 60 100
39 60 100
39 60 100
39 60 100
39 60 100
38 60 100
38 60 100
38 60 100
38 60 100
37 60 100
37 60 100
37 60 100
37 60 100
37 60 100
36 60 100
36 60 100
36 60 100
36 60 100
36 60 100
36 60 100
35 60 100
35 60 100
35 60 100
35 60 100
35 60 100
35 60 100
35 60 100
34 60 100
34 60 100
34 60 100
34 60 100
34 60 100
34 60 100
34 60 100
33 60 100
33 60 100
33 60 100
33 60 100
33 60 100
33 60 100
33 60 100
32 60 100
32 60 100
32 60 100
32 60 100
32 60 100
32 60 100
32 60 100
31 60 100
31 60 100
31 60 100
31 60 100
31 60 100
31 60 100
30 60 100
30 60 100
29 60 100
29 60 100
29 60 100
29 60 100
28 60 100
28 60 100
28 60 100
27 60 100
27 60 100
27 60 100
26 60 100
26 60 100
25 60 100
25 60 100
24 60 100
23 60 100
22 60 100
21 60 100
19 60 100
18 60 100
17 60 100
16 60 100
15 60 100
14 60 100
13 60 100
12 60 100
11 60 100
9 60 100
9 59 100
8 59 100
8 58 100
7 58 100
7 57 100
6 57 100
6 56 100
5 56 100
5 55 100
177 89 100
177 89 100
177 89 100
176 89 100
176 89 100
176 89 100
176 90 100
176 90 100
175 90 100
175 90 100
174 90 100
174 90 100
173 90 100
173 90 100
172 90 100
172 90 100
171 90 100
171 90 100
170 91 100
170 92 100
170 93 100
170 94 100
170 95 100
170 96 100
170 97 100
170 98 100
170 99 100
170 101 100
170 102 100
170 103 100
170 104 100
170 105 100
170 106 100
170 107 100
170 108 100
170 109 100
171 110 100
171 111 100
172 111 100
172 112 100
173 112 100
173 113 100
173 114 100
173 115 100
173 116 100
27 98 100
26 98 100
26 99 100
25 99 100
25 100 100
24 100 100
23 100 100
22 100 100
21 100 100
20 99 100
20 98 100
20 97 100
20 96 100
20 95 100
20 94 100
20 93 100
20 92 100
20 91 100
20 89 100
20 88 100
20 87 100
20 86 100
20 85 100
20 84 100
20 83 100
20 82 100
20 81 100
20 79 100
20 79 100
20 78 100
20 78 100
20 77 100
20 77 100
20 76 100
20 76 100
20 76 100
20 75 100
20 75 100
20 75 100
20 74 100
20 74 100
20 74 100
20 74 100
20 73 100
20 73 100
20 73 100
20 73 100
20 73 100
20 72 100
20 72 100
20 72 100
20 72 100
20 72 100
20 71 100
20 71 100
20 71 100
20 71 100
20 71 100
20 70 100
20 70 100
20 69 100
20 69 100
20 69 100
20 69 100
20 68 100
20 68 100
20 68 100
20 68 100
20 67 100
20 67 100
20 67 100
20 66 100
20 66 100
20 65 100
20 65 100
20 64 100
20 63 100
20 62 100
20 61 100
