# score 84780
150 120 100
160 120 100
170 120 100
180 120 100
190 120 100
150 130 100
160 130 100
170 130 100
180 130 100
190 130 100
150 140 100
160 140 100
170 140 100
180 140 100
190 140 100
150 150 100
160 150 100
170 150 100
180 150 100
190 150 100
150 160 100
160 160 100
170 160 100
180 160 100
190 160 100
150 170 100
160 170 100
170 170 100
180 170 100
190 170 100
150 180 100
160 180 100
170 180 100
180 180 100
190 180 100
150 190 100
160 190 100
170 190 100
180 190 100
190 190 100
0 140 100
10 140 100
20 140 100
30 140 100
40 140 100
0 150 100
10 150 100
20 150 100
30 150 100
40 150 100
0 160 100
10 160 100
20 160 100
30 160 100
40 160 100
0 170 100
10 170 100
20 170 100
30 170 100
40 170 100
0 180 100
10 180 100
20 180 100
30 180 100
40 180 100
0 190 100
10 190 100
20 190 100
30 190 100
40 190 100
0 10 100
10 10 100
20 10 100
30 10 100
40 10 100
0 20 100
10 20 100
20 20 100
30 20 100
40 20 100
0 30 100
10 30 100
20 30 100
30 30 100
40 30 100
0 40 100
10 40 100
20 40 100
30 40 100
40 40 100
0 50 100
10 50 100
20 50 100
30 50 100
40 50 100
0 60 100
10 60 100
20 60 100
30 60 100
40 60 100
0 70 100
10 70 100
20 70 100
30 70 100
40 70 100
0 80 100
10 80 100
20 80 100
30 80 100
40 80 100
0 90 100
10 90 100
20 90 100
30 90 100
40 90 100
40 110 100
50 110 100
60 110 100
70 110 100
80 110 100
90 110 100
100 110 100
110 110 100
120 110 100
40 120 100
50 120 100
60 120 100
70 120 100
80 120 100
90 120 100
100 120 100
110 120 100
120 120 100
40 130 100
50 130 100
60 130 100
70 130 100
80 130 100
90 130 100
100 130 100
110 130 100
120 130 100
50 140 100
60 140 100
70 140 100
80 140 100
90 140 100
100 140 100
110 140 100
120 140 100
50 150 100
60 150 100
70 150 100
80 150 100
90 150 100
100 150 100
110 150 100
120 150 100
50 160 100
60 160 100
70 160 100
80 160 100
90 160 100
100 160 100
110 160 100
120 160 100
40 170 100
50 170 100
60 170 100
70 170 100
80 170 100
90 170 100
100 170 100
110 170 100
120 170 100
50 180 100
60 180 100
70 180 100
80 180 100
90 180 100
100 180 100
110 180 100
120 180 100
40 190 100
50 190 100
60 190 100
70 190 100
80 190 100
90 190 100
100 190 100
110 190 100
120 190 100
3 182 100
4 182 100
4 181 100
5 181 100
5 180 100
6 180 100
7 180 100
8 180 100
9 180 100
11 180 100
12 180 100
13 180 100
14 180 100
15 180 100
16 180 100
17 180 100
18 180 100
19 180 100
20 180 100
21 180 100
21 180 100
22 180 100
22 180 100
22 180 100
23 180 100
23 180 100
23 180 100
23 180 100
24 180 100
24 180 100
24 180 100
24 180 100
25 180 100
25 180 100
25 180 100
25 180 100
25 180 100
26 180 100
26 180 100
26 180 100
26 180 100
26 180 100
27 180 100
27 180 100
27 180 100
27 180 100
27 180 100
28 180 100
28 180 100
28 180 100
28 180 100
28 180 100
29 180 100
29 180 100
29 180 100
29 180 100
30 180 100
30 180 100
31 180 100
31 180 100
32 180 100
32 180 100
33 180 100
33 180 100
34 180 100
34 180 100
35 180 100
36 180 100
37 180 100
38 180 100
39 180 100
41 180 100
42 180 100
43 180 100
44 180 100
45 180 100
46 180 100
47 180 100
48 180 100
49 180 100
51 180 100
52 180 100
53 180 100
54 180 100
55 180 100
56 180 100
57 180 100
58 180 100
59 180 100
61 180 100
62 180 100
63 180 100
64 180 100
65 180 100
66 180 100
67 180 100
68 180 100
69 180 100
71 180 100
72 180 100
73 180 100
74 180 100
75 180 100
76 180 100
77 180 100
78 180 100
79 180 100
81 180 100
82 180 100
83 180 100
84 180 100
85 180 100
86 180 100
87 180 100
88 180 100
89 180 100
90 179 100
90 178 100
90 177 100
90 176 100
90 175 100
90 174 100
90 173 100
90 172 100
90 171 100
90 169 100
90 168 100
90 167 100
90 166 100
90 165 100
90 164 100
90 163 100
90 162 100
90 161 100
91 160 100
92 160 100
93 160 100
94 160 100
95 160 100
96 160 100
97 160 100
98 160 100
99 160 100
100 159 100
100 158 100
100 157 100
100 156 100
100 155 100
100 154 100
100 153 100
100 152 100
100 151 100
101 150 100
102 150 100
103 150 100
104 150 100
105 150 100
106 150 100
107 150 100
108 150 100
109 150 100
111 150 100
112 150 100
112 150 100
113 150 100
113 150 100
114 150 100
114 150 100
114 150 100
114 150 100
115 150 100
115 150 100
115 150 100
115 150 100
115 150 100
115 150 100
116 150 100
116 150 100
116 150 100
116 150 100
116 150 100
116 150 100
116 150 100
116 150 100
117 150 100
117 150 100
117 150 100
117 150 100
117 150 100
117 150 100
117 150 100
117 150 100
117 150 100
117 150 100
118 150 100
118 150 100
118 150 100
118 150 100
118 150 100
118 150 100
118 150 100
118 150 100
118 150 100
118 150 100
118 150 100
119 150 100
119 150 100
119 150 100
119 150 100
119 150 100
119 150 100
119 150 100
119 150 100
119 150 100
119 150 100
119 150 100
120 150 100
120 150 100
120 150 100
120 150 100
120 150 100
120 150 100
120 150 100
120 150 100
120 150 100
120 150 100
121 150 100
121 150 100
121 150 100
121 150 100
121 150 100
121 150 100
121 150 100
121 150 100
121 150 100
121 150 100
121 150 100
122 150 100
122 150 100
122 150 100
122 150 100
122 150 100
122 150 100
122 150 100
122 150 100
122 150 100
122 150 100
123 150 100
123 150 100
123 150 100
123 150 100
123 150 100
123 150 100
123 150 100
123 150 100
123 150 100
124 150 100
124 150 100
124 150 100
124 150 100
124 150 100
124 150 100
124 150 100
124 150 100
124 150 100
125 150 100
125 150 100
125 150 100
125 150 100
125 150 100
125 150 100
125 150 100
125 150 100
126 150 100
126 150 100
126 150 100
126 150 100
126 150 100
126 150 100
126 150 100
127 150 100
127 150 100
127 150 100
127 150 100
127 150 100
127 150 100
128 150 100
128 150 100
128 150 100
128 150 100
129 150 100
129 150 100
129 150 100
130 150 100
130 150 100
131 150 100
131 150 100
132 150 100
133 150 100
134 150 100
135 150 100
136 150 100
137 150 100
138 150 100
139 150 100
140 150 100
141 150 100
142 150 100
143 150 100
144 150 100
145 150 100
146 150 100
147 150 100
148 150 100
149 150 100
151 150 100
152 150 100
153 150 100
154 150 100
155 150 100
156 150 100
157 150 100
158 150 100
159 150 100
160 151 100
160 152 100
160 153 100
160 154 100
160 155 100
160 156 100
160 157 100
160 158 100
160 159 100
161 160 100
162 160 100
163 160 100
164 160 100
165 160 100
166 160 100
167 160 100
168 160 100
169 160 100
170 161 100
170 162 100
170 163 100
170 164 100
170 165 100
170 166 100
170 167 100
170 168 100
170 169 100
171 170 100
172 170 100
173 170 100
174 170 100
175 170 100
176 170 100
177 170 100
178 170 100
179 170 100
181 170 100
182 170 100
183 170 100
184 170 100
185 170 100
186 170 100
187 170 100
188 170 100
189 170 100
191 170 100
191 169 100
192 169 100
192 168 100
193 168 100
193 167 100
194 167 100
194 166 100
195 166 100
195 165 100
196 165 100
197 165 100
198 165 100
199 165 100
2 53 100
1 53 100
1 54 100
0 54 100
0 55 100
0 56 100
0 57 100
0 58 100
0 59 100
1 60 100
2 60 100
3 60 100
4 60 100
5 60 100
6 60 100
7 60 100
8 60 100
9 60 100
11 60 100
12 60 100
13 60 100
14 60 100
15 60 100
16 60 100
17 60 100
18 60 100
19 60 100
21 60 100
22 60 100
23 60 100
24 60 100
25 60 100
26 60 100
27 60 100
28 60 100
29 60 100
31 60 100
32 60 100
33 60 100
34 60 100
35 60 100
36 60 100
37 60 100
38 60 100
39 60 100
40 61 100
40 62 100
40 63 100
40 64 100
40 65 100
40 66 100
40 67 100
40 68 100
40 69 100
40 69 100
40 70 100
40 71 100
40 71 100
40 71 100
40 72 100
40 72 100
40 72 100
40 73 100
40 73 100
40 74 100
40 74 100
40 75 100
40 75 100
40 76 100
40 77 100
40 78 100
40 79 100
40 81 100
40 82 100
40 83 100
40 84 100
40 85 100
40 86 100
40 87 100
40 88 100
40 89 100
40 91 100
40 92 100
40 93 100
40 94 100
40 95 100
40 96 100
40 97 100
40 98 100
40 99 100
40 100 100
40 101 100
40 102 100
40 103 100
40 104 100
40 105 100
40 106 100
40 107 100
40 108 100
40 109 100
40 111 100
40 112 100
40 113 100
40 114 100
40 115 100
40 116 100
40 117 100
40 118 100
40 119 100
40 121 100
40 122 100
40 123 100
40 124 100
40 125 100
40 126 100
40 127 100
40 128 100
40 129 100
40 131 100
40 132 100
40 133 100
40 134 100
40 135 100
40 136 100
40 137 100
40 138 100
40 139 100
40 141 100
40 142 100
40 143 100
40 144 100
40 145 100
40 146 100
40 147 100
40 148 100
40 149 100
40 151 100
40 152 100
40 153 100
40 154 100
40 155 100
40 156 100
40 157 100
40 158 100
40 159 100
40 161 100
40 162 100
40 163 100
40 163 100
40 164 100
40 164 100
40 165 100
40 165 100
40 165 100
40 166 100
40 166 100
40 166 100
40 166 100
40 167 100
40 167 100
40 167 100
40 167 100
40 167 100
40 168 100
40 168 100
40 168 100
40 168 100
40 168 100
40 169 100
40 169 100
40 169 100
40 169 100
40 169 100
40 170 100
40 170 100
40 171 100
40 171 100
40 171 100
40 172 100
40 172 100
40 172 100
40 173 100
40 173 100
40 174 100
40 174 100
40 175 100
40 175 100
40 176 100
40 177 100
40 178 100
40 179 100
84 154 100
85 154 100
85 153 100
86 153 100
86 152 100
87 152 100
87 151 100
88 151 100
88 150 100
89 150 100
91 150 100
92 150 100
93 150 100
94 150 100
95 150 100
96 150 100
97 150 100
98 150 100
99 150 100
