# score 99528
100 10 100
110 10 100
120 10 100
130 10 100
140 10 100
150 10 100
160 10 100
170 10 100
180 10 100
100 20 100
110 20 100
120 20 100
130 20 100
140 20 100
150 20 100
160 20 100
170 20 100
180 20 100
100 30 100
110 30 100
120 30 100
130 30 100
140 30 100
150 30 100
160 30 100
170 30 100
180 30 100
100 40 100
110 40 100
120 40 100
130 40 100
140 40 100
150 40 100
160 40 100
170 40 100
180 40 100
100 50 100
110 50 100
120 50 100
130 50 100
140 50 100
150 50 100
160 50 100
170 50 100
180 50 100
100 60 100
110 60 100
120 60 100
130 60 100
140 60 100
150 60 100
160 60 100
170 60 100
180 60 100
100 70 100
110 70 100
120 70 100
130 70 100
140 70 100
150 70 100
160 70 100
170 70 100
180 70 100
100 80 100
110 80 100
120 80 100
130 80 100
140 80 100
150 80 100
160 80 100
170 80 100
180 80 100
100 90 100
110 90 100
120 90 100
130 90 100
140 90 100
150 90 100
160 90 100
170 90 100
180 90 100
40 20 100
50 20 100
60 20 100
70 20 100
80 20 100
90 20 100
100 20 100
110 20 100
120 20 100
40 30 100
50 30 100
60 30 100
70 30 100
80 30 100
90 30 100
100 30 100
110 30 100
120 30 100
40 40 100
50 40 100
60 40 100
70 40 100
80 40 100
90 40 100
40 50 100
50 50 100
60 50 100
70 50 100
80 50 100
90 50 100
40 60 100
50 60 100
60 60 100
70 60 100
80 60 100
90 60 100
40 70 100
50 70 100
60 70 100
70 70 100
80 70 100
90 70 100
110 70 100
40 80 100
50 80 100
60 80 100
70 80 100
80 80 100
90 80 100
100 80 100
110 80 100
120 80 100
40 90 100
50 90 100
60 90 100
70 90 100
80 90 100
90 90 100
100 90 100
110 90 100
120 90 100
40 100 100
50 100 100
60 100 100
70 100 100
80 100 100
90 100 100
100 100 100
110 100 100
120 100 100
160 20 100
190 20 100
140 30 100
150 30 100
160 30 100
170 30 100
190 30 100
150 40 100
160 40 100
170 40 100
180 40 100
190 40 100
150 50 100
160 50 100
170 50 100
190 50 100
160 60 100
190 60 100
150 70 100
160 70 100
190 70 100
150 80 100
160 80 100
170 80 100
180 80 100
190 80 100
140 90 100
150 90 100
160 90 100
170 90 100
180 90 100
190 90 100
140 100 100
150 100 100
160 100 100
170 100 100
180 100 100
190 100 100
140 100 100
150 100 100
160 100 100
170 100 100
180 100 100
190 100 100
140 110 100
150 110 100
160 110 100
170 110 100
180 110 100
190 110 100
140 120 100
150 120 100
160 120 100
170 120 100
180 120 100
190 120 100
140 130 100
150 130 100
160 130 100
170 130 100
180 130 100
190 130 100
140 140 100
150 140 100
160 140 100
170 140 100
180 140 100
190 140 100
140 150 100
150 150 100
160 150 100
170 150 100
180 150 100
190 150 100
140 160 100
150 160 100
160 160 100
170 160 100
180 160 100
190 160 100
140 170 100
150 170 100
160 170 100
170 170 100
180 170 100
190 170 100
140 180 100
150 180 100
160 180 100
170 180 100
180 180 100
190 180 100
0 60 100
10 60 100
20 60 100
30 60 100
40 60 100
0 70 100
10 70 100
20 70 100
30 70 100
40 70 100
0 80 100
10 80 100
20 80 100
30 80 100
40 80 100
0 90 100
10 90 100
20 90 100
30 90 100
40 90 100
0 100 100
10 100 100
20 100 100
30 100 100
40 100 100
0 110 100
10 110 100
20 110 100
30 110 100
40 110 100
0 120 100
10 120 100
20 120 100
30 120 100
40 120 100
0 130 100
10 130 100
20 130 100
30 130 100
40 130 100
0 140 100
10 140 100
20 140 100
30 140 100
40 140 100
40 130 100
50 130 100
60 130 100
70 130 100
80 130 100
90 130 100
100 130 100
110 130 100
120 130 100
40 140 100
50 140 100
60 140 100
70 140 100
80 140 100
90 140 100
100 140 100
110 140 100
120 140 100
40 150 100
50 150 100
60 150 100
70 150 100
80 150 100
90 150 100
100 150 100
110 150 100
120 150 100
40 160 100
50 160 100
60 160 100
70 160 100
80 160 100
90 160 100
100 160 100
110 160 100
120 160 100
40 170 100
50 170 100
60 170 100
70 170 100
80 170 100
90 170 100
100 170 100
110 170 100
120 170 100
40 180 100
50 180 100
60 180 100
70 180 100
80 180 100
90 180 100
100 180 100
110 180 100
120 180 100
40 190 100
50 190 100
60 190 100
70 190 100
80 190 100
90 190 100
100 190 100
110 190 100
120 190 100
80 100 100
90 100 100
100 100 100
110 100 100
120 100 100
130 100 100
140 100 100
150 100 100
160 100 100
80 110 100
90 110 100
100 110 100
110 110 100
120 110 100
130 110 100
140 110 100
150 110 100
160 110 100
80 120 100
90 120 100
100 120 100
110 120 100
120 120 100
130 120 100
140 120 100
150 120 100
160 120 100
80 130 100
90 130 100
100 130 100
110 130 100
120 130 100
130 130 100
150 130 100
160 130 100
90 140 100
100 140 100
130 140 100
130 150 100
130 160 100
140 160 100
130 170 100
140 170 100
150 170 100
160 170 100
120 180 100
130 180 100
140 180 100
150 180 100
160 180 100
30 80 100
40 80 100
50 80 100
60 80 100
70 80 100
90 80 100
100 80 100
110 80 100
30 90 100
40 90 100
50 90 100
60 90 100
70 90 100
80 90 100
90 90 100
100 90 100
110 90 100
40 100 100
50 100 100
60 100 100
70 100 100
80 100 100
90 100 100
100 100 100
110 100 100
40 110 100
50 110 100
60 110 100
70 110 100
80 110 100
90 110 100
100 110 100
110 110 100
30 120 100
40 120 100
50 120 100
60 120 100
70 120 100
80 120 100
90 120 100
100 120 100
110 120 100
30 130 100
40 130 100
70 130 100
80 130 100
90 130 100
100 130 100
110 130 100
30 140 100
40 140 100
90 140 100
100 140 100
30 150 100
40 150 100
30 160 100
40 160 100
50 160 100
0 102 100
0 103 100
0 104 100
0 105 100
0 106 100
0 107 100
0 108 100
0 109 100
1 110 100
2 110 100
3 110 100
4 110 100
5 110 100
6 110 100
7 110 100
8 110 100
9 110 100
11 110 100
12 110 100
13 110 100
14 110 100
15 110 100
16 110 100
17 110 100
18 110 100
19 110 100
21 110 100
22 110 100
23 110 100
24 110 100
25 110 100
26 110 100
27 110 100
28 110 100
29 110 100
30 111 100
30 112 100
30 113 100
30 114 100
30 115 100
30 116 100
30 117 100
30 118 100
30 119 100
30 119 100
31 120 100
31 120 100
32 120 100
32 120 100
33 120 100
33 120 100
34 120 100
34 120 100
35 120 100
35 120 100
36 120 100
36 120 100
37 120 100
37 120 100
38 120 100
38 120 100
39 120 100
39 120 100
41 120 100
41 120 100
42 120 100
43 120 100
44 120 100
45 120 100
46 120 100
47 120 100
48 120 100
49 120 100
50 121 100
50 122 100
50 123 100
50 124 100
50 125 100
50 126 100
50 127 100
50 128 100
50 129 100
51 130 100
52 130 100
53 130 100
54 130 100
55 130 100
56 130 100
57 130 100
58 130 100
59 130 100
61 130 100
62 130 100
62 130 100
63 130 100
63 130 100
64 130 100
64 130 100
65 130 100
65 130 100
66 130 100
66 130 100
67 130 100
67 130 100
68 130 100
68 130 100
69 130 100
69 130 100
70 131 100
70 131 100
70 132 100
70 132 100
70 133 100
70 133 100
70 134 100
70 134 100
70 135 100
70 135 100
70 136 100
70 137 100
70 138 100
70 139 100
71 140 100
72 140 100
73 140 100
74 140 100
75 140 100
76 140 100
77 140 100
78 140 100
79 140 100
81 140 100
82 140 100
83 140 100
84 140 100
85 140 100
86 140 100
87 140 100
87 140 100
88 140 100
88 140 100
89 140 100
89 140 100
89 140 100
90 141 100
90 141 100
90 142 100
90 143 100
90 144 100
90 145 100
90 146 100
90 147 100
90 148 100
90 149 100
91 150 100
92 150 100
93 150 100
94 150 100
95 150 100
96 150 100
97 150 100
98 150 100
99 150 100
101 150 100
102 150 100
103 150 100
104 150 100
105 150 100
106 150 100
107 150 100
108 150 100
109 150 100
111 150 100
112 150 100
113 150 100
114 150 100
115 150 100
116 150 100
117 150 100
118 150 100
119 150 100
121 150 100
122 150 100
123 150 100
124 150 100
125 150 100
126 150 100
127 150 100
128 150 100
129 150 100
131 150 100
132 150 100
133 150 100
134 150 100
135 150 100
136 150 100
137 150 100
138 150 100
139 150 100
141 150 100
142 150 100
143 150 100
144 150 100
145 150 100
146 150 100
147 150 100
148 150 100
149 150 100
151 150 100
152 150 100
153 150 100
154 150 100
155 150 100
156 150 100
157 150 100
158 150 100
159 150 100
161 150 100
162 150 100
163 150 100
164 150 100
165 150 100
166 150 100
167 150 100
168 150 100
169 150 100
171 150 100
172 150 100
173 150 100
174 150 100
175 150 100
176 150 100
177 150 100
178 150 100
179 150 100
180 149 100
180 148 100
180 147 100
180 146 100
180 145 100
180 144 100
180 143 100
180 142 100
180 141 100
181 140 100
181 141 100
182 141 100
182 142 100
183 142 100
184 142 100
185 142 100
186 142 100
187 142 100
188 142 100
89 170 100
90 169 100
90 168 100
90 167 100
90 166 100
90 165 100
90 164 100
90 163 100
90 162 100
90 161 100
90 159 100
90 158 100
90 157 100
90 156 100
90 155 100
90 154 100
90 153 100
90 152 100
90 151 100
125 145 100
126 145 100
126 146 100
127 146 100
127 147 100
128 147 100
128 148 100
129 148 100
129 149 100
130 149 100
75 129 100
75 129 100
74 129 100
74 129 100
74 130 100
74 130 100
73 130 100
73 130 100
72 130 100
72 130 100
71 130 100
71 130 100
