# score 265304
40 130 100
50 130 100
60 130 100
70 130 100
80 130 100
90 130 100
100 130 100
110 130 100
120 130 100
40 140 100
50 140 100
60 140 100
70 140 100
80 140 100
90 140 100
100 140 100
110 140 100
120 140 100
40 150 100
50 150 100
60 150 100
70 150 100
80 150 100
90 150 100
100 150 100
110 150 100
120 150 100
40 160 100
50 160 100
60 160 100
70 160 100
80 160 100
90 160 100
100 160 100
110 160 100
120 160 100
40 170 100
50 170 100
60 170 100
70 170 100
80 170 100
90 170 100
100 170 100
110 170 100
120 170 100
40 180 100
50 180 100
60 180 100
70 180 100
80 180 100
90 180 100
100 180 100
110 180 100
120 180 100
40 190 100
50 190 100
60 190 100
70 190 100
80 190 100
90 190 100
100 190 100
110 190 100
120 190 100
140 150 100
150 150 100
160 150 100
170 150 100
180 150 100
190 150 100
140 160 100
150 160 100
160 160 100
170 160 100
180 160 100
190 160 100
140 170 100
150 170 100
160 170 100
170 170 100
180 170 100
190 170 100
140 180 100
150 180 100
160 180 100
170 180 100
180 180 100
190 180 100
140 190 100
150 190 100
160 190 100
170 190 100
180 190 100
190 190 100
60 0 100
70 0 100
80 0 100
90 0 100
100 0 100
110 0 100
120 0 100
130 0 100
140 0 100
60 10 100
70 10 100
80 10 100
90 10 100
100 10 100
110 10 100
120 10 100
130 10 100
140 10 100
60 20 100
70 20 100
80 20 100
90 20 100
100 20 100
110 20 100
120 20 100
130 20 100
140 20 100
60 30 100
70 30 100
80 30 100
90 30 100
100 30 100
110 30 100
120 30 100
130 30 100
140 30 100
60 40 100
70 40 100
80 40 100
90 40 100
100 40 100
110 40 100
120 40 100
130 40 100
140 40 100
60 50 100
70 50 100
80 50 100
90 50 100
100 50 100
110 50 100
120 50 100
130 50 100
140 50 100
60 60 100
70 60 100
80 60 100
90 60 100
100 60 100
110 60 100
120 60 100
130 60 100
140 60 100
60 70 100
70 70 100
80 70 100
90 70 100
100 70 100
110 70 100
120 70 100
130 70 100
140 70 100
60 80 100
70 80 100
80 80 100
90 80 100
100 80 100
110 80 100
120 80 100
130 80 100
140 80 100
0 110 100
10 110 100
20 110 100
30 110 100
40 110 100
50 110 100
60 110 100
70 110 100
80 110 100
0 120 100
10 120 100
20 120 100
30 120 100
40 120 100
50 120 100
60 120 100
70 120 100
80 120 100
0 130 100
10 130 100
20 130 100
30 130 100
40 130 100
50 130 100
60 130 100
70 130 100
80 130 100
0 140 100
10 140 100
20 140 100
30 140 100
40 140 100
50 140 100
60 140 100
80 140 100
0 150 100
10 150 100
20 150 100
30 150 100
40 150 100
50 150 100
70 150 100
80 150 100
0 160 100
10 160 100
20 160 100
30 160 100
40 160 100
70 160 100
80 160 100
0 170 100
10 170 100
20 170 100
30 170 100
60 170 100
70 170 100
80 170 100
0 180 100
10 180 100
20 180 100
30 180 100
40 180 100
70 180 100
80 180 100
0 190 100
10 190 100
20 190 100
30 190 100
40 190 100
50 190 100
130 0 100
140 0 100
150 0 100
160 0 100
170 0 100
180 0 100
190 0 100
130 10 100
140 10 100
150 10 100
160 10 100
170 10 100
180 10 100
190 10 100
130 20 100
140 20 100
150 20 100
160 20 100
170 20 100
180 20 100
190 20 100
130 30 100
140 30 100
150 30 100
160 30 100
170 30 100
180 30 100
190 30 100
130 40 100
140 40 100
150 40 100
160 40 100
170 40 100
180 40 100
190 40 100
130 50 100
140 50 100
150 50 100
160 50 100
170 50 100
180 50 100
190 50 100
130 60 100
150 60 100
160 60 100
170 60 100
180 60 100
190 60 100
130 70 100
150 70 100
160 70 100
170 70 100
180 70 100
190 70 100
140 80 100
150 80 100
160 80 100
170 80 100
180 80 100
190 80 100
10 0 100
20 0 100
30 0 100
40 0 100
50 0 100
60 0 100
70 0 100
80 0 100
90 0 100
10 10 100
20 10 100
30 10 100
40 10 100
50 10 100
60 10 100
70 10 100
80 10 100
10 20 100
20 20 100
30 20 100
40 20 100
50 20 100
60 20 100
70 20 100
80 20 100
10 30 100
20 30 100
30 30 100
40 30 100
50 30 100
70 30 100
80 30 100
90 30 100
10 40 100
20 40 100
30 40 100
40 40 100
50 40 100
80 40 100
90 40 100
10 50 100
20 50 100
30 50 100
40 50 100
50 50 100
70 50 100
80 50 100
90 50 100
10 60 100
20 60 100
30 60 100
40 60 100
50 60 100
60 60 100
70 60 100
80 60 100
90 60 100
10 70 100
20 70 100
30 70 100
40 70 100
50 70 100
60 70 100
70 70 100
80 70 100
90 70 100
150 50 100
160 50 100
170 50 100
180 50 100
190 50 100
150 60 100
160 60 100
170 60 100
180 60 100
190 60 100
160 70 100
170 70 100
180 70 100
190 70 100
150 80 100
160 80 100
170 80 100
180 80 100
190 80 100
150 90 100
160 90 100
170 90 100
180 90 100
190 90 100
150 100 100
160 100 100
170 100 100
180 100 100
190 100 100
150 110 100
160 110 100
170 110 100
180 110 100
190 110 100
150 120 100
160 120 100
170 120 100
180 120 100
190 120 100
150 130 100
160 130 100
170 130 100
180 130 100
190 130 100
90 30 100
100 30 100
120 30 100
130 30 100
140 30 100
160 30 100
170 30 100
90 40 100
120 40 100
130 40 100
140 40 100
150 40 100
90 50 100
120 50 100
130 50 100
140 50 100
150 50 100
90 60 100
100 60 100
110 60 100
120 60 100
130 60 100
160 60 100
170 60 100
90 70 100
100 70 100
110 70 100
120 70 100
170 70 100
90 80 100
100 80 100
110 80 100
120 80 100
150 80 100
160 80 100
170 80 100
90 90 100
100 90 100
110 90 100
120 90 100
130 90 100
140 90 100
150 90 100
160 90 100
170 90 100
90 100 100
100 100 100
110 100 100
120 100 100
130 100 100
140 100 100
150 100 100
160 100 100
170 100 100
90 110 100
100 110 100
110 110 100
120 110 100
130 110 100
140 110 100
150 110 100
160 110 100
170 110 100
140 90 100
150 90 100
160 90 100
170 90 100
180 90 100
140 100 100
150 100 100
160 100 100
190 100 100
150 110 100
160 110 100
170 110 100
180 110 100
190 110 100
140 120 100
150 120 100
160 120 100
170 120 100
190 120 100
140 130 100
150 130 100
160 130 100
170 130 100
140 140 100
150 140 100
160 140 100
170 140 100
180 140 100
190 140 100
140 150 100
160 150 100
170 150 100
180 150 100
190 150 100
140 160 100
150 160 100
160 160 100
170 160 100
180 160 100
190 160 100
140 170 100
150 170 100
160 170 100
170 170 100
180 170 100
190 170 100
60 60 100
70 60 100
80 60 100
90 60 100
100 60 100
110 60 100
120 60 100
130 60 100
60 70 100
70 70 100
80 70 100
90 70 100
100 70 100
110 70 100
120 70 100
60 80 100
70 80 100
80 80 100
90 80 100
110 80 100
60 90 100
70 90 100
80 90 100
90 90 100
140 90 100
60 100 100
70 100 100
80 100 100
90 100 100
100 100 100
130 100 100
140 100 100
60 110 100
70 110 100
80 110 100
90 110 100
120 110 100
130 110 100
60 120 100
70 120 100
80 120 100
90 120 100
100 120 100
110 120 100
120 120 100
130 120 100
140 120 100
60 130 100
90 130 100
100 130 100
110 130 100
120 130 100
130 130 100
140 130 100
80 140 100
90 140 100
100 140 100
110 140 100
120 140 100
130 140 100
140 140 100
0 100 100
10 100 100
20 100 100
30 100 100
40 100 100
50 100 100
10 110 100
20 110 100
30 110 100
40 110 100
50 110 100
10 120 100
20 120 100
30 120 100
40 120 100
50 120 100
0 130 100
10 130 100
20 130 100
40 130 100
50 130 100
0 140 100
50 140 100
0 150 100
30 150 100
40 150 100
0 160 100
10 160 100
20 160 100
30 160 100
40 160 100
0 170 100
10 170 100
20 170 100
30 170 100
0 180 100
10 180 100
20 180 100
30 180 100
40 180 100
187 194 100
188 194 100
188 193 100
189 193 100
189 192 100
190 192 100
190 191 100
189 190 100
188 190 100
187 190 100
186 190 100
185 190 100
184 190 100
183 190 100
182 190 100
181 190 100
180 189 100
180 188 100
180 187 100
180 187 100
180 186 100
180 186 100
180 185 100
180 185 100
180 185 100
180 184 100
180 184 100
180 184 100
180 184 100
180 183 100
180 183 100
180 183 100
180 183 100
180 183 100
180 183 100
180 182 100
180 182 100
180 182 100
180 182 100
180 182 100
180 182 100
180 182 100
180 182 100
180 181 100
180 181 100
180 181 100
180 181 100
180 181 100
180 181 100
180 181 100
180 181 100
180 181 100
180 181 100
180 180 100
180 180 100
180 180 100
180 180 100
180 180 100
180 180 100
180 180 100
180 180 100
180 180 100
180 180 100
180 180 100
180 180 100
180 179 100
180 179 100
180 179 100
180 179 100
180 179 100
180 179 100
180 179 100
180 179 100
180 179 100
180 179 100
180 179 100
180 179 100
180 179 100
180 179 100
180 179 100
180 179 100
180 179 100
180 178 100
180 178 100
180 178 100
180 178 100
180 178 100
180 178 100
180 178 100
180 178 100
180 178 100
180 178 100
180 178 100
180 178 100
180 178 100
180 178 100
180 178 100
180 178 100
180 178 100
180 178 100
180 178 100
180 177 100
180 177 100
180 177 100
180 177 100
180 177 100
180 177 100
180 177 100
180 177 100
180 177 100
180 177 100
180 177 100
180 177 100
180 177 100
180 177 100
180 177 100
180 177 100
180 177 100
180 177 100
180 177 100
180 177 100
180 177 100
180 176 100
180 176 100
180 176 100
180 176 100
180 176 100
180 176 100
180 176 100
180 176 100
180 176 100
180 176 100
180 176 100
180 176 100
180 176 100
180 176 100
180 176 100
180 176 100
180 176 100
180 176 100
180 176 100
180 176 100
180 176 100
180 176 100
180 176 100
180 175 100
180 175 100
180 175 100
180 175 100
180 175 100
180 175 100
180 175 100
180 175 100
180 175 100
180 175 100
180 175 100
180 175 100
180 175 100
180 175 100
180 175 100
180 175 100
180 175 100
180 175 100
180 175 100
180 175 100
180 175 100
180 175 100
180 175 100
180 174 100
180 174 100
180 174 100
180 174 100
180 174 100
180 174 100
180 174 100
180 174 100
180 174 100
180 174 100
180 174 100
180 174 100
180 174 100
180 174 100
180 174 100
180 174 100
180 174 100
180 174 100
180 174 100
180 174 100
180 174 100
180 174 100
180 174 100
180 173 100
180 173 100
180 173 100
180 173 100
180 173 100
180 173 100
180 173 100
180 173 100
180 173 100
180 173 100
180 173 100
180 173 100
180 173 100
180 173 100
180 173 100
180 173 100
180 173 100
180 173 100
180 173 100
180 173 100
180 173 100
180 173 100
180 172 100
180 172 100
180 172 100
180 172 100
180 172 100
180 172 100
180 172 100
180 172 100
180 172 100
180 172 100
180 172 100
180 172 100
180 172 100
180 172 100
180 172 100
180 172 100
180 172 100
180 172 100
180 172 100
180 172 100
180 171 100
180 171 100
180 171 100
180 171 100
180 171 100
180 171 100
180 171 100
180 171 100
180 171 100
180 171 100
180 171 100
180 171 100
180 171 100
180 171 100
180 171 100
180 171 100
180 171 100
180 171 100
180 170 100
180 170 100
180 170 100
180 170 100
180 170 100
180 170 100
180 170 100
180 170 100
180 170 100
180 170 100
180 170 100
180 170 100
180 170 100
180 169 100
180 169 100
180 169 100
180 169 100
180 169 100
180 169 100
180 169 100
180 169 100
180 169 100
180 169 100
180 169 100
180 169 100
180 168 100
180 168 100
180 168 100
180 168 100
180 168 100
180 168 100
180 168 100
180 168 100
180 168 100
180 167 100
180 167 100
180 167 100
180 167 100
180 167 100
180 167 100
180 166 100
180 166 100
180 166 100
180 166 100
180 166 100
180 165 100
180 165 100
180 165 100
180 164 100
180 164 100
180 164 100
180 163 100
180 163 100
180 162 100
180 162 100
180 161 100
180 161 100
180 159 100
180 159 100
180 158 100
180 158 100
180 157 100
180 157 100
180 156 100
180 156 100
180 156 100
180 155 100
180 155 100
180 155 100
180 155 100
180 154 100
180 154 100
180 154 100
180 154 100
180 154 100
180 153 100
180 153 100
180 153 100
180 153 100
180 153 100
180 153 100
180 152 100
180 152 100
180 152 100
180 152 100
180 152 100
180 152 100
180 152 100
180 152 100
180 151 100
180 151 100
180 151 100
180 151 100
180 151 100
180 151 100
180 151 100
180 151 100
180 151 100
180 151 100
180 150 100
180 150 100
180 150 100
180 150 100
180 150 100
180 150 100
180 150 100
180 150 100
180 150 100
180 150 100
180 149 100
180 149 100
180 149 100
180 149 100
180 149 100
180 149 100
180 149 100
180 149 100
180 149 100
180 149 100
180 149 100
180 149 100
180 149 100
180 149 100
180 148 100
180 148 100
180 148 100
180 148 100
180 148 100
180 148 100
180 148 100
180 148 100
180 148 100
180 148 100
180 148 100
180 148 100
180 148 100
180 148 100
180 148 100
180 148 100
180 147 100
180 147 100
180 147 100
180 147 100
180 147 100
180 147 100
180 147 100
180 147 100
180 147 100
180 147 100
180 147 100
180 147 100
180 147 100
180 147 100
180 147 100
180 147 100
180 147 100
180 146 100
180 146 100
180 146 100
180 146 100
180 146 100
180 146 100
180 146 100
180 146 100
180 146 100
180 146 100
180 146 100
180 146 100
180 146 100
180 146 100
180 146 100
180 146 100
180 146 100
180 146 100
180 145 100
180 145 100
180 145 100
180 145 100
180 145 100
180 145 100
180 145 100
180 145 100
180 145 100
180 145 100
180 145 100
180 145 100
180 145 100
180 145 100
180 145 100
180 145 100
180 145 100
180 145 100
180 144 100
180 144 100
180 144 100
180 144 100
180 144 100
180 144 100
180 144 100
180 144 100
180 144 100
180 144 100
180 144 100
180 144 100
180 144 100
180 144 100
180 144 100
180 144 100
180 144 100
180 143 100
180 143 100
180 143 100
180 143 100
180 143 100
180 143 100
180 143 100
180 143 100
180 143 100
180 143 100
180 143 100
180 143 100
180 143 100
180 143 100
180 143 100
180 143 100
180 142 100
180 142 100
180 142 100
180 142 100
180 142 100
180 142 100
180 142 100
180 142 100
180 142 100
180 142 100
180 142 100
180 142 100
180 142 100
180 142 100
180 141 100
180 141 100
180 141 100
180 141 100
180 141 100
180 141 100
180 141 100
180 141 100
180 141 100
180 141 100
180 141 100
180 140 100
180 140 100
180 140 100
180 140 100
180 140 100
180 140 100
180 140 100
180 140 100
180 139 100
180 139 100
180 139 100
180 139 100
180 139 100
180 139 100
180 138 100
180 138 100
180 138 100
180 138 100
180 137 100
180 137 100
180 137 100
180 136 100
180 136 100
180 135 100
180 135 100
180 134 100
180 133 100
180 132 100
180 131 100
180 129 100
180 128 100
180 127 100
180 126 100
180 125 100
180 124 100
180 123 100
180 122 100
180 121 100
180 119 100
180 118 100
180 117 100
180 116 100
180 116 100
180 115 100
180 115 100
180 115 100
180 114 100
180 114 100
180 114 100
180 114 100
180 113 100
180 113 100
180 113 100
180 113 100
180 113 100
180 112 100
180 112 100
180 112 100
180 112 100
180 112 100
180 111 100
180 111 100
180 111 100
180 111 100
180 111 100
180 111 100
180 110 100
180 110 100
180 110 100
180 110 100
180 109 100
180 109 100
180 109 100
180 109 100
180 109 100
180 109 100
180 108 100
180 108 100
180 108 100
180 108 100
180 108 100
180 107 100
180 107 100
180 107 100
180 107 100
180 106 100
180 106 100
180 106 100
180 105 100
180 105 100
180 104 100
180 104 100
180 103 100
180 102 100
180 101 100
180 99 100
180 98 100
180 97 100
180 96 100
180 95 100
180 94 100
180 93 100
180 92 100
180 91 100
181 90 100
181 90 100
182 90 100
183 90 100
184 90 100
185 90 100
186 90 100
187 90 100
188 90 100
189 90 100
190 89 100
190 88 100
190 87 100
190 86 100
190 85 100
190 84 100
190 83 100
190 82 100
190 82 100
190 81 100
190 81 100
190 79 100
190 79 100
190 79 100
190 78 100
190 78 100
190 78 100
190 77 100
190 77 100
190 77 100
190 77 100
190 76 100
190 76 100
190 76 100
190 76 100
190 75 100
190 75 100
190 75 100
190 75 100
190 75 100
190 74 100
190 74 100
190 74 100
190 74 100
190 74 100
190 73 100
190 73 100
190 73 100
190 73 100
190 72 100
190 72 100
190 72 100
190 72 100
190 71 100
190 71 100
190 71 100
190 71 100
190 70 100
190 69 100
190 69 100
190 69 100
190 68 100
190 68 100
190 68 100
190 67 100
190 67 100
190 66 100
190 66 100
190 65 100
190 65 100
190 64 100
190 64 100
190 63 100
190 63 100
190 62 100
190 62 100
190 61 100
190 61 100
189 60 100
189 60 100
188 60 100
188 60 100
187 60 100
187 60 100
186 60 100
186 60 100
186 60 100
185 60 100
185 60 100
185 60 100
184 60 100
184 60 100
184 60 100
184 60 100
183 60 100
183 60 100
183 60 100
183 60 100
183 60 100
183 60 100
182 60 100
182 60 100
182 60 100
182 60 100
182 60 100
182 60 100
182 60 100
181 60 100
181 60 100
181 60 100
181 60 100
181 60 100
181 60 100
181 60 100
181 60 100
181 60 100
181 60 100
180 60 100
180 60 100
180 60 100
180 60 100
180 60 100
180 60 100
180 60 100
180 60 100
180 60 100
180 60 100
179 60 100
179 60 100
179 60 100
179 60 100
179 60 100
179 60 100
179 60 100
179 60 100
179 60 100
179 60 100
179 60 100
179 60 100
179 60 100
179 60 100
178 60 100
178 60 100
178 60 100
178 60 100
178 60 100
178 60 100
178 60 100
178 60 100
178 60 100
178 60 100
178 60 100
178 60 100
178 60 100
178 60 100
178 60 100
178 60 100
177 60 100
177 60 100
177 60 100
177 60 100
177 60 100
177 60 100
177 60 100
177 60 100
177 60 100
177 60 100
177 60 100
177 60 100
177 60 100
177 60 100
177 60 100
177 60 100
177 60 100
176 60 100
176 60 100
176 60 100
176 60 100
176 60 100
176 60 100
176 60 100
176 60 100
176 60 100
176 60 100
176 60 100
176 60 100
176 60 100
176 60 100
176 60 100
176 60 100
176 60 100
175 60 100
175 60 100
175 60 100
175 60 100
175 60 100
175 60 100
175 60 100
175 60 100
175 60 100
175 60 100
175 60 100
175 60 100
175 60 100
175 60 100
175 60 100
175 60 100
175 60 100
174 60 100
174 60 100
174 60 100
174 60 100
174 60 100
174 60 100
174 60 100
174 60 100
174 60 100
174 60 100
174 60 100
174 60 100
174 60 100
174 60 100
174 60 100
174 60 100
173 60 100
173 60 100
173 60 100
173 60 100
173 60 100
173 60 100
173 60 100
173 60 100
173 60 100
173 60 100
173 60 100
173 60 100
173 60 100
173 60 100
172 60 100
172 60 100
172 60 100
172 60 100
172 60 100
172 60 100
172 60 100
172 60 100
172 60 100
172 60 100
172 60 100
172 60 100
171 60 100
171 60 100
171 60 100
171 60 100
171 60 100
171 60 100
171 60 100
171 60 100
171 60 100
171 60 100
170 60 100
170 60 100
170 60 100
170 60 100
170 60 100
169 60 100
169 60 100
169 60 100
169 60 100
169 60 100
169 60 100
168 60 100
168 60 100
168 60 100
168 60 100
168 60 100
167 60 100
167 60 100
167 60 100
167 60 100
166 60 100
166 60 100
166 60 100
165 60 100
165 60 100
165 60 100
164 60 100
164 60 100
164 60 100
163 60 100
163 60 100
163 60 100
162 60 100
162 60 100
162 60 100
161 60 100
161 60 100
161 60 100
159 60 100
159 60 100
159 60 100
158 60 100
158 60 100
158 60 100
157 60 100
157 60 100
157 60 100
156 60 100
156 60 100
156 60 100
155 60 100
155 60 100
155 60 100
154 60 100
154 60 100
154 60 100
153 60 100
153 60 100
153 60 100
152 60 100
152 60 100
152 60 100
151 60 100
151 60 100
150 61 100
150 61 100
150 62 100
150 63 100
150 64 100
150 65 100
150 66 100
150 67 100
150 68 100
150 69 100
149 70 100
148 70 100
147 70 100
146 70 100
145 70 100
144 70 100
143 70 100
142 70 100
141 70 100
139 70 100
138 70 100
137 70 100
136 70 100
135 70 100
134 70 100
133 70 100
132 70 100
131 70 100
130 71 100
130 71 100
130 72 100
130 73 100
130 74 100
130 75 100
130 76 100
130 77 100
130 78 100
130 79 100
130 81 100
130 82 100
130 83 100
130 84 100
130 85 100
130 86 100
130 87 100
130 88 100
130 89 100
129 90 100
128 90 100
127 90 100
126 90 100
125 90 100
124 90 100
123 90 100
122 90 100
121 90 100
119 90 100
118 90 100
117 90 100
116 90 100
115 90 100
114 90 100
113 90 100
112 90 100
111 90 100
110 91 100
110 92 100
110 93 100
110 94 100
110 95 100
110 96 100
110 97 100
110 98 100
110 99 100
109 100 100
109 101 100
108 101 100
108 102 100
107 102 100
106 102 100
106 101 100
105 101 100
105 100 100
104 100 100
103 100 100
102 100 100
101 100 100
101 100 100
100 101 100
100 101 100
100 102 100
100 102 100
100 103 100
100 103 100
100 104 100
100 104 100
100 105 100
100 106 100
100 107 100
100 108 100
100 109 100
100 111 100
100 112 100
100 113 100
100 114 100
100 115 100
100 116 100
100 117 100
100 118 100
100 119 100
99 120 100
98 120 100
97 120 100
96 120 100
95 120 100
94 120 100
93 120 100
92 120 100
91 120 100
89 120 100
88 120 100
87 120 100
86 120 100
86 120 100
85 120 100
85 120 100
84 120 100
84 120 100
83 120 100
83 120 100
82 120 100
82 120 100
81 120 100
81 120 100
80 121 100
80 121 100
80 122 100
80 122 100
80 123 100
80 123 100
80 123 100
80 124 100
80 124 100
80 124 100
80 125 100
80 125 100
80 125 100
80 126 100
80 126 100
80 126 100
80 127 100
80 127 100
80 127 100
80 128 100
80 128 100
80 128 100
80 129 100
80 129 100
80 129 100
79 130 100
79 130 100
78 130 100
78 130 100
77 130 100
77 130 100
76 130 100
76 130 100
75 130 100
75 130 100
74 130 100
74 130 100
73 130 100
73 130 100
72 130 100
72 130 100
71 130 100
71 130 100
70 131 100
70 131 100
70 132 100
70 132 100
70 133 100
70 133 100
70 134 100
70 134 100
70 135 100
70 135 100
70 136 100
70 137 100
70 138 100
70 139 100
69 140 100
68 140 100
67 140 100
66 140 100
65 140 100
64 140 100
63 140 100
62 140 100
61 140 100
61 140 100
60 141 100
60 142 100
60 143 100
60 144 100
60 145 100
60 146 100
60 147 100
60 148 100
60 149 100
59 150 100
58 150 100
57 150 100
56 150 100
55 150 100
54 150 100
53 150 100
52 150 100
51 150 100
49 150 100
49 150 100
49 151 100
49 151 100
48 151 100
48 151 100
48 151 100
48 152 100
48 152 100
48 152 100
47 152 100
47 152 100
47 152 100
47 152 100
47 153 100
47 153 100
47 153 100
47 154 100
47 154 100
47 154 100
47 155 100
47 155 100
47 155 100
48 155 100
48 155 100
48 156 100
48 156 100
49 156 100
49 156 100
49 157 100
50 157 100
50 158 100
50 159 100
50 161 100
50 162 100
50 163 100
50 164 100
50 165 100
50 166 100
50 167 100
50 168 100
50 169 100
50 171 100
50 172 100
50 173 100
50 174 100
50 175 100
50 176 100
50 177 100
50 178 100
50 179 100
51 180 100
52 180 100
53 180 100
54 180 100
55 180 100
56 180 100
57 180 100
58 180 100
59 180 100
60 181 100
60 182 100
60 183 100
60 184 100
60 185 100
60 186 100
60 187 100
60 188 100
60 189 100
61 190 100
62 190 100
63 190 100
64 190 100
65 190 100
66 190 100
67 190 100
68 190 100
69 190 100
71 190 100
72 190 100
72 190 100
73 190 100
73 190 100
74 190 100
74 190 100
75 190 100
76 190 100
77 190 100
78 190 100
79 190 100
81 190 100
82 190 100
83 190 100
84 190 100
85 190 100
86 190 100
87 190 100
88 190 100
89 190 100
89 189 100
89 188 100
89 187 100
89 186 100
89 185 100
89 184 100
89 184 100
89 183 100
89 183 100
89 183 100
89 182 100
89 182 100
89 182 100
89 182 100
89 181 100
89 181 100
89 181 100
89 181 100
89 181 100
89 180 100
89 180 100
89 180 100
89 180 100
89 180 100
89 180 100
89 180 100
89 179 100
89 179 100
89 179 100
89 179 100
89 179 100
89 179 100
89 179 100
89 179 100
89 178 100
89 178 100
89 178 100
89 178 100
89 178 100
89 178 100
89 178 100
89 178 100
89 178 100
89 177 100
89 177 100
89 177 100
89 177 100
89 177 100
89 177 100
89 177 100
89 177 100
89 177 100
89 177 100
89 176 100
89 176 100
89 176 100
89 176 100
89 176 100
89 176 100
89 176 100
89 176 100
89 176 100
89 176 100
105 47 100
106 47 100
106 48 100
107 48 100
107 49 100
108 49 100
108 50 100
109 50 100
111 50 100
112 50 100
113 50 100
114 50 100
115 50 100
116 50 100
117 50 100
118 50 100
118 50 100
119 50 100
119 50 100
121 50 100
121 50 100
121 51 100
121 51 100
122 51 100
122 51 100
122 51 100
122 52 100
122 52 100
122 52 100
123 52 100
123 52 100
123 52 100
123 52 100
123 53 100
123 53 100
123 53 100
123 53 100
123 53 100
124 53 100
124 53 100
124 53 100
124 53 100
124 53 100
124 54 100
124 54 100
124 54 100
124 54 100
124 54 100
124 54 100
125 54 100
125 54 100
125 54 100
125 54 100
125 54 100
125 54 100
125 55 100
125 55 100
125 55 100
125 55 100
125 55 100
125 55 100
125 55 100
125 55 100
126 55 100
126 55 100
126 55 100
126 55 100
126 55 100
126 55 100
126 55 100
126 56 100
126 56 100
126 56 100
126 56 100
126 56 100
126 56 100
126 56 100
126 56 100
126 56 100
127 56 100
127 56 100
127 56 100
127 56 100
127 56 100
127 56 100
127 56 100
127 56 100
127 57 100
127 57 100
127 57 100
127 57 100
127 57 100
127 57 100
127 57 100
127 57 100
127 57 100
127 57 100
128 57 100
128 57 100
128 57 100
128 57 100
128 57 100
128 57 100
128 57 100
128 57 100
128 57 100
128 58 100
128 58 100
128 58 100
128 58 100
128 58 100
128 58 100
128 58 100
128 58 100
128 58 100
128 58 100
129 58 100
129 58 100
129 58 100
129 58 100
129 58 100
129 58 100
129 58 100
129 58 100
129 59 100
129 59 100
129 59 100
129 59 100
129 59 100
129 59 100
129 59 100
129 59 100
129 59 100
130 59 100
130 59 100
130 59 100
130 59 100
130 59 100
130 59 100
130 59 100
130 60 100
130 60 100
130 60 100
130 61 100
130 61 100
130 61 100
130 61 100
130 61 100
130 61 100
130 61 100
130 61 100
130 62 100
130 62 100
130 62 100
130 62 100
130 62 100
130 62 100
130 62 100
130 62 100
130 63 100
130 63 100
130 63 100
130 63 100
130 63 100
130 63 100
130 63 100
130 64 100
130 64 100
130 64 100
130 64 100
130 64 100
130 64 100
130 64 100
130 65 100
130 65 100
130 65 100
130 65 100
130 65 100
130 65 100
130 66 100
130 66 100
130 66 100
130 66 100
130 66 100
130 67 100
130 67 100
130 67 100
130 67 100
130 68 100
130 68 100
130 68 100
130 69 100
130 69 100
130 69 100
177 40 100
176 40 100
175 40 100
174 40 100
173 40 100
172 40 100
171 40 100
170 41 100
170 42 100
170 43 100
170 44 100
170 45 100
170 46 100
170 47 100
170 48 100
170 49 100
169 50 100
168 50 100
167 50 100
166 50 100
165 50 100
164 50 100
163 50 100
162 50 100
161 50 100
161 50 100
160 51 100
160 51 100
160 52 100
160 52 100
160 52 100
160 53 100
160 53 100
160 53 100
160 54 100
160 54 100
160 54 100
160 55 100
160 55 100
160 55 100
160 56 100
160 56 100
160 56 100
160 57 100
160 57 100
160 57 100
160 58 100
160 58 100
160 58 100
160 59 100
160 59 100
160 59 100
58 37 100
59 37 100
59 38 100
60 38 100
60 39 100
61 40 100
62 40 100
63 40 100
64 40 100
65 40 100
66 40 100
67 40 100
68 40 100
69 40 100
71 40 100
72 40 100
73 40 100
74 40 100
74 40 100
75 40 100
75 40 100
76 40 100
76 40 100
76 40 100
77 40 100
77 40 100
77 40 100
77 40 100
77 40 100
78 40 100
78 40 100
78 40 100
78 40 100
78 40 100
78 40 100
78 40 100
79 40 100
79 40 100
79 40 100
79 40 100
79 40 100
79 40 100
79 40 100
79 40 100
79 40 100
80 40 100
80 40 100
80 40 100
80 40 100
80 40 100
80 40 100
80 40 100
80 40 100
80 40 100
81 40 100
81 40 100
81 40 100
81 40 100
81 40 100
81 40 100
81 40 100
81 40 100
81 40 100
81 40 100
81 40 100
81 40 100
81 40 100
82 40 100
82 40 100
82 40 100
82 40 100
82 40 100
82 40 100
82 40 100
82 40 100
82 40 100
82 40 100
82 40 100
82 40 100
82 40 100
82 40 100
83 40 100
83 40 100
83 40 100
83 40 100
83 40 100
83 40 100
83 40 100
83 40 100
83 40 100
83 40 100
83 40 100
83 40 100
83 40 100
83 40 100
83 40 100
84 40 100
84 40 100
84 40 100
84 40 100
84 40 100
84 40 100
84 40 100
84 40 100
84 40 100
84 40 100
84 40 100
84 40 100
84 40 100
84 40 100
84 40 100
84 40 100
85 40 100
85 40 100
85 40 100
85 40 100
85 40 100
85 40 100
85 40 100
85 40 100
85 40 100
85 40 100
85 40 100
85 40 100
85 40 100
85 40 100
85 40 100
85 40 100
86 40 100
86 40 100
86 40 100
86 40 100
86 40 100
86 40 100
86 40 100
86 40 100
86 40 100
86 40 100
86 40 100
86 40 100
86 40 100
86 40 100
86 40 100
86 40 100
87 40 100
87 40 100
87 40 100
87 40 100
87 40 100
87 40 100
87 40 100
87 40 100
87 40 100
87 40 100
87 40 100
87 40 100
87 40 100
87 40 100
87 40 100
88 40 100
88 40 100
88 40 100
88 40 100
88 40 100
88 40 100
88 40 100
88 40 100
88 40 100
88 40 100
88 40 100
88 40 100
88 40 100
88 40 100
89 40 100
89 40 100
89 40 100
89 40 100
89 40 100
89 40 100
89 40 100
89 40 100
89 40 100
89 40 100
89 40 100
89 40 100
90 40 100
90 40 100
90 40 100
90 40 100
90 40 100
90 40 100
90 40 100
90 40 100
91 40 100
91 40 100
91 40 100
91 40 100
91 40 100
91 40 100
91 40 100
91 40 100
91 40 100
91 40 100
92 40 100
92 40 100
92 40 100
92 40 100
92 40 100
92 40 100
92 40 100
92 40 100
93 40 100
93 40 100
93 40 100
93 40 100
93 40 100
93 40 100
93 40 100
94 40 100
94 40 100
94 40 100
94 40 100
94 40 100
94 40 100
95 40 100
95 40 100
95 40 100
95 40 100
95 40 100
96 40 100
96 40 100
96 40 100
96 40 100
97 40 100
97 40 100
97 40 100
98 40 100
98 40 100
99 40 100
100 41 100
100 42 100
100 43 100
100 44 100
100 45 100
100 46 100
100 47 100
100 48 100
100 49 100
101 50 100
101 49 100
102 49 100
102 48 100
103 48 100
103 47 100
104 47 100
193 95 100
192 95 100
192 94 100
191 94 100
191 93 100
190 93 100
190 92 100
190 91 100
133 73 100
132 73 100
132 72 100
131 72 100
131 71 100
183 133 100
182 133 100
182 132 100
181 132 100
181 131 100
17 149 100
18 149 100
18 150 100
19 150 100
20 149 100
20 148 100
20 147 100
20 146 100
20 145 100
20 144 100
20 143 100
20 142 100
20 141 100
21 140 100
22 140 100
23 140 100
24 140 100
25 140 100
26 140 100
27 140 100
28 140 100
29 140 100
31 140 100
32 140 100
33 140 100
34 140 100
35 140 100
36 140 100
37 140 100
38 140 100
39 140 100
39 140 100
41 140 100
41 140 100
41 141 100
41 141 100
42 141 100
42 141 100
42 141 100
42 142 100
42 142 100
42 142 100
43 142 100
43 142 100
43 142 100
43 142 100
43 143 100
43 143 100
43 143 100
43 143 100
44 143 100
44 143 100
44 143 100
44 143 100
44 144 100
44 144 100
44 144 100
44 144 100
44 144 100
45 144 100
45 144 100
45 144 100
45 144 100
45 144 100
45 145 100
45 145 100
45 145 100
45 145 100
45 145 100
46 145 100
46 145 100
46 145 100
46 145 100
46 145 100
46 146 100
46 146 100
46 146 100
46 146 100
46 146 100
47 146 100
47 146 100
47 146 100
47 146 100
47 147 100
47 147 100
47 147 100
47 147 100
48 147 100
48 147 100
48 147 100
48 148 100
48 148 100
48 148 100
49 148 100
49 148 100
49 148 100
49 149 100
49 149 100
