# score 323076
100 120 100
110 120 100
120 120 100
130 120 100
140 120 100
150 120 100
160 120 100
170 120 100
180 120 100
100 130 100
110 130 100
120 130 100
130 130 100
140 130 100
150 130 100
160 130 100
170 130 100
180 130 100
100 140 100
110 140 100
120 140 100
130 140 100
140 140 100
150 140 100
160 140 100
170 140 100
180 140 100
100 150 100
110 150 100
120 150 100
130 150 100
140 150 100
150 150 100
160 150 100
170 150 100
180 150 100
100 160 100
110 160 100
120 160 100
130 160 100
140 160 100
150 160 100
160 160 100
170 160 100
180 160 100
100 170 100
110 170 100
120 170 100
130 170 100
140 170 100
150 170 100
160 170 100
170 170 100
180 170 100
100 180 100
110 180 100
120 180 100
130 180 100
140 180 100
150 180 100
160 180 100
170 180 100
180 180 100
100 190 100
110 190 100
120 190 100
130 190 100
140 190 100
150 190 100
160 190 100
170 190 100
180 190 100
0 140 100
10 140 100
20 140 100
30 140 100
40 140 100
50 140 100
60 140 100
0 150 100
10 150 100
20 150 100
30 150 100
40 150 100
50 150 100
60 150 100
0 160 100
10 160 100
20 160 100
30 160 100
40 160 100
50 160 100
60 160 100
0 170 100
10 170 100
20 170 100
30 170 100
40 170 100
50 170 100
60 170 100
0 180 100
10 180 100
20 180 100
30 180 100
40 180 100
50 180 100
60 180 100
0 190 100
10 190 100
20 190 100
30 190 100
40 190 100
50 190 100
60 190 100
30 0 100
40 0 100
50 0 100
60 0 100
70 0 100
80 0 100
90 0 100
100 0 100
110 0 100
30 10 100
40 10 100
50 10 100
60 10 100
70 10 100
80 10 100
90 10 100
100 10 100
110 10 100
30 20 100
40 20 100
50 20 100
60 20 100
70 20 100
80 20 100
90 20 100
100 20 100
110 20 100
30 30 100
40 30 100
50 30 100
60 30 100
70 30 100
80 30 100
90 30 100
100 30 100
110 30 100
30 40 100
40 40 100
50 40 100
60 40 100
70 40 100
80 40 100
90 40 100
100 40 100
110 40 100
30 50 100
40 50 100
50 50 100
60 50 100
70 50 100
80 50 100
90 50 100
100 50 100
110 50 100
30 60 100
40 60 100
50 60 100
60 60 100
70 60 100
80 60 100
90 60 100
100 60 100
110 60 100
30 70 100
40 70 100
50 70 100
60 70 100
70 70 100
80 70 100
90 70 100
100 70 100
110 70 100
0 30 100
10 30 100
20 30 100
30 30 100
40 30 100
0 40 100
10 40 100
20 40 100
30 40 100
40 40 100
0 50 100
10 50 100
20 50 100
30 50 100
40 50 100
50 50 100
0 60 100
10 60 100
20 60 100
30 60 100
40 60 100
50 60 100
0 70 100
10 70 100
20 70 100
30 70 100
40 70 100
50 70 100
0 80 100
10 80 100
20 80 100
30 80 100
40 80 100
50 80 100
0 90 100
10 90 100
20 90 100
30 90 100
40 90 100
50 90 100
0 100 100
10 100 100
20 100 100
30 100 100
40 100 100
50 100 100
0 110 100
10 110 100
20 110 100
30 110 100
40 110 100
50 110 100
50 90 100
60 90 100
70 90 100
80 90 100
90 90 100
100 90 100
110 90 100
120 90 100
130 90 100
50 100 100
60 100 100
70 100 100
80 100 100
90 100 100
100 100 100
110 100 100
120 100 100
130 100 100
50 110 100
60 110 100
70 110 100
80 110 100
90 110 100
100 110 100
110 110 100
120 110 100
130 110 100
50 120 100
60 120 100
70 120 100
80 120 100
90 120 100
120 120 100
130 120 100
50 130 100
60 130 100
70 130 100
80 130 100
90 130 100
70 140 100
80 140 100
90 140 100
70 150 100
80 150 100
90 150 100
70 160 100
80 160 100
90 160 100
60 170 100
70 170 100
80 170 100
90 170 100
100 170 100
110 170 100
28 182 100
29 182 100
29 181 100
30 181 100
30 179 100
30 178 100
30 177 100
30 176 100
30 175 100
30 174 100
30 173 100
30 172 100
30 171 100
30 169 100
30 168 100
30 167 100
30 166 100
30 165 100
30 164 100
30 163 100
30 162 100
30 161 100
30 159 100
30 158 100
30 157 100
30 156 100
30 155 100
30 154 100
30 153 100
30 152 100
30 151 100
31 150 100
32 150 100
33 150 100
34 150 100
35 150 100
36 150 100
37 150 100
38 150 100
39 150 100
41 150 100
42 150 100
43 150 100
44 150 100
45 150 100
46 150 100
47 150 100
48 150 100
49 150 100
51 150 100
52 150 100
53 150 100
54 150 100
55 150 100
56 150 100
57 150 100
58 150 100
59 150 100
61 150 100
62 150 100
63 150 100
64 150 100
65 150 100
66 150 100
67 150 100
68 150 100
69 150 100
71 150 100
72 150 100
73 150 100
74 150 100
75 150 100
76 150 100
77 150 100
78 150 100
79 150 100
81 150 100
82 150 100
83 150 100
84 150 100
85 150 100
86 150 100
87 150 100
88 150 100
89 150 100
91 150 100
92 150 100
93 150 100
94 150 100
95 150 100
96 150 100
97 150 100
98 150 100
99 150 100
101 150 100
102 150 100
103 150 100
104 150 100
105 150 100
106 150 100
107 150 100
108 150 100
109 150 100
111 150 100
112 150 100
113 150 100
114 150 100
115 150 100
116 150 100
117 150 100
118 150 100
119 150 100
121 150 100
122 150 100
123 150 100
124 150 100
125 150 100
126 150 100
127 150 100
128 150 100
129 150 100
131 150 100
132 150 100
133 150 100
134 150 100
135 150 100
136 150 100
137 150 100
138 150 100
139 150 100
140 151 100
140 152 100
140 153 100
140 154 100
140 155 100
140 156 100
140 157 100
140 158 100
140 159 100
141 160 100
141 161 100
142 161 100
142 162 100
143 162 100
144 162 100
145 162 100
146 162 100
147 162 100
78 38 100
77 38 100
77 39 100
76 39 100
76 40 100
75 40 100
74 40 100
73 40 100
72 40 100
71 40 100
69 40 100
68 40 100
67 40 100
66 40 100
65 40 100
64 40 100
63 40 100
62 40 100
61 40 100
59 40 100
59 40 100
58 40 100
58 40 100
57 40 100
57 40 100
56 40 100
56 40 100
55 40 100
55 40 100
54 40 100
54 40 100
53 40 100
53 40 100
52 40 100
51 40 100
49 40 100
49 40 100
48 40 100
48 40 100
47 40 100
47 40 100
46 40 100
46 40 100
45 40 100
45 40 100
45 40 100
44 40 100
44 40 100
44 40 100
43 40 100
43 40 100
43 40 100
43 40 100
42 40 100
42 40 100
42 40 100
42 40 100
41 40 100
41 40 100
41 40 100
41 40 100
41 40 100
40 40 100
40 40 100
40 40 100
39 40 100
39 40 100
39 40 100
39 40 100
39 40 100
39 40 100
38 40 100
38 40 100
38 40 100
38 40 100
38 40 100
38 40 100
37 40 100
37 40 100
37 40 100
37 40 100
37 40 100
36 40 100
36 40 100
36 40 100
36 40 100
36 40 100
35 40 100
35 40 100
35 40 100
35 40 100
34 40 100
34 40 100
34 40 100
34 40 100
33 40 100
33 40 100
33 40 100
32 40 100
32 40 100
32 40 100
31 40 100
31 40 100
29 40 100
29 40 100
28 40 100
28 40 100
27 40 100
27 40 100
26 40 100
26 40 100
25 40 100
25 40 100
25 40 100
24 40 100
24 40 100
24 40 100
23 40 100
23 40 100
23 40 100
22 40 100
22 40 100
22 40 100
21 40 100
21 40 100
21 40 100
20 40 100
20 40 100
19 40 100
19 40 100
19 40 100
18 40 100
18 40 100
18 40 100
17 40 100
17 40 100
17 40 100
17 40 100
16 40 100
16 40 100
16 40 100
16 40 100
15 40 100
15 40 100
15 40 100
15 40 100
14 40 100
14 40 100
14 40 100
14 40 100
13 40 100
13 40 100
13 40 100
13 40 100
12 40 100
12 40 100
12 40 100
11 40 100
11 40 100
11 40 100
10 40 100
9 40 100
9 40 100
8 40 100
8 40 100
7 40 100
6 40 100
5 40 100
4 40 100
3 40 100
2 40 100
1 40 100
0 41 100
0 42 100
0 43 100
0 44 100
0 45 100
0 46 100
0 47 100
0 48 100
0 49 100
1 50 100
1 51 100
2 51 100
2 52 100
3 52 100
3 53 100
4 53 100
4 53 100
4 54 100
4 54 100
5 54 100
5 54 100
5 54 100
5 55 100
5 55 100
5 55 100
6 55 100
6 55 100
6 55 100
6 55 100
6 56 100
6 56 100
6 56 100
6 56 100
6 56 100
7 56 100
7 56 100
7 56 100
7 56 100
7 56 100
7 57 100
7 57 100
7 57 100
7 57 100
7 57 100
7 57 100
8 57 100
8 57 100
8 57 100
8 57 100
8 57 100
8 57 100
8 58 100
8 58 100
8 58 100
8 58 100
8 58 100
8 58 100
9 58 100
9 58 100
9 58 100
9 58 100
9 58 100
9 58 100
9 59 100
9 59 100
9 59 100
9 59 100
9 59 100
9 59 100
10 59 100
10 59 100
10 59 100
10 59 100
10 59 100
10 59 100
10 60 100
10 60 100
10 60 100
10 60 100
11 60 100
11 60 100
11 60 100
11 60 100
11 60 100
11 61 100
11 61 100
11 61 100
11 61 100
11 61 100
12 61 100
12 61 100
12 61 100
12 61 100
12 61 100
12 62 100
12 62 100
12 62 100
12 62 100
12 62 100
13 62 100
13 62 100
13 62 100
13 62 100
13 62 100
13 62 100
13 63 100
13 63 100
13 63 100
13 63 100
13 63 100
13 63 100
13 63 100
14 63 100
14 63 100
14 63 100
14 63 100
14 63 100
14 63 100
14 63 100
14 63 100
14 63 100
14 64 100
14 64 100
14 64 100
14 64 100
14 64 100
14 64 100
14 64 100
14 64 100
14 64 100
14 64 100
15 64 100
15 64 100
15 64 100
15 64 100
15 64 100
15 64 100
15 64 100
15 64 100
15 64 100
15 64 100
15 64 100
15 64 100
15 64 100
15 65 100
15 65 100
15 65 100
15 65 100
15 65 100
15 65 100
15 65 100
15 65 100
15 65 100
15 65 100
15 65 100
15 65 100
15 65 100
15 65 100
15 65 100
16 65 100
16 65 100
16 65 100
16 65 100
16 65 100
16 65 100
16 65 100
16 65 100
16 65 100
16 65 100
16 65 100
16 65 100
16 65 100
16 65 100
16 65 100
16 65 100
16 65 100
16 65 100
16 65 100
16 66 100
16 66 100
16 66 100
16 66 100
16 66 100
16 66 100
16 66 100
16 66 100
16 66 100
16 66 100
16 66 100
16 66 100
16 66 100
16 66 100
16 66 100
16 66 100
16 66 100
16 66 100
16 66 100
16 66 100
16 67 100
16 67 100
16 67 100
16 67 100
16 67 100
16 67 100
16 67 100
16 67 100
16 67 100
16 67 100
16 67 100
16 67 100
16 67 100
16 67 100
16 67 100
16 67 100
16 67 100
16 67 100
16 67 100
16 67 100
16 67 100
16 68 100
16 68 100
16 68 100
16 68 100
16 68 100
16 68 100
16 68 100
16 68 100
16 68 100
16 68 100
16 68 100
16 68 100
16 68 100
16 68 100
16 68 100
16 68 100
16 68 100
16 68 100
16 68 100
16 68 100
16 68 100
16 69 100
16 69 100
16 69 100
16 69 100
16 69 100
16 69 100
16 69 100
16 69 100
16 69 100
16 69 100
16 69 100
16 69 100
16 69 100
16 69 100
16 69 100
16 69 100
16 69 100
16 69 100
16 69 100
16 69 100
16 69 100
16 70 100
16 70 100
16 70 100
16 70 100
16 70 100
16 70 100
16 70 100
16 70 100
16 70 100
16 70 100
16 70 100
16 70 100
16 70 100
16 70 100
16 70 100
16 70 100
16 70 100
16 70 100
16 70 100
16 70 100
16 70 100
16 71 100
16 71 100
16 71 100
16 71 100
16 71 100
16 71 100
16 71 100
16 71 100
16 71 100
16 71 100
16 71 100
16 71 100
16 71 100
16 71 100
16 71 100
16 71 100
16 71 100
16 71 100
16 71 100
16 71 100
16 71 100
17 71 100
17 71 100
17 71 100
17 71 100
17 71 100
17 71 100
17 71 100
17 71 100
17 71 100
17 71 100
17 71 100
17 71 100
17 71 100
17 71 100
17 71 100
17 71 100
17 71 100
17 71 100
17 71 100
17 71 100
17 71 100
17 72 100
17 72 100
17 72 100
17 72 100
17 72 100
17 72 100
17 72 100
17 72 100
17 72 100
17 72 100
17 72 100
17 72 100
17 72 100
17 72 100
17 72 100
17 72 100
17 72 100
17 72 100
17 72 100
17 72 100
18 72 100
18 72 100
18 72 100
18 72 100
18 72 100
18 72 100
18 72 100
18 72 100
18 72 100
18 72 100
18 72 100
18 72 100
18 72 100
18 72 100
18 72 100
18 72 100
18 72 100
18 72 100
18 72 100
18 73 100
18 73 100
18 73 100
18 73 100
18 73 100
18 73 100
18 73 100
18 73 100
18 73 100
18 73 100
18 73 100
18 73 100
18 73 100
18 73 100
18 73 100
18 73 100
18 73 100
18 73 100
18 73 100
19 73 100
19 73 100
19 73 100
19 73 100
19 73 100
19 73 100
19 73 100
19 73 100
19 73 100
19 73 100
19 73 100
19 73 100
19 73 100
19 73 100
19 73 100
19 73 100
19 73 100
19 73 100
19 74 100
19 74 100
19 74 100
19 74 100
19 74 100
19 74 100
19 74 100
19 74 100
19 74 100
19 74 100
19 74 100
19 74 100
19 74 100
19 74 100
19 74 100
19 74 100
19 74 100
19 74 100
20 74 100
20 74 100
20 74 100
20 74 100
20 74 100
20 74 100
20 74 100
20 74 100
20 74 100
20 74 100
20 74 100
20 74 100
20 74 100
20 74 100
20 74 100
20 74 100
20 74 100
20 75 100
20 75 100
20 75 100
20 75 100
20 75 100
20 75 100
20 75 100
20 75 100
20 75 100
20 75 100
20 75 100
20 75 100
20 75 100
20 75 100
20 75 100
20 75 100
20 75 100
20 75 100
20 76 100
20 76 100
20 76 100
20 76 100
20 76 100
20 76 100
20 76 100
20 76 100
20 76 100
20 76 100
20 76 100
20 76 100
20 76 100
20 76 100
20 76 100
20 76 100
20 76 100
20 76 100
20 77 100
20 77 100
20 77 100
20 77 100
20 77 100
20 77 100
20 77 100
20 77 100
20 77 100
20 77 100
20 77 100
20 77 100
20 77 100
20 77 100
20 77 100
20 77 100
20 77 100
20 77 100
20 77 100
20 78 100
20 78 100
20 78 100
20 78 100
20 78 100
20 78 100
20 78 100
20 78 100
20 78 100
20 78 100
20 78 100
20 78 100
20 78 100
20 78 100
20 78 100
20 78 100
20 78 100
20 78 100
20 78 100
20 79 100
20 79 100
20 79 100
20 79 100
20 79 100
20 79 100
20 79 100
20 79 100
20 79 100
20 79 100
20 79 100
20 79 100
20 79 100
20 79 100
20 79 100
20 79 100
20 79 100
20 79 100
20 80 100
20 80 100
20 80 100
20 80 100
20 80 100
20 80 100
20 80 100
20 80 100
20 80 100
20 80 100
20 80 100
20 80 100
20 80 100
20 80 100
20 80 100
20 80 100
20 81 100
20 81 100
20 81 100
20 81 100
20 81 100
20 81 100
20 81 100
20 81 100
20 81 100
20 81 100
20 81 100
20 81 100
20 81 100
20 81 100
20 81 100
20 81 100
20 82 100
20 82 100
20 82 100
20 82 100
20 82 100
20 82 100
20 82 100
20 82 100
20 82 100
20 82 100
20 82 100
20 82 100
20 82 100
20 82 100
20 83 100
20 83 100
20 83 100
20 83 100
20 83 100
20 83 100
20 83 100
20 83 100
20 83 100
20 83 100
20 83 100
20 83 100
20 84 100
20 84 100
20 84 100
20 84 100
20 84 100
20 84 100
20 84 100
20 84 100
20 84 100
20 84 100
20 85 100
20 85 100
20 85 100
20 85 100
20 85 100
20 85 100
20 85 100
20 85 100
20 86 100
20 86 100
20 86 100
20 86 100
20 86 100
20 86 100
20 86 100
20 87 100
20 87 100
20 87 100
20 87 100
20 87 100
20 87 100
20 88 100
20 88 100
20 88 100
20 88 100
20 88 100
20 88 100
20 89 100
20 89 100
20 89 100
20 89 100
20 89 100
20 90 100
20 90 100
20 90 100
20 90 100
20 90 100
20 91 100
20 91 100
20 91 100
20 91 100
20 91 100
20 91 100
20 92 100
20 92 100
20 92 100
20 92 100
20 92 100
20 92 100
20 93 100
20 93 100
20 93 100
20 93 100
20 93 100
20 93 100
20 94 100
20 94 100
20 94 100
20 94 100
20 94 100
20 94 100
20 94 100
20 95 100
20 95 100
20 95 100
20 95 100
20 95 100
20 95 100
20 95 100
20 96 100
20 96 100
20 96 100
20 96 100
20 96 100
20 96 100
20 96 100
20 97 100
20 97 100
20 97 100
20 97 100
20 97 100
20 97 100
20 97 100
20 97 100
20 98 100
20 98 100
20 98 100
20 98 100
20 98 100
20 98 100
20 98 100
20 98 100
20 99 100
20 99 100
20 99 100
20 99 100
20 99 100
20 99 100
20 99 100
20 99 100
20 100 100
20 100 100
20 100 100
20 100 100
20 100 100
20 100 100
20 101 100
20 101 100
20 101 100
20 101 100
20 101 100
20 101 100
20 102 100
20 102 100
20 102 100
20 102 100
20 102 100
20 103 100
20 103 100
20 103 100
20 103 100
20 104 100
20 104 100
20 104 100
20 105 100
20 105 100
20 105 100
20 106 100
20 106 100
20 107 100
20 107 100
20 108 100
20 108 100
20 109 100
20 109 100
21 110 100
21 111 100
22 111 100
22 111 100
22 112 100
22 112 100
23 112 100
23 112 100
23 113 100
23 113 100
24 113 100
24 113 100
24 114 100
24 114 100
25 114 100
25 114 100
25 115 100
25 115 100
26 115 100
26 115 100
26 116 100
26 116 100
27 116 100
27 117 100
28 117 100
28 118 100
29 118 100
29 119 100
30 119 100
30 120 100
30 121 100
30 122 100
30 123 100
30 124 100
30 125 100
30 126 100
30 127 100
30 128 100
30 129 100
30 130 100
30 131 100
30 132 100
30 133 100
30 134 100
30 135 100
30 136 100
30 137 100
30 138 100
30 139 100
30 141 100
30 142 100
30 143 100
30 144 100
30 145 100
30 146 100
30 147 100
30 148 100
30 149 100
93 135 100
92 135 100
92 136 100
91 136 100
91 137 100
90 137 100
90 138 100
90 139 100
90 141 100
90 142 100
90 143 100
90 144 100
90 145 100
90 146 100
90 147 100
90 148 100
90 149 100
