# score 75786
10 140 100
20 140 100
30 140 100
40 140 100
50 140 100
60 140 100
70 140 100
80 140 100
90 140 100
10 150 100
20 150 100
30 150 100
40 150 100
50 150 100
60 150 100
70 150 100
80 150 100
90 150 100
10 160 100
20 160 100
30 160 100
40 160 100
50 160 100
60 160 100
70 160 100
80 160 100
90 160 100
10 170 100
20 170 100
30 170 100
40 170 100
50 170 100
60 170 100
70 170 100
80 170 100
90 170 100
10 180 100
20 180 100
30 180 100
40 180 100
50 180 100
60 180 100
70 180 100
80 180 100
90 180 100
10 190 100
20 190 100
30 190 100
40 190 100
50 190 100
60 190 100
70 190 100
80 190 100
90 190 100
20 0 100
30 0 100
40 0 100
50 0 100
60 0 100
70 0 100
80 0 100
90 0 100
100 0 100
20 10 100
30 10 100
40 10 100
50 10 100
60 10 100
70 10 100
80 10 100
90 10 100
100 10 100
20 20 100
30 20 100
40 20 100
50 20 100
60 20 100
70 20 100
80 20 100
90 20 100
100 20 100
20 30 100
30 30 100
40 30 100
50 30 100
60 30 100
70 30 100
80 30 100
90 30 100
100 30 100
20 40 100
30 40 100
40 40 100
50 40 100
60 40 100
70 40 100
80 40 100
90 40 100
100 40 100
20 50 100
30 50 100
40 50 100
50 50 100
60 50 100
70 50 100
80 50 100
90 50 100
100 50 100
0 100 100
10 100 100
20 100 100
30 100 100
40 100 100
0 110 100
10 110 100
20 110 100
30 110 100
40 110 100
0 120 100
10 120 100
20 120 100
30 120 100
40 120 100
0 130 100
10 130 100
20 130 100
30 130 100
40 130 100
0 140 100
30 140 100
40 140 100
0 150 100
40 150 100
0 160 100
0 170 100
0 180 100
40 180 100
70 150 100
80 150 100
90 150 100
100 150 100
110 150 100
120 150 100
130 150 100
140 150 100
150 150 100
70 160 100
80 160 100
90 160 100
100 160 100
110 160 100
120 160 100
130 160 100
140 160 100
150 160 100
70 170 100
80 170 100
90 170 100
100 170 100
110 170 100
120 170 100
130 170 100
140 170 100
150 170 100
70 180 100
80 180 100
90 180 100
100 180 100
110 180 100
120 180 100
130 180 100
140 180 100
150 180 100
100 190 100
110 190 100
120 190 100
130 190 100
140 190 100
150 190 100
60 70 100
70 70 100
80 70 100
90 70 100
100 70 100
110 70 100
120 70 100
130 70 100
140 70 100
60 80 100
70 80 100
80 80 100
90 80 100
100 80 100
110 80 100
120 80 100
130 80 100
140 80 100
60 90 100
70 90 100
80 90 100
90 90 100
100 90 100
110 90 100
120 90 100
130 90 100
140 90 100
60 100 100
70 100 100
80 100 100
90 100 100
100 100 100
110 100 100
120 100 100
130 100 100
140 100 100
60 110 100
70 110 100
80 110 100
90 110 100
100 110 100
110 110 100
120 110 100
130 110 100
140 110 100
60 120 100
70 120 100
80 120 100
90 120 100
100 120 100
110 120 100
120 120 100
130 120 100
140 120 100
60 130 100
70 130 100
80 130 100
90 130 100
100 130 100
110 130 100
120 130 100
130 130 100
140 130 100
60 140 100
70 140 100
80 140 100
90 140 100
100 140 100
110 140 100
120 140 100
130 140 100
140 140 100
60 150 100
70 150 100
80 150 100
90 150 100
150 140 100
160 140 100
170 140 100
180 140 100
160 150 100
170 150 100
180 150 100
100 160 100
160 160 100
170 160 100
180 160 100
100 170 100
160 170 100
170 170 100
180 170 100
100 180 100
160 180 100
170 180 100
180 180 100
160 190 100
170 190 100
180 190 100
90 90 100
100 90 100
130 90 100
140 90 100
150 90 100
160 90 100
170 90 100
90 100 100
140 100 100
150 100 100
160 100 100
170 100 100
150 110 100
160 110 100
170 110 100
150 120 100
160 120 100
170 120 100
150 130 100
160 130 100
170 130 100
150 140 100
160 140 100
170 140 100
90 150 100
170 150 100
90 160 100
100 160 100
160 160 100
170 160 100
90 170 100
110 40 100
120 40 100
130 40 100
140 40 100
150 40 100
160 40 100
170 40 100
180 40 100
190 40 100
110 50 100
120 50 100
130 50 100
140 50 100
150 50 100
160 50 100
170 50 100
180 50 100
190 50 100
110 60 100
120 60 100
130 60 100
140 60 100
150 60 100
160 60 100
170 60 100
180 60 100
190 60 100
110 70 100
120 70 100
130 70 100
140 70 100
150 70 100
160 70 100
170 70 100
180 70 100
190 70 100
110 80 100
120 80 100
130 80 100
140 80 100
150 80 100
160 80 100
170 80 100
180 80 100
190 80 100
140 90 100
150 90 100
160 90 100
180 90 100
190 90 100
180 100 100
190 100 100
180 110 100
190 110 100
150 120 100
160 120 100
170 120 100
180 120 100
190 120 100
140 60 100
150 60 100
140 70 100
150 70 100
160 70 100
190 70 100
140 80 100
150 80 100
160 80 100
180 80 100
190 80 100
140 90 100
150 90 100
190 90 100
150 120 100
150 130 100
160 130 100
170 130 100
180 130 100
190 130 100
150 140 100
160 140 100
170 140 100
180 140 100
190 140 100
0 50 100
10 50 100
20 50 100
30 50 100
0 60 100
10 60 100
20 60 100
30 60 100
40 60 100
0 70 100
10 70 100
20 70 100
30 70 100
40 70 100
0 80 100
10 80 100
20 80 100
30 80 100
40 80 100
0 90 100
10 90 100
20 90 100
30 90 100
40 90 100
40 100 100
40 120 100
40 130 100
100 119 100
101 120 100
102 120 100
103 120 100
104 120 100
105 120 100
106 120 100
107 120 100
108 120 100
109 120 100
110 121 100
110 122 100
110 123 100
110 124 100
110 125 100
110 126 100
110 127 100
110 128 100
110 129 100
110 131 100
110 132 100
110 133 100
110 134 100
110 135 100
110 136 100
110 137 100
110 138 100
110 139 100
110 141 100
110 142 100
110 143 100
110 144 100
110 145 100
110 146 100
110 147 100
110 148 100
110 149 100
110 151 100
110 152 100
110 153 100
110 154 100
110 155 100
110 156 100
110 157 100
110 158 100
110 159 100
110 161 100
110 162 100
110 163 100
110 164 100
110 165 100
110 166 100
110 167 100
110 168 100
110 169 100
110 171 100
110 172 100
110 173 100
110 174 100
110 175 100
110 176 100
110 177 100
110 178 100
110 179 100
110 181 100
110 182 100
110 183 100
110 184 100
110 185 100
110 186 100
110 187 100
110 188 100
110 189 100
111 190 100
112 190 100
113 190 100
114 190 100
115 190 100
116 190 100
117 190 100
118 190 100
119 190 100
119 191 100
119 192 100
119 193 100
119 194 100
119 195 100
119 196 100
119 197 100
119 198 100
143 182 100
142 182 100
142 183 100
141 183 100
141 184 100
140 184 100
140 185 100
140 186 100
140 187 100
140 188 100
140 189 100
139 190 100
138 190 100
137 190 100
136 190 100
135 190 100
134 190 100
133 190 100
132 190 100
131 190 100
129 190 100
128 190 100
127 190 100
126 190 100
125 190 100
124 190 100
123 190 100
122 190 100
121 190 100
132 134 100
131 134 100
131 133 100
130 133 100
130 132 100
130 131 100
129 130 100
128 130 100
127 130 100
126 130 100
125 130 100
124 130 100
123 130 100
122 130 100
121 130 100
119 130 100
118 130 100
117 130 100
116 130 100
115 130 100
114 130 100
113 130 100
112 130 100
111 130 100
151 87 100
151 87 100
151 87 100
151 87 100
150 87 100
150 87 100
150 87 100
150 87 100
150 87 100
150 87 100
150 88 100
150 88 100
150 88 100
150 88 100
150 89 100
150 89 100
150 89 100
150 89 100
150 91 100
150 91 100
150 91 100
150 92 100
150 92 100
150 92 100
150 93 100
150 93 100
150 94 100
150 94 100
150 95 100
150 95 100
150 96 100
150 96 100
150 97 100
150 97 100
150 98 100
150 99 100
150 101 100
150 102 100
150 103 100
150 104 100
150 105 100
150 106 100
150 107 100
150 108 100
150 109 100
150 111 100
150 112 100
150 113 100
150 114 100
150 115 100
150 116 100
150 117 100
150 118 100
150 118 100
150 119 100
150 119 100
149 120 100
149 120 100
149 120 100
148 120 100
148 120 100
147 120 100
147 120 100
146 120 100
146 120 100
145 120 100
144 120 100
143 120 100
142 120 100
141 120 100
140 121 100
140 122 100
140 123 100
140 124 100
140 125 100
140 126 100
140 127 100
140 128 100
140 129 100
139 130 100
138 130 100
137 130 100
136 130 100
135 130 100
134 130 100
133 130 100
132 130 100
131 130 100
185 102 100
184 102 100
184 101 100
183 101 100
183 100 100
182 100 100
181 100 100
179 100 100
178 100 100
177 100 100
176 100 100
175 100 100
174 100 100
173 100 100
172 100 100
171 100 100
169 100 100
168 100 100
167 100 100
166 100 100
165 100 100
164 100 100
163 100 100
162 100 100
161 100 100
159 100 100
158 100 100
157 100 100
156 100 100
155 100 100
154 100 100
153 100 100
152 100 100
151 100 100
5 97 100
6 97 100
6 98 100
7 98 100
7 99 100
8 99 100
8 100 100
9 100 100
10 101 100
10 102 100
10 103 100
10 104 100
10 105 100
10 106 100
10 107 100
10 108 100
10 109 100
10 111 100
10 112 100
10 113 100
10 114 100
10 115 100
10 116 100
10 117 100
10 118 100
10 119 100
10 121 100
10 122 100
10 123 100
10 124 100
10 125 100
10 126 100
10 127 100
10 128 100
10 129 100
10 131 100
10 132 100
10 133 100
10 134 100
10 135 100
10 136 100
10 137 100
10 138 100
10 139 100
10 141 100
10 142 100
10 143 100
10 144 100
10 145 100
10 146 100
10 147 100
10 148 100
10 149 100
9 150 100
9 149 100
8 149 100
8 148 100
7 148 100
6 148 100
