# score 213894
0 10 100
10 10 100
20 10 100
30 10 100
40 10 100
0 20 100
10 20 100
20 20 100
30 20 100
40 20 100
0 30 100
10 30 100
20 30 100
30 30 100
40 30 100
0 40 100
10 40 100
20 40 100
30 40 100
40 40 100
0 50 100
10 50 100
20 50 100
30 50 100
40 50 100
0 60 100
10 60 100
20 60 100
30 60 100
40 60 100
0 70 100
10 70 100
20 70 100
30 70 100
40 70 100
0 80 100
10 80 100
20 80 100
30 80 100
40 80 100
0 90 100
10 90 100
20 90 100
30 90 100
40 90 100
50 80 100
60 80 100
70 80 100
80 80 100
90 80 100
100 80 100
110 80 100
120 80 100
130 80 100
50 90 100
60 90 100
70 90 100
80 90 100
90 90 100
100 90 100
110 90 100
120 90 100
130 90 100
50 100 100
60 100 100
70 100 100
80 100 100
90 100 100
100 100 100
110 100 100
120 100 100
130 100 100
50 110 100
60 110 100
70 110 100
80 110 100
90 110 100
100 110 100
110 110 100
120 110 100
130 110 100
50 120 100
60 120 100
70 120 100
80 120 100
90 120 100
100 120 100
110 120 100
120 120 100
130 120 100
50 130 100
60 130 100
70 130 100
80 130 100
90 130 100
100 130 100
110 130 100
120 130 100
130 130 100
50 140 100
60 140 100
70 140 100
80 140 100
90 140 100
100 140 100
110 140 100
120 140 100
130 140 100
50 150 100
60 150 100
70 150 100
80 150 100
90 150 100
100 150 100
110 150 100
120 150 100
130 150 100
50 160 100
60 160 100
70 160 100
80 160 100
90 160 100
100 160 100
110 160 100
120 160 100
130 160 100
0 70 100
10 70 100
20 70 100
30 70 100
40 70 100
50 70 100
60 70 100
70 70 100
80 70 100
0 80 100
10 80 100
20 80 100
30 80 100
40 80 100
50 80 100
60 80 100
70 80 100
80 80 100
0 90 100
10 90 100
20 90 100
30 90 100
50 90 100
60 90 100
70 90 100
0 100 100
10 100 100
20 100 100
30 100 100
40 100 100
50 100 100
60 100 100
70 100 100
0 110 100
10 110 100
20 110 100
30 110 100
40 110 100
50 110 100
60 110 100
70 110 100
80 110 100
0 120 100
10 120 100
20 120 100
30 120 100
40 120 100
50 120 100
60 120 100
70 120 100
80 120 100
0 130 100
10 130 100
20 130 100
30 130 100
40 130 100
50 130 100
60 130 100
70 130 100
0 140 100
10 140 100
20 140 100
30 140 100
40 140 100
70 140 100
0 150 100
10 150 100
20 150 100
30 150 100
40 150 100
40 40 100
50 40 100
60 40 100
70 40 100
80 40 100
90 40 100
100 40 100
110 40 100
120 40 100
40 50 100
50 50 100
60 50 100
70 50 100
80 50 100
90 50 100
100 50 100
110 50 100
120 50 100
40 60 100
50 60 100
60 60 100
70 60 100
80 60 100
90 60 100
100 60 100
110 60 100
120 60 100
40 70 100
50 70 100
60 70 100
70 70 100
80 70 100
90 70 100
100 70 100
110 70 100
120 70 100
50 80 100
60 80 100
70 80 100
80 80 100
120 80 100
60 90 100
70 90 100
120 90 100
60 100 100
50 110 100
60 110 100
70 110 100
40 120 100
50 120 100
60 120 100
70 120 100
80 120 100
80 70 100
90 70 100
100 70 100
110 70 100
120 70 100
130 70 100
140 70 100
150 70 100
160 70 100
120 80 100
130 80 100
140 80 100
150 80 100
160 80 100
130 90 100
140 90 100
150 90 100
160 90 100
140 100 100
150 100 100
160 100 100
140 110 100
150 110 100
160 110 100
130 120 100
140 120 100
150 120 100
160 120 100
120 130 100
130 130 100
140 130 100
150 130 100
160 130 100
110 140 100
120 140 100
130 140 100
140 140 100
150 140 100
160 140 100
120 150 100
130 150 100
140 150 100
150 150 100
160 150 100
50 130 100
60 130 100
70 130 100
120 130 100
130 130 100
120 140 100
130 140 100
120 150 100
130 150 100
130 160 100
50 170 100
60 170 100
70 170 100
80 170 100
90 170 100
100 170 100
110 170 100
120 170 100
130 170 100
50 180 100
60 180 100
70 180 100
80 180 100
90 180 100
100 180 100
110 180 100
120 180 100
130 180 100
50 190 100
60 190 100
70 190 100
80 190 100
90 190 100
100 190 100
110 190 100
120 190 100
130 190 100
150 130 100
160 130 100
170 130 100
180 130 100
190 130 100
150 140 100
160 140 100
170 140 100
180 140 100
190 140 100
150 150 100
160 150 100
170 150 100
180 150 100
190 150 100
150 160 100
160 160 100
170 160 100
180 160 100
190 160 100
150 170 100
160 170 100
170 170 100
180 170 100
190 170 100
150 180 100
160 180 100
170 180 100
180 180 100
190 180 100
150 190 100
160 190 100
170 190 100
180 190 100
190 190 100
30 110 100
60 110 100
70 110 100
30 120 100
40 120 100
50 120 100
60 120 100
70 120 100
30 130 100
40 130 100
50 130 100
60 130 100
70 130 100
30 160 100
40 160 100
30 170 100
40 170 100
50 170 100
60 170 100
70 170 100
30 180 100
40 180 100
50 180 100
60 180 100
70 180 100
80 180 100
30 190 100
40 190 100
50 190 100
60 190 100
70 190 100
80 190 100
90 190 100
100 190 100
110 190 100
10 0 100
20 0 100
30 0 100
40 0 100
50 0 100
60 0 100
70 0 100
80 0 100
90 0 100
10 10 100
20 10 100
30 10 100
40 10 100
50 10 100
60 10 100
70 10 100
80 10 100
90 10 100
10 20 100
20 20 100
30 20 100
40 20 100
50 20 100
60 20 100
70 20 100
80 20 100
90 20 100
20 30 100
30 30 100
40 30 100
50 30 100
60 30 100
70 30 100
80 30 100
90 30 100
30 40 100
40 40 100
50 40 100
60 40 100
80 40 100
90 40 100
98 129 100
97 129 100
97 130 100
96 130 100
95 130 100
94 130 100
93 130 100
92 130 100
91 130 100
90 129 100
90 128 100
90 127 100
90 126 100
90 125 100
90 124 100
90 123 100
90 122 100
90 121 100
90 119 100
90 118 100
90 117 100
90 116 100
90 115 100
90 114 100
90 113 100
90 112 100
90 111 100
90 109 100
90 108 100
90 107 100
90 106 100
90 105 100
90 104 100
90 103 100
90 102 100
90 101 100
90 99 100
90 98 100
90 97 100
90 96 100
90 95 100
90 94 100
90 93 100
90 92 100
90 91 100
89 90 100
88 90 100
87 90 100
86 90 100
85 90 100
84 90 100
83 90 100
82 90 100
81 90 100
79 90 100
78 90 100
77 90 100
77 90 100
76 90 100
76 90 100
75 90 100
75 90 100
74 90 100
74 90 100
73 90 100
73 90 100
73 90 100
72 90 100
72 90 100
72 90 100
71 90 100
71 90 100
71 90 100
69 90 100
69 90 100
69 90 100
68 90 100
68 90 100
68 90 100
67 90 100
67 90 100
67 90 100
66 90 100
66 90 100
66 90 100
65 90 100
65 90 100
65 90 100
64 90 100
64 90 100
64 90 100
63 90 100
63 90 100
63 90 100
62 90 100
62 90 100
62 90 100
61 90 100
61 90 100
61 90 100
59 90 100
59 90 100
59 90 100
59 90 100
58 90 100
58 90 100
58 90 100
58 90 100
57 90 100
57 90 100
57 90 100
57 90 100
56 90 100
56 90 100
56 90 100
56 90 100
56 90 100
55 90 100
55 90 100
55 90 100
55 90 100
55 90 100
54 90 100
54 90 100
54 90 100
54 90 100
53 90 100
53 90 100
53 90 100
53 90 100
52 90 100
52 90 100
52 90 100
52 90 100
51 90 100
51 90 100
51 90 100
49 90 100
49 90 100
48 90 100
48 90 100
47 90 100
46 90 100
45 90 100
44 90 100
43 90 100
42 90 100
41 90 100
40 89 100
40 88 100
40 87 100
40 86 100
40 85 100
40 84 100
40 83 100
40 82 100
40 81 100
40 81 100
40 79 100
40 79 100
40 78 100
40 78 100
40 77 100
40 77 100
40 77 100
40 76 100
40 76 100
40 76 100
40 75 100
40 75 100
40 75 100
40 74 100
40 74 100
40 74 100
40 73 100
40 73 100
40 73 100
40 72 100
40 72 100
40 72 100
40 71 100
40 71 100
40 71 100
40 69 100
40 69 100
40 69 100
40 68 100
40 68 100
40 68 100
40 67 100
40 67 100
40 67 100
40 66 100
40 66 100
40 66 100
40 65 100
40 65 100
40 64 100
40 64 100
40 63 100
40 63 100
40 62 100
40 62 100
40 61 100
40 61 100
40 59 100
40 59 100
40 59 100
40 58 100
40 58 100
40 58 100
40 57 100
40 57 100
40 57 100
40 56 100
40 56 100
40 56 100
40 55 100
40 55 100
40 55 100
40 54 100
40 54 100
40 54 100
40 53 100
40 53 100
40 53 100
40 52 100
40 52 100
40 52 100
40 51 100
40 51 100
40 51 100
40 50 100
40 49 100
40 49 100
40 48 100
40 48 100
40 47 100
40 47 100
40 46 100
40 46 100
40 45 100
40 45 100
40 44 100
40 44 100
40 43 100
40 43 100
40 42 100
40 42 100
40 41 100
40 41 100
40 41 100
39 40 100
39 40 100
39 40 100
38 40 100
38 40 100
38 40 100
38 40 100
37 40 100
37 40 100
37 40 100
37 40 100
36 40 100
36 40 100
36 40 100
36 40 100
35 40 100
35 40 100
35 40 100
35 40 100
34 40 100
34 40 100
34 40 100
34 40 100
34 40 100
33 40 100
33 40 100
33 40 100
33 40 100
33 40 100
32 40 100
32 40 100
32 40 100
32 40 100
31 40 100
31 40 100
31 40 100
31 40 100
30 40 100
30 40 100
29 40 100
29 40 100
29 40 100
28 40 100
28 40 100
28 40 100
27 40 100
27 40 100
26 40 100
26 40 100
25 40 100
25 40 100
24 40 100
24 40 100
23 40 100
22 40 100
21 40 100
19 40 100
18 40 100
17 40 100
16 40 100
15 40 100
14 40 100
13 40 100
12 40 100
11 40 100
10 41 100
10 42 100
10 43 100
10 44 100
10 45 100
10 46 100
10 47 100
10 48 100
10 49 100
9 50 100
9 51 100
8 51 100
8 52 100
7 52 100
7 53 100
6 53 100
5 53 100
42 115 100
42 115 100
41 115 100
41 115 100
41 114 100
41 114 100
40 114 100
40 114 100
40 113 100
40 112 100
40 111 100
40 109 100
40 108 100
40 107 100
40 106 100
40 105 100
40 104 100
40 103 100
40 102 100
40 101 100
40 99 100
40 98 100
40 97 100
40 96 100
40 95 100
40 94 100
40 93 100
40 92 100
40 91 100
84 86 100
83 86 100
83 87 100
82 87 100
82 88 100
81 88 100
81 89 100
80 89 100
124 110 100
123 110 100
122 110 100
121 110 100
119 110 100
118 110 100
117 110 100
116 110 100
115 110 100
114 110 100
113 110 100
112 110 100
111 110 100
109 110 100
108 110 100
107 110 100
106 110 100
105 110 100
104 110 100
103 110 100
102 110 100
101 110 100
99 110 100
98 110 100
97 110 100
96 110 100
95 110 100
94 110 100
93 110 100
92 110 100
91 110 100
94 178 100
93 178 100
93 179 100
92 179 100
92 180 100
91 180 100
90 179 100
90 178 100
90 177 100
90 176 100
90 175 100
90 174 100
90 173 100
90 172 100
90 171 100
90 169 100
90 168 100
90 167 100
90 166 100
90 165 100
90 164 100
90 163 100
90 162 100
90 161 100
90 159 100
90 158 100
90 157 100
90 156 100
90 155 100
90 154 100
90 153 100
90 152 100
90 151 100
90 149 100
90 148 100
90 147 100
90 146 100
90 145 100
90 144 100
90 143 100
90 142 100
90 141 100
90 139 100
90 138 100
90 137 100
90 136 100
90 135 100
90 134 100
90 133 100
90 132 100
90 131 100
195 178 100
194 178 100
194 179 100
193 179 100
193 180 100
192 180 100
191 180 100
190 179 100
190 178 100
190 177 100
190 176 100
190 175 100
190 174 100
190 173 100
190 172 100
190 171 100
190 169 100
190 168 100
190 167 100
190 166 100
190 165 100
190 164 100
190 163 100
190 162 100
190 161 100
189 160 100
188 160 100
187 160 100
186 160 100
185 160 100
184 160 100
183 160 100
182 160 100
181 160 100
179 160 100
178 160 100
177 160 100
176 160 100
175 160 100
174 160 100
173 160 100
172 160 100
171 160 100
169 160 100
168 160 100
167 160 100
167 160 100
166 160 100
166 160 100
165 160 100
165 160 100
164 160 100
164 160 100
163 160 100
163 160 100
162 160 100
162 160 100
161 160 100
161 160 100
161 160 100
160 160 100
160 160 100
159 160 100
159 160 100
159 160 100
158 160 100
158 160 100
158 160 100
158 160 100
157 160 100
157 160 100
157 160 100
157 160 100
157 160 100
156 160 100
156 160 100
156 160 100
156 160 100
156 160 100
156 160 100
156 160 100
155 160 100
155 160 100
155 160 100
155 160 100
155 160 100
155 160 100
155 160 100
155 160 100
155 160 100
154 160 100
154 160 100
154 160 100
154 160 100
154 160 100
154 160 100
154 160 100
154 160 100
154 160 100
154 160 100
154 160 100
154 160 100
153 160 100
153 160 100
153 160 100
153 160 100
153 160 100
153 160 100
153 160 100
153 160 100
153 160 100
153 160 100
153 160 100
153 160 100
153 160 100
153 160 100
153 160 100
152 160 100
152 160 100
152 160 100
152 160 100
152 160 100
152 160 100
152 160 100
152 160 100
152 160 100
152 160 100
152 160 100
152 160 100
152 160 100
152 160 100
152 160 100
152 160 100
152 160 100
152 160 100
152 160 100
151 160 100
151 160 100
151 160 100
151 160 100
151 160 100
151 160 100
151 160 100
151 160 100
151 160 100
151 160 100
151 160 100
151 160 100
151 160 100
151 160 100
151 160 100
151 160 100
151 160 100
151 160 100
151 160 100
151 160 100
151 160 100
151 160 100
150 160 100
150 160 100
150 160 100
150 160 100
150 160 100
150 160 100
150 160 100
150 160 100
150 160 100
150 160 100
150 160 100
150 160 100
150 160 100
150 160 100
150 160 100
150 160 100
150 160 100
150 160 100
150 160 100
150 160 100
150 160 100
150 160 100
150 160 100
150 160 100
149 160 100
149 160 100
149 160 100
149 160 100
149 160 100
149 160 100
149 160 100
149 160 100
149 160 100
149 160 100
149 160 100
149 160 100
149 160 100
149 160 100
149 160 100
149 160 100
149 160 100
149 160 100
149 160 100
149 160 100
149 160 100
149 160 100
149 160 100
149 160 100
149 160 100
149 160 100
149 160 100
149 160 100
148 160 100
148 160 100
148 160 100
148 160 100
148 160 100
148 160 100
148 160 100
148 160 100
148 160 100
148 160 100
148 160 100
148 160 100
148 160 100
148 160 100
148 160 100
148 160 100
148 160 100
148 160 100
148 160 100
148 160 100
148 160 100
148 160 100
148 160 100
148 160 100
148 160 100
148 160 100
148 160 100
148 160 100
148 160 100
147 160 100
147 160 100
147 160 100
147 160 100
147 160 100
147 160 100
147 160 100
147 160 100
147 160 100
147 160 100
147 160 100
147 160 100
147 160 100
147 160 100
147 160 100
147 160 100
147 160 100
147 160 100
147 160 100
147 160 100
147 160 100
147 160 100
147 160 100
147 160 100
147 160 100
147 160 100
147 160 100
147 160 100
147 160 100
147 160 100
146 160 100
146 160 100
146 160 100
146 160 100
146 160 100
146 160 100
146 160 100
146 160 100
146 160 100
146 160 100
146 160 100
146 160 100
146 160 100
146 160 100
146 160 100
146 160 100
146 160 100
146 160 100
146 160 100
146 160 100
146 160 100
146 160 100
146 160 100
146 160 100
146 160 100
146 160 100
146 160 100
146 160 100
146 160 100
146 160 100
146 160 100
145 160 100
145 160 100
145 160 100
145 160 100
145 160 100
145 160 100
145 160 100
145 160 100
145 160 100
145 160 100
145 160 100
145 160 100
145 160 100
145 160 100
145 160 100
145 160 100
145 160 100
145 160 100
145 160 100
145 160 100
145 160 100
145 160 100
145 160 100
145 160 100
145 160 100
145 160 100
145 160 100
145 160 100
145 160 100
145 160 100
144 160 100
144 160 100
144 160 100
144 160 100
144 160 100
144 160 100
144 160 100
144 160 100
144 160 100
144 160 100
144 160 100
144 160 100
144 160 100
144 160 100
144 160 100
144 160 100
144 160 100
144 160 100
144 160 100
144 160 100
144 160 100
144 160 100
144 160 100
144 160 100
144 160 100
144 160 100
144 160 100
144 160 100
144 160 100
144 160 100
143 160 100
143 160 100
143 160 100
143 160 100
143 160 100
143 160 100
143 160 100
143 160 100
143 160 100
143 160 100
143 160 100
143 160 100
143 160 100
143 160 100
143 160 100
143 160 100
143 160 100
143 160 100
143 160 100
143 160 100
143 160 100
143 160 100
143 160 100
143 160 100
143 160 100
143 160 100
143 160 100
143 160 100
143 160 100
143 160 100
142 160 100
142 160 100
142 160 100
142 160 100
142 160 100
142 160 100
142 160 100
142 160 100
142 160 100
142 160 100
142 160 100
142 160 100
142 160 100
142 160 100
142 160 100
142 160 100
142 160 100
142 160 100
142 160 100
142 160 100
142 160 100
142 160 100
142 160 100
142 160 100
142 160 100
142 160 100
142 160 100
142 160 100
142 160 100
142 160 100
141 160 100
141 160 100
141 160 100
141 160 100
141 160 100
141 160 100
141 160 100
141 160 100
141 160 100
141 160 100
141 160 100
141 160 100
141 160 100
141 160 100
141 160 100
141 160 100
141 160 100
141 160 100
141 160 100
141 160 100
141 160 100
141 160 100
141 160 100
141 160 100
141 160 100
141 160 100
141 160 100
141 160 100
141 160 100
141 160 100
140 160 100
140 160 100
140 160 100
140 160 100
140 160 100
140 160 100
140 160 100
140 160 100
140 160 100
140 160 100
140 160 100
140 160 100
140 160 100
140 160 100
140 160 100
140 160 100
140 160 100
140 160 100
140 160 100
140 160 100
140 160 100
140 160 100
140 160 100
140 160 100
140 160 100
140 160 100
140 160 100
140 160 100
140 160 100
139 160 100
139 160 100
139 160 100
139 160 100
139 160 100
139 160 100
139 160 100
139 160 100
139 160 100
139 160 100
139 160 100
139 160 100
139 160 100
139 160 100
139 160 100
139 160 100
139 160 100
139 160 100
139 160 100
139 160 100
139 160 100
139 160 100
139 160 100
139 160 100
139 160 100
139 160 100
139 160 100
139 160 100
139 160 100
138 160 100
138 160 100
138 160 100
138 160 100
138 160 100
138 160 100
138 160 100
138 160 100
138 160 100
138 160 100
138 160 100
138 160 100
138 160 100
138 160 100
138 160 100
138 160 100
138 160 100
138 160 100
138 160 100
138 160 100
138 160 100
138 160 100
138 160 100
138 160 100
138 160 100
138 160 100
138 160 100
138 160 100
137 160 100
137 160 100
137 160 100
137 160 100
137 160 100
137 160 100
137 160 100
137 160 100
137 160 100
137 160 100
137 160 100
137 160 100
137 160 100
137 160 100
137 160 100
137 160 100
137 160 100
137 160 100
137 160 100
137 160 100
137 160 100
137 160 100
137 160 100
137 160 100
137 160 100
137 160 100
137 160 100
137 160 100
136 160 100
136 160 100
136 160 100
136 160 100
136 160 100
136 160 100
136 160 100
136 160 100
136 160 100
136 160 100
136 160 100
136 160 100
136 160 100
136 160 100
136 160 100
136 160 100
136 160 100
136 160 100
136 160 100
136 160 100
136 160 100
136 160 100
136 160 100
136 160 100
136 160 100
136 160 100
135 160 100
135 160 100
135 160 100
135 160 100
135 160 100
135 160 100
135 160 100
135 160 100
135 160 100
135 160 100
135 160 100
135 160 100
135 160 100
135 160 100
135 160 100
135 160 100
135 160 100
135 160 100
135 160 100
135 160 100
135 160 100
135 160 100
135 160 100
135 160 100
135 160 100
134 160 100
134 160 100
134 160 100
134 160 100
134 160 100
134 160 100
134 160 100
134 160 100
134 160 100
134 160 100
134 160 100
134 160 100
134 160 100
134 160 100
134 160 100
134 160 100
134 160 100
134 160 100
134 160 100
134 160 100
134 160 100
134 160 100
134 160 100
133 160 100
133 160 100
133 160 100
133 160 100
133 160 100
133 160 100
133 160 100
133 160 100
133 160 100
133 160 100
133 160 100
133 160 100
133 160 100
133 160 100
133 160 100
133 160 100
133 160 100
133 160 100
133 160 100
133 160 100
132 160 100
132 160 100
132 160 100
132 160 100
132 160 100
132 160 100
132 160 100
132 160 100
132 160 100
132 160 100
132 160 100
132 160 100
132 160 100
132 160 100
132 160 100
132 160 100
132 160 100
132 160 100
131 160 100
131 160 100
131 160 100
131 160 100
131 160 100
131 160 100
131 160 100
131 160 100
131 160 100
131 160 100
131 160 100
131 160 100
131 160 100
131 160 100
131 160 100
130 160 100
130 160 100
130 160 100
130 160 100
130 160 100
130 160 100
130 160 100
130 160 100
130 160 100
130 160 100
130 160 100
129 160 100
129 160 100
129 160 100
129 160 100
129 160 100
129 160 100
129 160 100
129 160 100
129 160 100
129 160 100
128 160 100
128 160 100
128 160 100
128 160 100
128 160 100
128 160 100
128 160 100
128 160 100
127 160 100
127 160 100
127 160 100
127 160 100
127 160 100
127 160 100
126 160 100
126 160 100
126 160 100
126 160 100
126 160 100
125 160 100
125 160 100
125 160 100
125 160 100
124 160 100
124 160 100
124 160 100
123 160 100
123 160 100
122 160 100
122 160 100
121 160 100
121 160 100
119 160 100
118 160 100
117 160 100
116 160 100
115 160 100
114 160 100
113 160 100
112 160 100
111 160 100
109 160 100
108 160 100
107 160 100
106 160 100
105 160 100
104 160 100
103 160 100
102 160 100
101 160 100
99 160 100
98 160 100
97 160 100
96 160 100
95 160 100
94 160 100
93 160 100
92 160 100
91 160 100
72 154 100
71 154 100
71 153 100
70 153 100
70 152 100
70 151 100
71 150 100
72 150 100
73 150 100
74 150 100
75 150 100
76 150 100
77 150 100
78 150 100
79 150 100
81 150 100
82 150 100
83 150 100
84 150 100
85 150 100
86 150 100
87 150 100
88 150 100
89 150 100
51 9 100
51 9 100
51 9 100
51 9 100
51 9 100
51 9 100
51 9 100
51 9 100
50 9 100
50 9 100
50 9 100
50 9 100
50 9 100
50 9 100
50 9 100
50 9 100
50 9 100
50 10 100
50 10 100
50 10 100
50 10 100
50 10 100
50 10 100
50 10 100
50 10 100
50 10 100
50 11 100
50 11 100
50 11 100
50 11 100
50 11 100
50 11 100
50 11 100
50 11 100
50 11 100
50 11 100
50 11 100
50 12 100
50 12 100
50 12 100
50 12 100
50 12 100
50 12 100
50 12 100
50 12 100
50 12 100
50 12 100
50 12 100
50 12 100
50 12 100
50 13 100
50 13 100
50 13 100
50 13 100
50 13 100
50 13 100
50 13 100
50 13 100
50 13 100
50 13 100
50 13 100
50 13 100
50 13 100
50 13 100
50 13 100
50 14 100
50 14 100
50 14 100
50 14 100
50 14 100
50 14 100
50 14 100
50 14 100
50 14 100
50 14 100
50 14 100
50 14 100
50 14 100
50 14 100
50 14 100
50 14 100
50 14 100
50 15 100
50 15 100
50 15 100
50 15 100
50 15 100
50 15 100
50 15 100
50 15 100
50 15 100
50 15 100
50 15 100
50 15 100
50 15 100
50 15 100
50 15 100
50 15 100
50 15 100
50 15 100
50 15 100
50 16 100
50 16 100
50 16 100
50 16 100
50 16 100
50 16 100
50 16 100
50 16 100
50 16 100
50 16 100
50 16 100
50 16 100
50 16 100
50 16 100
50 16 100
50 16 100
50 16 100
50 16 100
50 16 100
50 16 100
50 17 100
50 17 100
50 17 100
50 17 100
50 17 100
50 17 100
50 17 100
50 17 100
50 17 100
50 17 100
50 17 100
50 17 100
50 17 100
50 17 100
50 17 100
50 17 100
50 17 100
50 17 100
50 17 100
50 17 100
50 17 100
50 18 100
50 18 100
50 18 100
50 18 100
50 18 100
50 18 100
50 18 100
50 18 100
50 18 100
50 18 100
50 18 100
50 18 100
50 18 100
50 18 100
50 18 100
50 18 100
50 18 100
50 18 100
50 18 100
50 18 100
50 18 100
50 18 100
50 19 100
50 19 100
50 19 100
50 19 100
50 19 100
50 19 100
50 19 100
50 19 100
50 19 100
50 19 100
50 19 100
50 19 100
50 19 100
50 19 100
50 19 100
50 19 100
50 19 100
50 19 100
50 19 100
50 19 100
50 19 100
50 19 100
50 20 100
50 20 100
50 20 100
50 20 100
50 20 100
50 20 100
50 20 100
50 20 100
50 20 100
50 20 100
50 20 100
50 20 100
50 20 100
50 20 100
50 20 100
50 20 100
50 20 100
50 20 100
50 20 100
50 20 100
50 21 100
50 21 100
50 21 100
50 21 100
50 21 100
50 21 100
50 21 100
50 21 100
50 21 100
50 21 100
50 21 100
50 21 100
50 21 100
50 21 100
50 21 100
50 21 100
50 21 100
50 21 100
50 21 100
50 21 100
50 22 100
50 22 100
50 22 100
50 22 100
50 22 100
50 22 100
50 22 100
50 22 100
50 22 100
50 22 100
50 22 100
50 22 100
50 22 100
50 22 100
50 22 100
50 22 100
50 22 100
50 22 100
50 23 100
50 23 100
50 23 100
50 23 100
50 23 100
50 23 100
50 23 100
50 23 100
50 23 100
50 23 100
50 23 100
50 23 100
50 23 100
50 23 100
50 23 100
50 23 100
50 24 100
50 24 100
50 24 100
50 24 100
50 24 100
50 24 100
50 24 100
50 24 100
50 24 100
50 24 100
50 24 100
50 24 100
50 24 100
50 24 100
50 24 100
50 25 100
50 25 100
50 25 100
50 25 100
50 25 100
50 25 100
50 25 100
50 25 100
50 25 100
50 25 100
50 25 100
50 25 100
50 25 100
50 26 100
50 26 100
50 26 100
50 26 100
50 26 100
50 26 100
50 26 100
50 26 100
50 26 100
50 26 100
50 26 100
50 26 100
50 27 100
50 27 100
50 27 100
50 27 100
50 27 100
50 27 100
50 27 100
50 27 100
50 27 100
50 27 100
50 27 100
50 28 100
50 28 100
50 28 100
50 28 100
50 28 100
50 28 100
50 28 100
50 28 100
50 28 100
50 28 100
50 29 100
50 29 100
50 29 100
50 29 100
50 29 100
50 29 100
50 29 100
50 29 100
50 29 100
50 30 100
50 30 100
50 30 100
50 30 100
50 30 100
50 30 100
50 30 100
50 30 100
50 31 100
50 31 100
50 31 100
50 31 100
50 31 100
50 31 100
50 31 100
50 31 100
50 32 100
50 32 100
50 32 100
50 32 100
50 32 100
50 32 100
50 32 100
50 32 100
50 33 100
50 33 100
50 33 100
50 33 100
50 33 100
50 33 100
50 33 100
50 34 100
50 34 100
50 34 100
50 34 100
50 34 100
50 34 100
50 35 100
50 35 100
50 35 100
50 35 100
50 35 100
50 35 100
50 36 100
50 36 100
50 36 100
50 36 100
50 36 100
50 37 100
50 37 100
50 37 100
50 37 100
50 38 100
50 38 100
50 38 100
50 39 100
50 39 100
50 39 100
49 40 100
49 40 100
48 40 100
48 40 100
47 40 100
47 40 100
46 40 100
46 40 100
45 40 100
45 40 100
44 40 100
44 40 100
43 40 100
43 40 100
42 40 100
42 40 100
42 40 100
41 40 100
41 40 100
41 40 100
