# score 122148
50 100 100
60 100 100
70 100 100
80 100 100
90 100 100
100 100 100
110 100 100
120 100 100
130 100 100
50 110 100
60 110 100
70 110 100
80 110 100
90 110 100
100 110 100
110 110 100
120 110 100
130 110 100
50 120 100
60 120 100
70 120 100
80 120 100
90 120 100
100 120 100
110 120 100
120 120 100
130 120 100
50 130 100
60 130 100
70 130 100
80 130 100
90 130 100
100 130 100
110 130 100
120 130 100
130 130 100
50 140 100
60 140 100
70 140 100
80 140 100
90 140 100
100 140 100
110 140 100
120 140 100
130 140 100
50 150 100
60 150 100
70 150 100
80 150 100
90 150 100
100 150 100
110 150 100
120 150 100
130 150 100
50 160 100
60 160 100
70 160 100
80 160 100
90 160 100
100 160 100
110 160 100
120 160 100
130 160 100
50 170 100
60 170 100
70 170 100
80 170 100
90 170 100
100 170 100
110 170 100
120 170 100
130 170 100
50 180 100
60 180 100
70 180 100
80 180 100
90 180 100
100 180 100
110 180 100
120 180 100
130 180 100
120 130 100
130 130 100
140 130 100
150 130 100
160 130 100
100 140 100
110 140 100
120 140 100
130 140 100
140 140 100
150 140 100
160 140 100
90 150 100
100 150 100
110 150 100
120 150 100
130 150 100
140 150 100
150 150 100
160 150 100
80 160 100
90 160 100
100 160 100
110 160 100
120 160 100
130 160 100
140 160 100
150 160 100
160 160 100
80 170 100
90 170 100
100 170 100
110 170 100
120 170 100
140 170 100
150 170 100
160 170 100
90 180 100
100 180 100
110 180 100
120 180 100
140 180 100
150 180 100
160 180 100
80 190 100
90 190 100
100 190 100
110 190 100
120 190 100
130 190 100
140 190 100
150 190 100
160 190 100
120 80 100
130 80 100
140 80 100
150 80 100
160 80 100
170 80 100
180 80 100
190 80 100
120 90 100
130 90 100
140 90 100
150 90 100
160 90 100
170 90 100
180 90 100
190 90 100
140 100 100
150 100 100
160 100 100
170 100 100
180 100 100
190 100 100
140 110 100
150 110 100
160 110 100
170 110 100
180 110 100
190 110 100
120 120 100
130 120 100
140 120 100
150 120 100
160 120 100
170 120 100
180 120 100
190 120 100
120 130 100
130 130 100
140 130 100
170 130 100
180 130 100
190 130 100
120 140 100
130 140 100
140 140 100
170 140 100
180 140 100
190 140 100
120 150 100
130 150 100
140 150 100
170 150 100
180 150 100
190 150 100
120 160 100
170 160 100
180 160 100
190 160 100
90 0 100
100 0 100
110 0 100
120 0 100
130 0 100
140 0 100
150 0 100
160 0 100
170 0 100
90 10 100
100 10 100
110 10 100
120 10 100
130 10 100
140 10 100
150 10 100
160 10 100
170 10 100
90 20 100
100 20 100
110 20 100
120 20 100
130 20 100
140 20 100
150 20 100
160 20 100
170 20 100
90 30 100
100 30 100
110 30 100
120 30 100
130 30 100
140 30 100
150 30 100
160 30 100
170 30 100
90 40 100
100 40 100
110 40 100
120 40 100
130 40 100
140 40 100
150 40 100
160 40 100
170 40 100
90 50 100
100 50 100
110 50 100
120 50 100
130 50 100
140 50 100
150 50 100
160 50 100
170 50 100
90 60 100
100 60 100
110 60 100
120 60 100
130 60 100
140 60 100
150 60 100
160 60 100
170 60 100
90 70 100
100 70 100
110 70 100
120 70 100
130 70 100
140 70 100
150 70 100
160 70 100
170 70 100
180 150 100
190 150 100
170 160 100
180 160 100
190 160 100
170 170 100
180 170 100
190 170 100
160 180 100
170 180 100
180 180 100
190 180 100
160 190 100
170 190 100
180 190 100
190 190 100
0 120 100
10 120 100
20 120 100
30 120 100
40 120 100
50 120 100
60 120 100
70 120 100
0 130 100
10 130 100
20 130 100
30 130 100
40 130 100
50 130 100
60 130 100
0 140 100
10 140 100
20 140 100
30 140 100
40 140 100
50 140 100
60 140 100
0 150 100
10 150 100
20 150 100
30 150 100
40 150 100
0 160 100
10 160 100
20 160 100
30 160 100
40 160 100
50 160 100
60 160 100
70 160 100
0 170 100
10 170 100
20 170 100
30 170 100
40 170 100
50 170 100
60 170 100
70 170 100
0 180 100
10 180 100
20 180 100
30 180 100
40 180 100
50 180 100
60 180 100
70 180 100
0 190 100
10 190 100
20 190 100
30 190 100
40 190 100
50 190 100
60 190 100
70 190 100
0 40 100
10 40 100
20 40 100
30 40 100
40 40 100
50 40 100
60 40 100
0 50 100
10 50 100
20 50 100
30 50 100
40 50 100
50 50 100
60 50 100
0 60 100
10 60 100
20 60 100
30 60 100
40 60 100
50 60 100
60 60 100
0 70 100
10 70 100
20 70 100
30 70 100
40 70 100
50 70 100
60 70 100
0 80 100
10 80 100
20 80 100
30 80 100
40 80 100
50 80 100
60 80 100
0 90 100
10 90 100
20 90 100
30 90 100
40 90 100
50 90 100
60 90 100
0 100 100
10 100 100
20 100 100
30 100 100
40 100 100
60 100 100
0 110 100
10 110 100
20 110 100
30 110 100
40 110 100
50 110 100
60 110 100
30 120 100
40 120 100
50 120 100
60 120 100
134 35 100
135 35 100
135 36 100
136 36 100
136 37 100
137 37 100
137 38 100
138 38 100
138 39 100
139 39 100
139 40 100
140 41 100
140 42 100
140 43 100
140 44 100
140 45 100
140 46 100
140 47 100
140 48 100
140 49 100
140 51 100
140 52 100
140 53 100
140 54 100
140 55 100
140 56 100
140 57 100
140 57 100
140 58 100
140 58 100
140 59 100
140 59 100
140 60 100
140 60 100
140 61 100
140 61 100
140 61 100
140 61 100
140 62 100
140 62 100
140 62 100
140 62 100
140 63 100
140 63 100
140 63 100
140 63 100
140 64 100
140 64 100
140 64 100
140 64 100
140 65 100
140 65 100
140 65 100
140 66 100
140 66 100
140 66 100
140 67 100
140 67 100
140 68 100
140 68 100
140 69 100
140 69 100
139 70 100
138 70 100
137 70 100
136 70 100
135 70 100
134 70 100
133 70 100
132 70 100
131 70 100
130 71 100
130 72 100
130 73 100
130 73 100
130 74 100
130 74 100
130 75 100
130 75 100
130 76 100
130 76 100
130 77 100
130 78 100
130 79 100
130 81 100
130 82 100
130 83 100
130 84 100
130 85 100
130 86 100
130 87 100
130 88 100
130 89 100
130 91 100
130 92 100
130 93 100
130 94 100
130 95 100
130 96 100
130 97 100
130 98 100
130 99 100
130 101 100
130 102 100
130 103 100
130 104 100
130 105 100
130 106 100
130 107 100
130 108 100
130 109 100
129 110 100
128 110 100
127 110 100
126 110 100
125 110 100
124 110 100
123 110 100
122 110 100
121 110 100
119 110 100
118 110 100
117 110 100
116 110 100
115 110 100
114 110 100
113 110 100
112 110 100
111 110 100
110 111 100
110 112 100
110 113 100
110 114 100
110 115 100
110 116 100
110 117 100
110 118 100
110 119 100
110 121 100
110 122 100
110 123 100
110 124 100
110 125 100
110 126 100
110 127 100
110 128 100
110 129 100
109 130 100
108 130 100
107 130 100
106 130 100
105 130 100
104 130 100
103 130 100
102 130 100
101 130 100
100 131 100
100 132 100
100 133 100
100 134 100
100 135 100
100 136 100
100 137 100
100 138 100
100 139 100
99 140 100
98 140 100
97 140 100
96 140 100
95 140 100
94 140 100
93 140 100
92 140 100
91 140 100
192 198 100
191 198 100
191 197 100
190 197 100
190 196 100
190 195 100
190 194 100
190 193 100
190 192 100
190 191 100
189 190 100
188 190 100
188 190 100
187 190 100
187 190 100
186 190 100
186 190 100
186 190 100
185 190 100
185 190 100
185 190 100
184 190 100
184 190 100
184 190 100
184 190 100
183 190 100
183 190 100
183 190 100
183 190 100
182 190 100
182 190 100
182 190 100
182 190 100
181 190 100
181 190 100
181 190 100
181 190 100
180 190 100
180 190 100
180 190 100
179 190 100
179 190 100
179 190 100
179 190 100
179 190 100
178 190 100
178 190 100
178 190 100
178 190 100
178 190 100
177 190 100
177 190 100
177 190 100
177 190 100
177 190 100
176 190 100
176 190 100
176 190 100
176 190 100
176 190 100
175 190 100
175 190 100
175 190 100
175 190 100
175 190 100
174 190 100
174 190 100
174 190 100
174 190 100
174 190 100
174 190 100
173 190 100
173 190 100
173 190 100
173 190 100
173 190 100
173 190 100
173 190 100
173 190 100
172 190 100
172 190 100
172 190 100
172 190 100
172 190 100
172 190 100
172 190 100
172 190 100
172 190 100
172 190 100
171 190 100
171 190 100
171 190 100
171 190 100
171 190 100
171 190 100
171 190 100
171 190 100
171 190 100
171 190 100
171 190 100
171 190 100
170 190 100
170 190 100
170 190 100
170 190 100
170 190 100
170 190 100
170 190 100
170 190 100
170 190 100
170 190 100
170 190 100
170 190 100
170 190 100
170 190 100
169 190 100
169 190 100
169 190 100
169 190 100
169 190 100
169 190 100
169 190 100
169 190 100
169 190 100
169 190 100
169 190 100
169 190 100
169 190 100
169 190 100
169 190 100
169 190 100
169 190 100
168 190 100
168 190 100
168 190 100
168 190 100
168 190 100
168 190 100
168 190 100
168 190 100
168 190 100
168 190 100
168 190 100
168 190 100
168 190 100
168 190 100
168 190 100
168 190 100
168 190 100
168 190 100
168 190 100
168 190 100
167 190 100
167 190 100
167 190 100
167 190 100
167 190 100
167 190 100
167 190 100
167 190 100
167 190 100
167 190 100
167 190 100
167 190 100
167 190 100
167 190 100
167 190 100
167 190 100
167 190 100
167 190 100
167 190 100
167 190 100
167 190 100
167 190 100
166 190 100
166 190 100
166 190 100
166 190 100
166 190 100
166 190 100
166 190 100
166 190 100
166 190 100
166 190 100
166 190 100
166 190 100
166 190 100
166 190 100
166 190 100
166 190 100
166 190 100
166 190 100
166 190 100
166 190 100
166 190 100
166 190 100
166 190 100
166 190 100
165 190 100
165 190 100
165 190 100
165 190 100
165 190 100
165 190 100
165 190 100
165 190 100
165 190 100
165 190 100
165 190 100
165 190 100
165 190 100
165 190 100
165 190 100
165 190 100
165 190 100
165 190 100
165 190 100
165 190 100
165 190 100
165 190 100
165 190 100
165 190 100
165 190 100
164 190 100
164 190 100
164 190 100
164 190 100
164 190 100
164 190 100
164 190 100
164 190 100
164 190 100
164 190 100
164 190 100
164 190 100
164 190 100
164 190 100
164 190 100
164 190 100
164 190 100
164 190 100
164 190 100
164 190 100
164 190 100
164 190 100
164 190 100
164 190 100
164 190 100
164 190 100
163 190 100
163 190 100
163 190 100
163 190 100
163 190 100
163 190 100
163 190 100
163 190 100
163 190 100
163 190 100
163 190 100
163 190 100
163 190 100
163 190 100
163 190 100
163 190 100
163 190 100
163 190 100
163 190 100
163 190 100
163 190 100
163 190 100
163 190 100
163 190 100
163 190 100
162 190 100
162 190 100
162 190 100
162 190 100
162 190 100
162 190 100
162 190 100
162 190 100
162 190 100
162 190 100
162 190 100
162 190 100
162 190 100
162 190 100
162 190 100
162 190 100
162 190 100
162 190 100
162 190 100
162 190 100
162 190 100
162 190 100
162 190 100
161 190 100
161 190 100
161 190 100
161 190 100
161 190 100
161 190 100
161 190 100
161 190 100
161 190 100
161 190 100
161 190 100
161 190 100
161 190 100
161 190 100
161 190 100
161 190 100
161 190 100
161 190 100
161 190 100
161 190 100
160 190 100
160 190 100
160 190 100
160 190 100
160 190 100
160 190 100
160 190 100
160 190 100
160 190 100
160 190 100
160 190 100
160 190 100
160 190 100
160 190 100
159 190 100
159 190 100
159 190 100
159 190 100
159 190 100
159 190 100
159 190 100
159 190 100
159 190 100
159 190 100
159 190 100
159 190 100
159 190 100
158 190 100
158 190 100
158 190 100
158 190 100
158 190 100
158 190 100
158 190 100
158 190 100
158 190 100
158 190 100
157 190 100
157 190 100
157 190 100
157 190 100
157 190 100
157 190 100
157 190 100
156 190 100
156 190 100
156 190 100
156 190 100
156 190 100
155 190 100
155 190 100
155 190 100
155 190 100
154 190 100
154 190 100
154 190 100
153 190 100
153 190 100
152 190 100
152 190 100
151 190 100
151 190 100
150 189 100
150 188 100
150 187 100
150 186 100
150 185 100
150 184 100
150 183 100
150 182 100
150 181 100
149 180 100
148 180 100
147 180 100
146 180 100
145 180 100
144 180 100
143 180 100
142 180 100
141 180 100
139 180 100
138 180 100
137 180 100
136 180 100
135 180 100
134 180 100
133 180 100
132 180 100
131 180 100
129 180 100
129 179 100
128 179 100
30 162 100
30 162 100
30 162 100
30 162 100
30 161 100
30 161 100
30 161 100
30 160 100
30 159 100
30 158 100
30 157 100
30 156 100
30 155 100
30 154 100
30 153 100
30 152 100
30 151 100
31 150 100
32 150 100
33 150 100
34 150 100
35 150 100
36 150 100
37 150 100
38 150 100
39 150 100
41 150 100
42 150 100
43 150 100
44 150 100
45 150 100
46 150 100
47 150 100
48 150 100
49 150 100
51 150 100
52 150 100
53 150 100
54 150 100
55 150 100
55 150 100
56 150 100
56 150 100
57 150 100
58 150 100
59 150 100
61 150 100
62 150 100
63 150 100
64 150 100
65 150 100
66 150 100
67 150 100
68 150 100
69 150 100
70 149 100
70 148 100
70 147 100
70 146 100
70 145 100
70 144 100
70 143 100
70 142 100
70 141 100
71 140 100
72 140 100
73 140 100
74 140 100
75 140 100
76 140 100
77 140 100
78 140 100
79 140 100
81 140 100
82 140 100
83 140 100
84 140 100
85 140 100
86 140 100
87 140 100
88 140 100
89 140 100
21 89 100
22 89 100
22 90 100
23 90 100
24 90 100
25 90 100
26 90 100
27 90 100
28 90 100
29 90 100
30 91 100
30 92 100
30 93 100
30 94 100
30 95 100
30 96 100
30 97 100
30 98 100
30 99 100
30 101 100
30 102 100
30 103 100
30 104 100
30 105 100
30 106 100
30 107 100
30 108 100
30 109 100
30 111 100
30 112 100
30 113 100
30 114 100
30 115 100
30 116 100
30 117 100
30 118 100
30 118 100
30 119 100
30 119 100
30 121 100
30 121 100
30 122 100
30 122 100
30 123 100
30 124 100
30 125 100
30 126 100
30 127 100
30 128 100
30 129 100
30 131 100
30 132 100
30 133 100
30 134 100
30 135 100
30 136 100
30 137 100
30 138 100
30 139 100
30 141 100
30 142 100
30 143 100
30 144 100
30 145 100
30 146 100
30 147 100
30 148 100
30 149 100
