# score 127020
0 30 100
10 30 100
20 30 100
30 30 100
40 30 100
50 30 100
60 30 100
70 30 100
80 30 100
0 40 100
10 40 100
20 40 100
30 40 100
40 40 100
50 40 100
60 40 100
70 40 100
80 40 100
0 50 100
10 50 100
20 50 100
30 50 100
40 50 100
50 50 100
60 50 100
70 50 100
80 50 100
0 60 100
10 60 100
20 60 100
30 60 100
40 60 100
50 60 100
60 60 100
70 60 100
80 60 100
0 70 100
10 70 100
20 70 100
30 70 100
40 70 100
50 70 100
60 70 100
70 70 100
80 70 100
0 80 100
10 80 100
20 80 100
30 80 100
40 80 100
50 80 100
60 80 100
70 80 100
80 80 100
0 90 100
10 90 100
20 90 100
30 90 100
40 90 100
50 90 100
60 90 100
70 90 100
80 90 100
0 100 100
10 100 100
20 100 100
30 100 100
40 100 100
50 100 100
60 100 100
70 100 100
80 100 100
0 110 100
10 110 100
20 110 100
30 110 100
40 110 100
50 110 100
60 110 100
70 110 100
80 110 100
0 10 100
10 10 100
20 10 100
30 10 100
40 10 100
50 10 100
60 10 100
0 20 100
10 20 100
20 20 100
30 20 100
40 20 100
50 20 100
60 20 100
20 30 100
30 30 100
40 30 100
0 40 100
10 40 100
20 40 100
30 40 100
0 50 100
10 50 100
30 50 100
40 50 100
30 60 100
40 60 100
20 70 100
30 70 100
60 70 100
10 80 100
20 80 100
30 80 100
40 80 100
10 90 100
20 90 100
30 90 100
40 90 100
50 90 100
10 90 100
20 90 100
30 90 100
40 90 100
50 90 100
20 100 100
40 100 100
50 100 100
70 100 100
80 100 100
20 110 100
60 110 100
70 110 100
80 110 100
0 120 100
10 120 100
20 120 100
30 120 100
40 120 100
50 120 100
60 120 100
70 120 100
80 120 100
0 130 100
10 130 100
20 130 100
30 130 100
40 130 100
50 130 100
60 130 100
70 130 100
80 130 100
0 140 100
10 140 100
20 140 100
30 140 100
40 140 100
50 140 100
60 140 100
70 140 100
80 140 100
0 150 100
10 150 100
20 150 100
30 150 100
40 150 100
50 150 100
60 150 100
70 150 100
80 150 100
0 160 100
10 160 100
20 160 100
30 160 100
40 160 100
50 160 100
60 160 100
70 160 100
80 160 100
0 170 100
10 170 100
20 170 100
30 170 100
40 170 100
50 170 100
60 170 100
70 170 100
80 170 100
60 10 100
70 10 100
80 10 100
90 10 100
100 10 100
110 10 100
120 10 100
130 10 100
70 20 100
80 20 100
90 20 100
100 20 100
110 20 100
120 20 100
130 20 100
90 30 100
100 30 100
110 30 100
120 30 100
130 30 100
70 40 100
80 40 100
90 40 100
100 40 100
110 40 100
120 40 100
130 40 100
70 50 100
90 50 100
100 50 100
110 50 100
120 50 100
130 50 100
70 60 100
80 60 100
90 60 100
100 60 100
110 60 100
120 60 100
130 60 100
60 70 100
80 70 100
90 70 100
100 70 100
110 70 100
120 70 100
130 70 100
90 80 100
100 80 100
110 80 100
120 80 100
130 80 100
50 90 100
90 90 100
100 90 100
110 90 100
120 90 100
130 90 100
0 0 100
10 0 100
20 0 100
30 0 100
40 0 100
10 10 100
20 10 100
40 10 100
20 20 100
30 20 100
20 30 100
30 30 100
40 30 100
0 40 100
10 40 100
30 40 100
0 50 100
10 50 100
10 0 100
40 0 100
50 0 100
60 0 100
70 0 100
80 0 100
90 0 100
20 10 100
60 10 100
70 10 100
80 10 100
90 10 100
20 20 100
30 20 100
70 20 100
90 20 100
20 30 100
30 30 100
40 30 100
10 40 100
30 40 100
70 40 100
80 40 100
90 40 100
10 50 100
70 50 100
30 60 100
30 70 100
60 70 100
80 70 100
90 70 100
20 80 100
30 80 100
40 80 100
140 20 100
150 20 100
160 20 100
170 20 100
180 20 100
190 20 100
140 30 100
150 30 100
160 30 100
170 30 100
180 30 100
190 30 100
140 40 100
150 40 100
160 40 100
170 40 100
180 40 100
190 40 100
140 50 100
150 50 100
160 50 100
170 50 100
180 50 100
190 50 100
140 60 100
150 60 100
160 60 100
170 60 100
180 60 100
190 60 100
140 70 100
150 70 100
160 70 100
170 70 100
180 70 100
190 70 100
140 80 100
150 80 100
160 80 100
170 80 100
180 80 100
190 80 100
140 90 100
150 90 100
160 90 100
170 90 100
180 90 100
190 90 100
140 100 100
150 100 100
160 100 100
170 100 100
180 100 100
190 100 100
80 70 100
90 70 100
110 70 100
150 70 100
110 80 100
120 80 100
110 90 100
120 90 100
80 100 100
90 100 100
100 100 100
110 100 100
120 100 100
130 100 100
150 100 100
70 110 100
80 110 100
90 110 100
100 110 100
110 110 100
120 110 100
130 110 100
140 110 100
150 110 100
90 120 100
100 120 100
110 120 100
120 120 100
130 120 100
140 120 100
150 120 100
90 130 100
100 130 100
110 130 100
120 130 100
130 130 100
140 130 100
150 130 100
90 140 100
100 140 100
110 140 100
120 140 100
130 140 100
140 140 100
150 140 100
90 150 100
100 150 100
110 150 100
120 150 100
130 150 100
140 150 100
150 150 100
130 50 100
150 50 100
160 50 100
170 50 100
150 60 100
160 60 100
170 60 100
180 60 100
150 70 100
160 70 100
170 70 100
180 70 100
190 90 100
150 100 100
160 100 100
190 100 100
140 110 100
150 110 100
160 110 100
170 110 100
180 110 100
190 110 100
130 120 100
160 120 100
170 120 100
180 120 100
190 120 100
130 130 100
140 130 100
160 130 100
170 130 100
180 130 100
190 130 100
70 0 100
80 0 100
90 0 100
100 0 100
110 0 100
120 0 100
130 0 100
140 0 100
150 0 100
70 10 100
80 10 100
90 10 100
100 10 100
110 10 100
140 10 100
150 10 100
70 20 100
100 20 100
110 20 100
150 20 100
100 30 100
110 30 100
120 30 100
140 30 100
150 30 100
70 40 100
100 40 100
110 40 100
140 40 100
150 40 100
110 80 100
120 80 100
110 90 100
120 90 100
110 100 100
150 100 100
160 100 100
100 110 100
150 110 100
160 110 100
170 110 100
100 120 100
130 120 100
100 130 100
120 130 100
130 130 100
140 130 100
170 130 100
180 130 100
120 140 100
130 140 100
140 140 100
150 140 100
160 140 100
170 140 100
180 140 100
130 150 100
140 150 100
150 150 100
160 150 100
170 150 100
180 150 100
100 160 100
110 160 100
120 160 100
130 160 100
140 160 100
150 160 100
160 160 100
170 160 100
180 160 100
90 120 100
100 120 100
40 130 100
60 130 100
120 130 100
40 140 100
60 140 100
120 140 100
60 150 100
40 160 100
50 160 100
60 160 100
90 160 100
100 160 100
120 160 100
40 170 100
50 170 100
90 170 100
100 170 100
110 170 100
120 170 100
40 180 100
50 180 100
60 180 100
70 180 100
80 180 100
90 180 100
100 180 100
110 180 100
120 180 100
40 190 100
50 190 100
60 190 100
70 190 100
80 190 100
90 190 100
100 190 100
110 190 100
120 190 100
1 18 100
0 18 100
0 19 100
1 20 100
2 20 100
3 20 100
4 20 100
5 20 100
6 20 100
7 20 100
8 20 100
9 20 100
10 21 100
10 22 100
10 23 100
10 24 100
10 25 100
10 26 100
10 27 100
10 28 100
10 29 100
11 30 100
11 31 100
12 31 100
12 32 100
13 32 100
13 33 100
14 33 100
14 33 100
14 34 100
14 34 100
15 34 100
15 34 100
15 35 100
15 35 100
16 35 100
16 35 100
16 36 100
16 36 100
17 36 100
17 36 100
17 37 100
17 37 100
18 37 100
18 37 100
18 38 100
18 38 100
19 38 100
19 38 100
19 39 100
19 39 100
20 39 100
20 39 100
20 41 100
20 41 100
20 42 100
20 42 100
20 43 100
20 43 100
20 44 100
20 44 100
20 45 100
20 46 100
20 47 100
20 48 100
20 49 100
21 50 100
21 51 100
22 51 100
22 52 100
22 53 100
57 43 100
56 43 100
56 42 100
55 42 100
55 41 100
54 41 100
54 40 100
53 40 100
52 40 100
51 40 100
49 40 100
48 40 100
47 40 100
46 40 100
45 40 100
44 40 100
43 40 100
42 40 100
41 40 100
39 40 100
38 40 100
37 40 100
36 40 100
35 40 100
34 40 100
33 40 100
33 40 100
32 40 100
32 40 100
31 40 100
31 40 100
31 40 100
29 40 100
29 40 100
29 40 100
29 40 100
28 40 100
28 40 100
28 40 100
28 40 100
27 40 100
27 40 100
27 40 100
27 40 100
26 40 100
26 40 100
26 40 100
25 40 100
25 40 100
25 40 100
24 40 100
24 40 100
24 40 100
23 40 100
23 40 100
23 40 100
22 40 100
22 40 100
21 40 100
21 40 100
189 63 100
190 63 100
190 64 100
190 65 100
190 66 100
190 67 100
190 68 100
190 69 100
190 71 100
190 72 100
190 73 100
190 74 100
190 75 100
190 76 100
190 77 100
190 78 100
190 79 100
189 80 100
188 80 100
187 80 100
186 80 100
185 80 100
184 80 100
183 80 100
182 80 100
181 80 100
180 81 100
180 82 100
180 83 100
180 84 100
180 85 100
180 86 100
180 87 100
180 88 100
180 89 100
179 90 100
179 91 100
178 91 100
178 92 100
177 92 100
176 92 100
175 92 100
174 92 100
173 92 100
173 91 100
172 91 100
172 90 100
171 90 100
169 90 100
168 90 100
167 90 100
166 90 100
165 90 100
164 90 100
163 90 100
162 90 100
161 90 100
159 90 100
158 90 100
157 90 100
156 90 100
155 90 100
154 90 100
153 90 100
152 90 100
151 90 100
149 90 100
148 90 100
147 90 100
146 90 100
145 90 100
144 90 100
143 90 100
142 90 100
141 90 100
139 90 100
138 90 100
137 90 100
136 90 100
135 90 100
134 90 100
133 90 100
132 90 100
131 90 100
130 91 100
130 92 100
130 93 100
130 94 100
130 95 100
130 96 100
130 97 100
130 98 100
130 99 100
130 101 100
130 102 100
130 103 100
130 104 100
130 105 100
130 106 100
130 107 100
130 108 100
130 109 100
129 110 100
128 110 100
127 110 100
126 110 100
125 110 100
124 110 100
123 110 100
122 110 100
121 110 100
119 110 100
118 110 100
117 110 100
116 110 100
115 110 100
114 110 100
113 110 100
112 110 100
111 110 100
111 111 100
112 111 100
112 112 100
112 113 100
112 114 100
112 115 100
112 116 100
112 117 100
111 117 100
111 118 100
110 118 100
110 119 100
110 121 100
110 122 100
110 123 100
110 124 100
110 125 100
110 126 100
110 127 100
110 128 100
110 129 100
109 130 100
108 130 100
107 130 100
107 130 100
106 130 100
106 130 100
105 130 100
105 130 100
104 130 100
104 130 100
103 130 100
103 130 100
102 130 100
102 130 100
101 130 100
101 130 100
99 130 100
99 130 100
98 130 100
98 130 100
97 130 100
97 130 100
96 130 100
96 130 100
95 130 100
95 130 100
94 130 100
93 130 100
92 130 100
91 130 100
89 130 100
88 130 100
87 130 100
86 130 100
85 130 100
84 130 100
83 130 100
82 130 100
81 130 100
79 130 100
78 130 100
77 130 100
76 130 100
75 130 100
74 130 100
73 130 100
72 130 100
71 130 100
70 131 100
70 132 100
70 133 100
70 134 100
70 135 100
70 136 100
70 137 100
70 138 100
70 139 100
70 141 100
70 142 100
70 143 100
70 144 100
70 145 100
70 146 100
70 147 100
70 148 100
70 149 100
69 150 100
68 150 100
67 150 100
66 150 100
65 150 100
64 150 100
63 150 100
63 150 100
62 150 100
62 150 100
61 150 100
61 150 100
59 150 100
59 150 100
58 150 100
57 150 100
56 150 100
55 150 100
54 150 100
53 150 100
52 150 100
51 150 100
50 149 100
50 148 100
50 147 100
50 146 100
50 145 100
50 144 100
50 143 100
50 142 100
50 141 100
49 140 100
49 139 100
48 139 100
48 138 100
47 138 100
46 138 100
45 138 100
44 138 100
43 138 100
117 5 100
118 5 100
118 6 100
119 6 100
119 7 100
120 7 100
120 8 100
120 9 100
121 10 100
122 10 100
123 10 100
124 10 100
125 10 100
126 10 100
127 10 100
128 10 100
129 10 100
130 11 100
130 12 100
130 13 100
130 14 100
130 15 100
130 16 100
130 17 100
130 18 100
130 19 100
130 21 100
130 22 100
130 23 100
130 24 100
130 25 100
130 26 100
130 27 100
130 28 100
130 29 100
130 31 100
130 32 100
130 33 100
130 34 100
130 34 100
130 35 100
130 35 100
130 36 100
130 36 100
130 37 100
130 38 100
130 39 100
129 40 100
128 40 100
127 40 100
126 40 100
125 40 100
124 40 100
123 40 100
122 40 100
121 40 100
119 40 100
118 40 100
117 40 100
116 40 100
115 40 100
114 40 100
113 40 100
112 40 100
111 40 100
110 41 100
110 42 100
110 43 100
110 44 100
110 45 100
110 46 100
110 47 100
110 48 100
110 49 100
109 50 100
108 50 100
107 50 100
106 50 100
106 50 100
105 50 100
105 50 100
104 50 100
104 50 100
103 50 100
103 50 100
103 50 100
102 50 100
102 50 100
102 50 100
101 50 100
101 50 100
101 50 100
100 50 100
100 50 100
99 50 100
99 50 100
99 50 100
98 50 100
98 50 100
97 50 100
97 50 100
96 50 100
96 50 100
95 50 100
95 50 100
94 50 100
93 50 100
92 50 100
147 123 100
146 123 100
146 122 100
145 122 100
145 121 100
144 121 100
144 120 100
143 120 100
142 120 100
141 120 100
140 119 100
140 118 100
140 117 100
140 117 100
140 116 100
140 116 100
140 115 100
140 115 100
140 114 100
140 114 100
140 113 100
140 113 100
140 112 100
140 112 100
140 111 100
140 111 100
139 110 100
138 110 100
137 110 100
136 110 100
135 110 100
134 110 100
133 110 100
132 110 100
131 110 100
86 163 100
85 163 100
85 162 100
84 162 100
84 161 100
83 161 100
83 160 100
82 160 100
81 160 100
80 159 100
80 158 100
80 157 100
80 156 100
80 155 100
80 154 100
80 153 100
80 152 100
80 151 100
79 150 100
78 150 100
77 150 100
76 150 100
75 150 100
74 150 100
73 150 100
72 150 100
71 150 100
