# score 160228
0 150 100
10 150 100
20 150 100
30 150 100
40 150 100
50 150 100
60 150 100
0 160 100
10 160 100
20 160 100
30 160 100
40 160 100
50 160 100
60 160 100
0 170 100
10 170 100
20 170 100
30 170 100
40 170 100
50 170 100
60 170 100
0 180 100
10 180 100
20 180 100
30 180 100
40 180 100
50 180 100
60 180 100
0 190 100
10 190 100
20 190 100
30 190 100
40 190 100
50 190 100
60 190 100
150 40 100
160 40 100
170 40 100
180 40 100
190 40 100
150 50 100
160 50 100
170 50 100
180 50 100
190 50 100
150 60 100
160 60 100
170 60 100
180 60 100
190 60 100
150 70 100
160 70 100
170 70 100
180 70 100
190 70 100
150 80 100
160 80 100
170 80 100
180 80 100
190 80 100
150 90 100
160 90 100
170 90 100
180 90 100
190 90 100
150 100 100
160 100 100
170 100 100
180 100 100
190 100 100
150 110 100
160 110 100
170 110 100
180 110 100
190 110 100
150 120 100
160 120 100
170 120 100
180 120 100
190 120 100
10 30 100
20 30 100
30 30 100
40 30 100
50 30 100
60 30 100
70 30 100
80 30 100
90 30 100
10 40 100
20 40 100
30 40 100
40 40 100
50 40 100
60 40 100
70 40 100
80 40 100
90 40 100
10 50 100
20 50 100
30 50 100
40 50 100
50 50 100
60 50 100
70 50 100
80 50 100
90 50 100
10 60 100
20 60 100
30 60 100
40 60 100
50 60 100
60 60 100
70 60 100
80 60 100
90 60 100
10 70 100
20 70 100
30 70 100
40 70 100
50 70 100
60 70 100
70 70 100
80 70 100
90 70 100
10 80 100
20 80 100
30 80 100
40 80 100
50 80 100
60 80 100
70 80 100
80 80 100
90 80 100
10 90 100
20 90 100
30 90 100
40 90 100
50 90 100
60 90 100
70 90 100
80 90 100
90 90 100
10 100 100
20 100 100
30 100 100
40 100 100
50 100 100
60 100 100
70 100 100
80 100 100
90 100 100
10 110 100
20 110 100
30 110 100
40 110 100
50 110 100
60 110 100
70 110 100
80 110 100
90 110 100
150 0 100
160 0 100
170 0 100
180 0 100
190 0 100
150 10 100
160 10 100
170 10 100
180 10 100
190 10 100
150 20 100
160 20 100
170 20 100
180 20 100
190 20 100
150 30 100
160 30 100
170 30 100
180 30 100
190 30 100
150 40 100
150 50 100
160 50 100
100 50 100
110 50 100
120 50 100
130 50 100
140 50 100
150 50 100
90 60 100
100 60 100
110 60 100
120 60 100
130 60 100
140 60 100
150 60 100
90 70 100
100 70 100
110 70 100
120 70 100
130 70 100
140 70 100
150 70 100
80 80 100
90 80 100
100 80 100
110 80 100
120 80 100
130 80 100
140 80 100
150 80 100
90 90 100
100 90 100
110 90 100
120 90 100
130 90 100
140 90 100
150 90 100
70 100 100
80 100 100
90 100 100
100 100 100
110 100 100
120 100 100
130 100 100
140 100 100
150 100 100
70 110 100
80 110 100
90 110 100
100 110 100
110 110 100
120 110 100
130 110 100
140 110 100
150 110 100
70 120 100
80 120 100
90 120 100
100 120 100
110 120 100
120 120 100
130 120 100
140 120 100
150 120 100
70 130 100
80 130 100
90 130 100
100 130 100
110 130 100
120 130 100
130 130 100
140 130 100
150 130 100
30 140 100
40 140 100
50 140 100
60 140 100
70 140 100
80 140 100
90 140 100
100 140 100
110 140 100
30 150 100
40 150 100
50 150 100
60 150 100
70 150 100
80 150 100
90 150 100
100 150 100
110 150 100
30 160 100
40 160 100
50 160 100
60 160 100
70 160 100
80 160 100
90 160 100
100 160 100
110 160 100
30 170 100
40 170 100
50 170 100
60 170 100
70 170 100
80 170 100
90 170 100
100 170 100
110 170 100
30 180 100
40 180 100
50 180 100
60 180 100
70 180 100
80 180 100
90 180 100
100 180 100
110 180 100
40 190 100
50 190 100
70 190 100
80 190 100
90 190 100
100 190 100
110 190 100
30 0 100
40 0 100
50 0 100
60 0 100
70 0 100
80 0 100
90 0 100
100 0 100
110 0 100
30 10 100
40 10 100
50 10 100
60 10 100
70 10 100
80 10 100
90 10 100
100 10 100
110 10 100
30 20 100
40 20 100
50 20 100
60 20 100
70 20 100
80 20 100
90 20 100
100 20 100
110 20 100
30 30 100
40 30 100
50 30 100
100 30 100
110 30 100
30 40 100
40 40 100
50 40 100
100 40 100
110 40 100
30 50 100
40 50 100
50 50 100
100 50 100
110 50 100
30 60 100
40 60 100
90 60 100
100 60 100
110 60 100
90 70 100
100 70 100
110 70 100
80 80 100
90 80 100
100 80 100
110 80 100
0 80 100
10 80 100
20 80 100
0 90 100
0 100 100
10 100 100
0 110 100
10 110 100
50 110 100
0 120 100
10 120 100
20 120 100
30 120 100
40 120 100
50 120 100
0 130 100
10 130 100
20 130 100
30 130 100
40 130 100
50 130 100
0 140 100
10 140 100
20 140 100
30 140 100
40 140 100
50 140 100
10 150 100
20 150 100
30 150 100
40 150 100
50 150 100
0 160 100
10 160 100
20 160 100
30 160 100
40 160 100
50 160 100
0 50 100
10 50 100
20 50 100
30 50 100
40 50 100
0 60 100
10 60 100
20 60 100
30 60 100
40 60 100
0 70 100
10 70 100
20 70 100
0 80 100
10 80 100
20 80 100
0 90 100
0 100 100
60 100 100
70 100 100
0 110 100
50 110 100
60 110 100
70 110 100
0 120 100
10 120 100
30 120 100
40 120 100
50 120 100
60 120 100
70 120 100
0 130 100
10 130 100
20 130 100
30 130 100
40 130 100
50 130 100
60 130 100
70 130 100
130 0 100
140 0 100
150 0 100
160 0 100
130 10 100
140 10 100
150 10 100
160 10 100
170 10 100
130 20 100
140 20 100
150 20 100
160 20 100
170 20 100
130 30 100
140 30 100
150 30 100
160 30 100
130 40 100
140 40 100
150 40 100
130 50 100
140 50 100
130 60 100
140 60 100
150 60 100
160 60 100
130 70 100
140 70 100
150 70 100
160 70 100
170 70 100
196 17 100
195 17 100
195 18 100
194 18 100
194 19 100
193 19 100
193 20 100
192 20 100
191 20 100
190 21 100
190 22 100
190 23 100
190 24 100
190 25 100
190 26 100
190 27 100
190 28 100
190 29 100
190 31 100
190 32 100
190 33 100
190 34 100
190 35 100
190 36 100
190 37 100
190 38 100
190 39 100
190 41 100
190 42 100
190 43 100
190 44 100
190 45 100
190 46 100
190 47 100
190 48 100
190 49 100
190 51 100
190 52 100
190 53 100
190 54 100
190 55 100
190 56 100
190 57 100
190 58 100
190 59 100
190 61 100
190 62 100
190 63 100
190 64 100
190 65 100
190 66 100
190 67 100
190 68 100
190 69 100
191 70 100
191 71 100
192 71 100
192 72 100
193 72 100
193 73 100
194 73 100
194 73 100
194 74 100
194 74 100
195 74 100
195 74 100
195 75 100
195 75 100
196 75 100
196 75 100
196 76 100
196 76 100
197 76 100
197 76 100
197 77 100
197 77 100
197 78 100
197 78 100
197 79 100
197 79 100
197 80 100
197 80 100
110 94 100
110 94 100
110 94 100
110 94 100
109 94 100
109 94 100
109 94 100
109 95 100
109 95 100
109 95 100
108 95 100
108 95 100
108 96 100
108 96 100
107 96 100
107 96 100
107 97 100
107 97 100
106 97 100
106 97 100
106 98 100
106 98 100
105 98 100
105 98 100
105 99 100
105 99 100
104 99 100
104 100 100
103 100 100
102 100 100
101 100 100
99 100 100
99 100 100
98 100 100
98 100 100
97 100 100
97 100 100
96 100 100
96 100 100
95 100 100
95 100 100
94 100 100
94 100 100
93 100 100
93 100 100
92 100 100
92 100 100
91 100 100
91 100 100
89 100 100
89 100 100
89 100 100
89 99 100
89 99 100
89 99 100
88 99 100
88 99 100
88 99 100
88 98 100
88 98 100
88 98 100
87 98 100
87 98 100
87 98 100
87 98 100
87 97 100
87 97 100
87 97 100
87 97 100
86 97 100
86 97 100
86 97 100
86 97 100
86 96 100
86 96 100
86 96 100
86 96 100
85 96 100
85 96 100
85 96 100
85 96 100
85 95 100
85 95 100
85 95 100
84 95 100
84 95 100
84 95 100
84 94 100
84 94 100
84 94 100
83 94 100
83 94 100
83 93 100
83 93 100
82 93 100
82 93 100
82 92 100
82 92 100
81 92 100
81 92 100
81 91 100
81 91 100
80 91 100
80 89 100
80 89 100
80 88 100
80 88 100
80 87 100
80 87 100
80 86 100
80 86 100
80 85 100
80 85 100
80 84 100
80 84 100
80 83 100
80 83 100
80 82 100
80 82 100
80 82 100
80 81 100
80 81 100
80 81 100
79 80 100
79 80 100
78 80 100
78 80 100
77 80 100
77 80 100
76 80 100
76 80 100
75 80 100
75 80 100
74 80 100
74 80 100
73 80 100
72 80 100
71 80 100
69 80 100
68 80 100
67 80 100
66 80 100
65 80 100
64 80 100
63 80 100
62 80 100
61 80 100
59 80 100
59 79 100
58 79 100
58 78 100
57 78 100
57 77 100
57 76 100
57 75 100
75 189 100
74 189 100
74 190 100
73 190 100
72 190 100
71 190 100
69 190 100
68 190 100
67 190 100
66 190 100
65 190 100
64 190 100
63 190 100
62 190 100
61 190 100
59 190 100
59 190 100
58 190 100
58 190 100
57 190 100
57 190 100
56 190 100
56 190 100
56 190 100
55 190 100
55 190 100
55 190 100
54 190 100
54 190 100
54 190 100
54 190 100
53 190 100
53 190 100
53 190 100
53 190 100
52 190 100
52 190 100
52 190 100
52 190 100
51 190 100
51 190 100
51 190 100
50 190 100
49 190 100
49 190 100
48 190 100
48 190 100
47 190 100
47 190 100
46 190 100
46 190 100
45 190 100
45 190 100
44 190 100
44 190 100
43 190 100
42 190 100
42 190 100
41 190 100
41 190 100
39 190 100
38 190 100
37 190 100
36 190 100
35 190 100
34 190 100
33 190 100
32 190 100
31 190 100
29 190 100
28 190 100
27 190 100
26 190 100
25 190 100
24 190 100
23 190 100
22 190 100
21 190 100
21 191 100
22 191 100
22 192 100
23 192 100
23 193 100
23 194 100
23 195 100
23 196 100
74 47 100
73 47 100
73 48 100
72 48 100
72 49 100
71 49 100
71 50 100
70 51 100
70 52 100
70 53 100
70 54 100
70 55 100
70 56 100
70 57 100
70 58 100
70 59 100
70 61 100
70 62 100
70 63 100
70 64 100
70 65 100
70 66 100
70 67 100
70 68 100
70 69 100
70 71 100
70 72 100
70 73 100
70 74 100
70 75 100
70 76 100
70 77 100
70 78 100
70 79 100
10 129 100
10 129 100
10 128 100
10 128 100
10 128 100
10 127 100
10 127 100
10 127 100
10 126 100
10 126 100
10 126 100
10 125 100
10 125 100
10 125 100
10 124 100
10 124 100
10 124 100
10 123 100
10 123 100
10 123 100
10 122 100
10 122 100
10 122 100
10 121 100
10 121 100
10 119 100
10 119 100
10 118 100
10 118 100
10 117 100
10 117 100
10 116 100
10 116 100
10 115 100
10 115 100
10 114 100
10 114 100
10 113 100
10 113 100
10 112 100
10 112 100
10 112 100
10 111 100
10 111 100
10 109 100
10 109 100
10 108 100
10 108 100
10 107 100
10 107 100
10 106 100
10 106 100
10 105 100
10 105 100
10 104 100
10 104 100
10 103 100
10 103 100
10 102 100
10 102 100
10 101 100
10 101 100
10 99 100
10 99 100
10 98 100
10 98 100
10 97 100
10 97 100
10 96 100
10 95 100
10 94 100
10 93 100
10 92 100
10 91 100
11 90 100
12 90 100
13 90 100
14 90 100
15 90 100
16 90 100
17 90 100
18 90 100
19 90 100
21 90 100
22 90 100
23 90 100
24 90 100
25 90 100
26 90 100
27 90 100
28 90 100
29 90 100
31 90 100
31 91 100
32 91 100
32 92 100
33 92 100
34 92 100
34 91 100
35 91 100
35 90 100
36 90 100
37 90 100
38 90 100
39 90 100
41 90 100
42 90 100
43 90 100
44 90 100
45 90 100
46 90 100
47 90 100
48 90 100
49 90 100
50 89 100
50 88 100
50 87 100
50 86 100
50 85 100
50 84 100
50 83 100
50 82 100
50 81 100
51 80 100
52 80 100
53 80 100
54 80 100
55 80 100
56 80 100
57 80 100
58 80 100
171 39 100
172 39 100
172 40 100
173 40 100
174 40 100
175 40 100
176 40 100
177 40 100
178 40 100
179 40 100
181 40 100
182 40 100
183 40 100
184 40 100
185 40 100
186 40 100
187 40 100
188 40 100
189 40 100
