# score 78728
90 20 100
100 20 100
110 20 100
120 20 100
130 20 100
140 20 100
150 20 100
160 20 100
170 20 100
90 30 100
100 30 100
110 30 100
120 30 100
130 30 100
140 30 100
150 30 100
160 30 100
170 30 100
90 40 100
100 40 100
110 40 100
120 40 100
130 40 100
140 40 100
150 40 100
160 40 100
170 40 100
90 50 100
100 50 100
110 50 100
120 50 100
130 50 100
140 50 100
150 50 100
160 50 100
170 50 100
90 60 100
100 60 100
110 60 100
120 60 100
130 60 100
140 60 100
150 60 100
160 60 100
170 60 100
90 70 100
100 70 100
110 70 100
120 70 100
130 70 100
140 70 100
150 70 100
160 70 100
170 70 100
90 80 100
100 80 100
110 80 100
120 80 100
130 80 100
140 80 100
150 80 100
160 80 100
170 80 100
90 90 100
100 90 100
110 90 100
120 90 100
130 90 100
140 90 100
150 90 100
160 90 100
170 90 100
90 100 100
100 100 100
110 100 100
120 100 100
130 100 100
140 100 100
150 100 100
160 100 100
170 100 100
0 130 100
10 130 100
20 130 100
30 130 100
40 130 100
50 130 100
60 130 100
0 140 100
10 140 100
20 140 100
30 140 100
40 140 100
50 140 100
60 140 100
0 150 100
10 150 100
20 150 100
30 150 100
40 150 100
50 150 100
60 150 100
0 160 100
10 160 100
20 160 100
30 160 100
40 160 100
50 160 100
60 160 100
0 170 100
10 170 100
20 170 100
30 170 100
40 170 100
50 170 100
60 170 100
0 180 100
10 180 100
20 180 100
30 180 100
40 180 100
50 180 100
60 180 100
0 190 100
10 190 100
20 190 100
30 190 100
40 190 100
50 190 100
60 190 100
0 0 100
10 0 100
20 0 100
30 0 100
40 0 100
50 0 100
60 0 100
0 10 100
10 10 100
20 10 100
30 10 100
40 10 100
50 10 100
60 10 100
0 20 100
10 20 100
20 20 100
30 20 100
40 20 100
50 20 100
60 20 100
0 30 100
10 30 100
20 30 100
30 30 100
40 30 100
50 30 100
60 30 100
0 40 100
10 40 100
20 40 100
30 40 100
40 40 100
50 40 100
60 40 100
0 50 100
10 50 100
20 50 100
30 50 100
40 50 100
50 50 100
60 50 100
0 60 100
10 60 100
20 60 100
30 60 100
40 60 100
50 60 100
60 60 100
0 70 100
10 70 100
20 70 100
30 70 100
40 70 100
50 70 100
60 70 100
29 177 100
30 177 100
30 176 100
30 175 100
30 174 100
30 173 100
30 172 100
30 171 100
31 170 100
32 170 100
33 170 100
34 170 100
35 170 100
36 170 100
37 170 100
38 170 100
39 170 100
40 169 100
40 168 100
40 167 100
40 167 100
40 166 100
40 166 100
40 165 100
40 165 100
40 165 100
40 164 100
40 164 100
40 164 100
40 164 100
40 163 100
40 163 100
40 163 100
40 163 100
40 162 100
40 162 100
40 162 100
40 162 100
40 162 100
40 161 100
40 161 100
40 161 100
40 161 100
40 161 100
40 161 100
40 160 100
40 160 100
40 160 100
40 160 100
40 160 100
40 159 100
40 159 100
40 159 100
40 159 100
40 159 100
40 159 100
40 158 100
40 158 100
40 158 100
40 158 100
40 158 100
40 157 100
40 157 100
40 157 100
40 157 100
40 157 100
40 156 100
40 156 100
40 156 100
40 156 100
40 155 100
40 155 100
40 155 100
40 154 100
40 154 100
40 154 100
40 153 100
40 153 100
40 152 100
40 151 100
40 149 100
40 148 100
40 147 100
40 146 100
40 145 100
40 144 100
40 143 100
40 142 100
40 141 100
39 140 100
39 140 100
38 140 100
38 140 100
37 140 100
37 140 100
37 140 100
36 140 100
36 140 100
36 140 100
36 140 100
35 140 100
35 140 100
35 140 100
35 140 100
35 140 100
34 140 100
34 140 100
34 140 100
34 140 100
34 140 100
33 140 100
33 140 100
33 140 100
33 140 100
33 140 100
33 140 100
32 140 100
32 140 100
32 140 100
32 140 100
32 140 100
32 140 100
31 140 100
31 140 100
31 140 100
31 140 100
31 140 100
30 140 100
30 140 100
30 140 100
30 140 100
29 140 100
29 140 100
29 140 100
29 140 100
28 140 100
28 140 100
28 140 100
27 140 100
27 140 100
26 140 100
26 140 100
25 140 100
24 140 100
23 140 100
22 140 100
21 140 100
20 139 100
20 138 100
20 137 100
20 136 100
20 135 100
20 134 100
20 133 100
20 132 100
20 131 100
20 129 100
20 128 100
20 127 100
20 126 100
20 125 100
20 124 100
20 123 100
20 122 100
20 121 100
20 120 100
20 119 100
20 118 100
20 117 100
20 116 100
20 115 100
20 114 100
20 113 100
20 112 100
20 111 100
20 110 100
20 109 100
20 108 100
20 107 100
20 106 100
20 105 100
20 104 100
20 103 100
20 102 100
20 101 100
20 100 100
20 99 100
20 98 100
20 97 100
20 96 100
20 95 100
20 94 100
20 93 100
20 93 100
20 92 100
20 92 100
20 92 100
20 91 100
20 91 100
20 91 100
20 91 100
20 91 100
20 90 100
20 90 100
20 90 100
20 90 100
20 90 100
20 90 100
20 90 100
20 90 100
20 89 100
20 89 100
20 89 100
20 89 100
20 89 100
20 89 100
20 89 100
20 89 100
20 89 100
20 89 100
20 89 100
20 88 100
20 88 100
20 88 100
20 88 100
20 88 100
20 88 100
20 88 100
20 88 100
20 88 100
20 88 100
20 88 100
20 88 100
20 88 100
20 88 100
20 87 100
20 87 100
20 87 100
20 87 100
20 87 100
20 87 100
20 87 100
20 87 100
20 87 100
20 87 100
20 87 100
20 87 100
20 87 100
20 87 100
20 87 100
20 87 100
20 87 100
20 86 100
20 86 100
20 86 100
20 86 100
20 86 100
20 86 100
20 86 100
20 86 100
20 86 100
20 86 100
20 86 100
20 86 100
20 86 100
20 86 100
20 86 100
20 86 100
20 86 100
20 86 100
20 85 100
20 85 100
20 85 100
20 85 100
20 85 100
20 85 100
20 85 100
20 85 100
20 85 100
20 85 100
20 85 100
20 85 100
20 85 100
20 85 100
20 85 100
20 85 100
20 85 100
20 85 100
20 85 100
20 84 100
20 84 100
20 84 100
20 84 100
20 84 100
20 84 100
20 84 100
20 84 100
20 84 100
20 84 100
20 84 100
20 84 100
20 84 100
20 84 100
20 84 100
20 84 100
20 84 100
20 84 100
20 83 100
20 83 100
20 83 100
20 83 100
20 83 100
20 83 100
20 83 100
20 83 100
20 83 100
20 83 100
20 83 100
20 83 100
20 83 100
20 83 100
20 83 100
20 83 100
20 82 100
20 82 100
20 82 100
20 82 100
20 82 100
20 82 100
20 82 100
20 82 100
20 82 100
20 82 100
20 82 100
20 82 100
20 82 100
20 81 100
20 81 100
20 81 100
20 81 100
20 81 100
20 81 100
20 81 100
20 81 100
20 81 100
20 81 100
20 80 100
20 80 100
20 80 100
20 80 100
20 80 100
20 80 100
20 80 100
20 79 100
20 79 100
20 79 100
20 79 100
20 79 100
20 78 100
20 78 100
20 78 100
20 77 100
20 77 100
20 76 100
20 75 100
20 74 100
20 73 100
20 72 100
20 71 100
20 69 100
20 68 100
20 67 100
20 66 100
20 65 100
20 64 100
20 63 100
20 62 100
20 61 100
20 59 100
20 58 100
20 57 100
20 56 100
20 55 100
20 54 100
20 53 100
20 52 100
20 51 100
21 50 100
22 50 100
23 50 100
24 50 100
25 50 100
26 50 100
27 50 100
28 50 100
29 50 100
30 49 100
30 48 100
30 47 100
30 46 100
30 45 100
30 44 100
30 43 100
30 42 100
30 41 100
31 40 100
32 40 100
33 40 100
34 40 100
35 40 100
36 40 100
37 40 100
38 40 100
39 40 100
39 40 100
40 40 100
41 40 100
41 40 100
41 40 100
42 40 100
42 40 100
42 40 100
43 40 100
43 40 100
43 40 100
44 40 100
44 40 100
44 40 100
45 40 100
45 40 100
45 40 100
46 40 100
46 40 100
46 40 100
47 40 100
47 40 100
48 40 100
48 40 100
49 40 100
51 40 100
52 40 100
53 40 100
54 40 100
55 40 100
56 40 100
57 40 100
58 40 100
59 40 100
61 40 100
62 40 100
63 40 100
64 40 100
65 40 100
66 40 100
67 40 100
68 40 100
68 40 100
69 40 100
69 40 100
70 40 100
70 40 100
71 40 100
71 40 100
71 40 100
72 40 100
72 40 100
72 40 100
73 40 100
73 40 100
73 40 100
74 40 100
74 40 100
74 40 100
75 40 100
75 40 100
76 40 100
76 40 100
77 40 100
77 40 100
78 40 100
79 40 100
80 40 100
81 40 100
82 40 100
83 40 100
84 40 100
85 40 100
86 40 100
87 40 100
88 40 100
89 40 100
91 40 100
92 40 100
93 40 100
94 40 100
95 40 100
96 40 100
97 40 100
98 40 100
99 40 100
101 40 100
102 40 100
103 40 100
104 40 100
105 40 100
106 40 100
107 40 100
108 40 100
109 40 100
111 40 100
111 40 100
112 40 100
112 40 100
113 40 100
113 40 100
114 40 100
114 40 100
115 40 100
116 40 100
117 40 100
118 40 100
119 40 100
120 41 100
120 42 100
120 43 100
120 44 100
120 45 100
120 46 100
120 47 100
120 48 100
120 49 100
121 50 100
122 50 100
123 50 100
124 50 100
125 50 100
126 50 100
127 50 100
128 50 100
129 50 100
130 51 100
130 52 100
130 53 100
130 54 100
130 55 100
130 56 100
130 57 100
130 58 100
130 59 100
131 60 100
131 61 100
132 61 100
132 62 100
133 62 100
133 63 100
25 32 100
26 32 100
26 31 100
27 31 100
27 30 100
28 30 100
29 30 100
30 31 100
30 32 100
30 33 100
30 34 100
30 35 100
30 36 100
30 37 100
30 38 100
30 39 100
