# score 207264
130 60 100
140 60 100
150 60 100
160 60 100
170 60 100
180 60 100
190 60 100
130 70 100
140 70 100
150 70 100
160 70 100
170 70 100
180 70 100
190 70 100
130 80 100
140 80 100
150 80 100
160 80 100
170 80 100
180 80 100
190 80 100
130 90 100
140 90 100
150 90 100
160 90 100
170 90 100
180 90 100
190 90 100
130 100 100
140 100 100
150 100 100
160 100 100
170 100 100
180 100 100
190 100 100
130 110 100
140 110 100
150 110 100
160 110 100
170 110 100
180 110 100
190 110 100
130 120 100
140 120 100
150 120 100
160 120 100
170 120 100
180 120 100
190 120 100
130 130 100
140 130 100
150 130 100
160 130 100
170 130 100
180 130 100
190 130 100
130 140 100
140 140 100
150 140 100
160 140 100
170 140 100
180 140 100
190 140 100
30 90 100
40 90 100
50 90 100
60 90 100
70 90 100
80 90 100
90 90 100
100 90 100
110 90 100
30 100 100
40 100 100
50 100 100
60 100 100
70 100 100
80 100 100
90 100 100
100 100 100
110 100 100
30 110 100
40 110 100
50 110 100
60 110 100
70 110 100
80 110 100
90 110 100
100 110 100
110 110 100
30 120 100
40 120 100
50 120 100
60 120 100
70 120 100
80 120 100
90 120 100
100 120 100
110 120 100
30 130 100
40 130 100
50 130 100
60 130 100
70 130 100
80 130 100
90 130 100
100 130 100
110 130 100
30 140 100
40 140 100
50 140 100
60 140 100
70 140 100
80 140 100
90 140 100
100 140 100
110 140 100
30 150 100
40 150 100
50 150 100
60 150 100
70 150 100
80 150 100
90 150 100
100 150 100
110 150 100
30 160 100
40 160 100
50 160 100
60 160 100
70 160 100
80 160 100
90 160 100
100 160 100
110 160 100
30 170 100
40 170 100
50 170 100
60 170 100
70 170 100
80 170 100
90 170 100
100 170 100
110 170 100
110 0 100
120 0 100
130 0 100
140 0 100
150 0 100
160 0 100
170 0 100
180 0 100
190 0 100
110 10 100
120 10 100
130 10 100
140 10 100
150 10 100
160 10 100
170 10 100
180 10 100
190 10 100
110 20 100
120 20 100
130 20 100
140 20 100
150 20 100
160 20 100
170 20 100
180 20 100
190 20 100
110 30 100
120 30 100
130 30 100
140 30 100
150 30 100
160 30 100
170 30 100
180 30 100
190 30 100
110 40 100
120 40 100
130 40 100
140 40 100
150 40 100
160 40 100
170 40 100
180 40 100
190 40 100
40 0 100
50 0 100
60 0 100
70 0 100
80 0 100
90 0 100
100 0 100
110 0 100
120 0 100
40 10 100
50 10 100
60 10 100
70 10 100
80 10 100
90 10 100
100 10 100
110 10 100
120 10 100
40 20 100
50 20 100
60 20 100
70 20 100
80 20 100
90 20 100
100 20 100
110 20 100
120 20 100
40 30 100
50 30 100
60 30 100
70 30 100
80 30 100
90 30 100
100 30 100
110 30 100
120 30 100
40 40 100
50 40 100
60 40 100
70 40 100
80 40 100
90 40 100
100 40 100
40 50 100
50 50 100
60 50 100
70 50 100
80 50 100
90 50 100
100 50 100
110 50 100
120 50 100
40 60 100
50 60 100
60 60 100
70 60 100
80 60 100
90 60 100
100 60 100
110 60 100
120 60 100
40 70 100
50 70 100
60 70 100
70 70 100
80 70 100
90 70 100
100 70 100
110 70 100
120 70 100
40 80 100
50 80 100
60 80 100
70 80 100
80 80 100
90 80 100
100 80 100
110 80 100
120 80 100
100 90 100
110 90 100
120 90 100
140 90 100
150 90 100
160 90 100
100 100 100
110 100 100
120 100 100
140 100 100
150 100 100
160 100 100
100 110 100
110 110 100
120 110 100
130 110 100
140 110 100
150 110 100
160 110 100
110 120 100
120 120 100
120 130 100
130 130 100
180 130 100
120 140 100
130 140 100
170 140 100
180 140 100
100 150 100
120 150 100
130 150 100
140 150 100
150 150 100
160 150 100
170 150 100
180 150 100
100 160 100
110 160 100
120 160 100
130 160 100
140 160 100
150 160 100
160 160 100
170 160 100
180 160 100
100 170 100
110 170 100
120 170 100
130 170 100
140 170 100
150 170 100
160 170 100
170 170 100
180 170 100
0 0 100
10 0 100
20 0 100
30 0 100
40 0 100
50 0 100
0 10 100
10 10 100
20 10 100
30 10 100
40 10 100
50 10 100
0 20 100
10 20 100
20 20 100
30 20 100
40 20 100
0 30 100
10 30 100
20 30 100
30 30 100
0 40 100
10 40 100
20 40 100
30 40 100
0 50 100
10 50 100
20 50 100
30 50 100
70 50 100
0 60 100
10 60 100
20 60 100
30 60 100
70 60 100
0 70 100
10 70 100
20 70 100
30 70 100
40 70 100
50 70 100
60 70 100
70 70 100
0 80 100
10 80 100
20 80 100
30 80 100
40 80 100
50 80 100
60 80 100
70 80 100
110 120 100
120 120 100
50 130 100
120 130 100
50 140 100
90 140 100
120 140 100
130 140 100
50 150 100
60 150 100
70 150 100
80 150 100
90 150 100
100 150 100
120 150 100
130 150 100
50 160 100
60 160 100
70 160 100
80 160 100
90 160 100
100 160 100
110 160 100
120 160 100
130 160 100
50 170 100
60 170 100
70 170 100
80 170 100
90 170 100
100 170 100
110 170 100
120 170 100
130 170 100
50 180 100
60 180 100
70 180 100
80 180 100
90 180 100
100 180 100
110 180 100
120 180 100
130 180 100
50 190 100
60 190 100
70 190 100
80 190 100
90 190 100
100 190 100
110 190 100
120 190 100
130 190 100
0 130 100
10 130 100
20 130 100
30 130 100
40 130 100
50 130 100
0 140 100
10 140 100
20 140 100
30 140 100
40 140 100
50 140 100
0 150 100
10 150 100
20 150 100
50 150 100
0 160 100
10 160 100
20 160 100
40 160 100
50 160 100
0 170 100
10 170 100
20 170 100
40 170 100
50 170 100
0 180 100
10 180 100
20 180 100
30 180 100
40 180 100
50 180 100
0 190 100
10 190 100
20 190 100
30 190 100
40 190 100
50 190 100
150 50 100
160 50 100
170 50 100
180 50 100
190 50 100
150 60 100
160 60 100
170 60 100
180 60 100
190 60 100
160 70 100
170 70 100
150 90 100
160 90 100
150 100 100
160 100 100
150 110 100
190 120 100
180 130 100
190 130 100
180 130 100
190 130 100
120 140 100
170 140 100
180 140 100
190 140 100
120 150 100
130 150 100
140 150 100
150 150 100
160 150 100
170 150 100
180 150 100
190 150 100
120 160 100
130 160 100
140 160 100
150 160 100
160 160 100
170 160 100
180 160 100
190 160 100
120 170 100
130 170 100
140 170 100
150 170 100
170 170 100
180 170 100
190 170 100
120 180 100
130 180 100
140 180 100
150 180 100
160 180 100
170 180 100
180 180 100
190 180 100
140 190 100
150 190 100
160 190 100
170 190 100
180 190 100
190 190 100
0 50 100
10 50 100
20 50 100
0 60 100
10 60 100
20 60 100
30 60 100
0 70 100
10 70 100
20 70 100
30 70 100
40 70 100
50 70 100
20 80 100
30 80 100
40 80 100
50 80 100
0 90 100
10 90 100
20 90 100
30 90 100
40 90 100
50 90 100
0 100 100
10 100 100
20 100 100
30 100 100
40 100 100
50 100 100
0 110 100
10 110 100
20 110 100
30 110 100
0 120 100
10 120 100
20 120 100
30 120 100
40 120 100
0 130 100
10 130 100
20 130 100
30 130 100
40 130 100
158 5 100
159 5 100
159 6 100
160 6 100
160 7 100
160 8 100
160 9 100
159 10 100
158 10 100
157 10 100
156 10 100
155 10 100
154 10 100
153 10 100
152 10 100
151 10 100
150 11 100
150 12 100
150 13 100
150 14 100
150 15 100
150 16 100
150 17 100
150 18 100
150 19 100
150 21 100
150 22 100
150 23 100
150 24 100
150 25 100
150 26 100
150 27 100
150 28 100
150 29 100
150 31 100
150 32 100
150 33 100
150 34 100
150 35 100
150 35 100
150 36 100
150 36 100
150 37 100
150 37 100
150 37 100
150 38 100
150 38 100
150 38 100
150 39 100
150 39 100
150 39 100
150 39 100
150 39 100
150 40 100
150 40 100
150 40 100
150 40 100
150 40 100
150 41 100
150 41 100
150 41 100
150 41 100
150 41 100
150 41 100
150 41 100
150 41 100
150 42 100
150 42 100
150 42 100
150 42 100
150 42 100
150 42 100
150 42 100
150 42 100
150 42 100
150 42 100
150 43 100
150 43 100
150 43 100
150 43 100
150 43 100
150 43 100
150 43 100
150 43 100
150 43 100
150 43 100
150 43 100
150 43 100
150 44 100
150 44 100
150 44 100
150 44 100
150 44 100
150 44 100
150 44 100
150 44 100
150 44 100
150 44 100
150 44 100
150 44 100
150 44 100
150 45 100
150 45 100
150 45 100
150 45 100
150 45 100
150 45 100
150 45 100
150 45 100
150 45 100
150 45 100
150 45 100
150 45 100
150 45 100
150 45 100
150 45 100
150 46 100
150 46 100
150 46 100
150 46 100
150 46 100
150 46 100
150 46 100
150 46 100
150 46 100
150 46 100
150 46 100
150 46 100
150 46 100
150 46 100
150 46 100
150 47 100
150 47 100
150 47 100
150 47 100
150 47 100
150 47 100
150 47 100
150 47 100
150 47 100
150 47 100
150 47 100
150 47 100
150 47 100
150 47 100
150 47 100
150 48 100
150 48 100
150 48 100
150 48 100
150 48 100
150 48 100
150 48 100
150 48 100
150 48 100
150 48 100
150 48 100
150 48 100
150 48 100
150 48 100
150 48 100
150 49 100
150 49 100
150 49 100
150 49 100
150 49 100
150 49 100
150 49 100
150 49 100
150 49 100
150 49 100
150 49 100
150 49 100
150 49 100
150 49 100
150 50 100
150 50 100
150 50 100
150 50 100
150 50 100
150 50 100
150 50 100
150 50 100
150 50 100
150 50 100
150 50 100
150 50 100
150 51 100
150 51 100
150 51 100
150 51 100
150 51 100
150 51 100
150 51 100
150 51 100
150 51 100
150 51 100
150 51 100
150 52 100
150 52 100
150 52 100
150 52 100
150 52 100
150 52 100
150 52 100
150 52 100
150 52 100
150 52 100
150 53 100
150 53 100
150 53 100
150 53 100
150 53 100
150 53 100
150 53 100
150 53 100
150 54 100
150 54 100
150 54 100
150 54 100
150 54 100
150 54 100
150 54 100
150 55 100
150 55 100
150 55 100
150 55 100
150 55 100
150 55 100
150 55 100
150 56 100
150 56 100
150 56 100
150 56 100
150 56 100
150 56 100
150 57 100
150 57 100
150 57 100
150 57 100
150 57 100
150 58 100
150 58 100
150 58 100
150 58 100
150 58 100
150 59 100
150 59 100
150 59 100
150 59 100
150 60 100
150 60 100
150 61 100
150 61 100
150 61 100
150 61 100
150 62 100
150 62 100
150 62 100
150 62 100
150 63 100
150 63 100
150 63 100
150 64 100
150 64 100
150 64 100
150 65 100
150 65 100
150 65 100
150 66 100
150 66 100
150 67 100
150 67 100
150 68 100
150 68 100
150 69 100
151 70 100
152 70 100
153 70 100
154 70 100
155 70 100
156 70 100
156 70 100
157 70 100
157 70 100
158 70 100
158 70 100
159 70 100
159 70 100
160 71 100
160 71 100
160 72 100
160 72 100
160 73 100
160 73 100
160 74 100
160 74 100
160 75 100
160 75 100
160 76 100
160 76 100
160 77 100
160 77 100
160 78 100
160 78 100
160 79 100
160 79 100
161 80 100
162 80 100
163 80 100
164 80 100
165 80 100
166 80 100
167 80 100
168 80 100
169 80 100
170 81 100
170 82 100
170 83 100
170 84 100
170 85 100
170 86 100
170 87 100
170 88 100
170 89 100
170 91 100
170 92 100
170 93 100
170 94 100
170 95 100
170 96 100
170 97 100
170 98 100
170 99 100
170 101 100
170 102 100
170 103 100
170 104 100
170 105 100
170 106 100
170 107 100
170 108 100
170 109 100
171 110 100
171 109 100
172 109 100
173 109 100
174 109 100
84 47 100
84 47 100
84 47 100
84 47 100
85 47 100
85 47 100
85 47 100
85 48 100
85 48 100
85 48 100
86 48 100
86 48 100
86 49 100
86 49 100
87 49 100
87 49 100
87 50 100
88 50 100
89 50 100
91 50 100
92 50 100
93 50 100
94 50 100
95 50 100
96 50 100
97 50 100
98 50 100
99 50 100
101 50 100
102 50 100
103 50 100
104 50 100
105 50 100
106 50 100
107 50 100
108 50 100
109 50 100
110 49 100
110 48 100
110 47 100
110 46 100
110 45 100
110 44 100
110 43 100
110 42 100
110 41 100
111 40 100
112 40 100
113 40 100
114 40 100
115 40 100
116 40 100
117 40 100
118 40 100
119 40 100
120 39 100
120 38 100
120 37 100
120 36 100
120 35 100
120 34 100
120 33 100
120 32 100
120 31 100
120 31 100
121 30 100
121 30 100
122 30 100
123 30 100
124 30 100
125 30 100
126 30 100
127 30 100
128 30 100
129 30 100
131 30 100
132 30 100
133 30 100
134 30 100
135 30 100
136 30 100
137 30 100
138 30 100
139 30 100
141 30 100
142 30 100
143 30 100
144 30 100
145 30 100
146 30 100
147 30 100
148 30 100
149 30 100
143 132 100
144 132 100
144 131 100
145 131 100
145 130 100
146 130 100
147 130 100
148 130 100
149 130 100
150 129 100
150 128 100
150 127 100
150 126 100
150 125 100
150 124 100
150 123 100
150 122 100
150 121 100
150 119 100
150 118 100
150 117 100
150 116 100
150 115 100
150 114 100
150 113 100
150 113 100
150 112 100
150 112 100
150 111 100
150 111 100
150 111 100
151 110 100
151 110 100
151 110 100
152 110 100
152 110 100
152 110 100
153 110 100
153 110 100
153 110 100
154 110 100
154 110 100
154 110 100
155 110 100
155 110 100
155 110 100
156 110 100
156 110 100
156 110 100
157 110 100
157 110 100
158 110 100
158 110 100
159 110 100
159 110 100
161 110 100
161 110 100
162 110 100
163 110 100
164 110 100
165 110 100
166 110 100
167 110 100
168 110 100
169 110 100
34 41 100
35 41 100
35 40 100
36 40 100
37 40 100
38 40 100
39 40 100
41 40 100
42 40 100
43 40 100
44 40 100
45 40 100
46 40 100
47 40 100
48 40 100
49 40 100
51 40 100
52 40 100
53 40 100
54 40 100
55 40 100
56 40 100
57 40 100
58 40 100
59 40 100
61 40 100
62 40 100
63 40 100
64 40 100
65 40 100
66 40 100
67 40 100
68 40 100
69 40 100
70 41 100
70 42 100
70 43 100
70 44 100
70 45 100
70 45 100
70 46 100
70 46 100
70 47 100
70 47 100
70 48 100
70 48 100
70 49 100
70 49 100
71 50 100
71 50 100
71 50 100
71 49 100
71 49 100
71 49 100
72 49 100
72 49 100
72 49 100
72 48 100
72 48 100
72 48 100
73 48 100
73 48 100
73 48 100
73 48 100
73 47 100
73 47 100
73 47 100
73 47 100
74 47 100
74 47 100
74 47 100
74 47 100
75 47 100
75 47 100
75 47 100
75 47 100
75 47 100
76 47 100
76 47 100
76 47 100
76 47 100
76 47 100
76 47 100
77 47 100
77 47 100
77 47 100
77 47 100
77 47 100
77 47 100
78 47 100
78 47 100
78 47 100
78 47 100
78 47 100
78 47 100
79 47 100
79 47 100
79 47 100
79 47 100
79 47 100
79 47 100
80 47 100
80 47 100
80 47 100
80 47 100
80 47 100
80 47 100
81 47 100
81 47 100
81 47 100
81 47 100
81 47 100
82 47 100
82 47 100
82 47 100
82 47 100
82 47 100
83 47 100
83 47 100
83 47 100
83 47 100
83 47 100
95 161 100
95 161 100
95 161 100
95 161 100
95 161 100
95 161 100
95 161 100
95 161 100
95 161 100
95 161 100
95 161 100
96 161 100
96 161 100
96 161 100
96 161 100
96 161 100
96 161 100
96 161 100
96 161 100
96 161 100
96 161 100
96 161 100
96 160 100
96 160 100
96 160 100
96 160 100
96 160 100
96 160 100
96 160 100
96 160 100
96 160 100
96 160 100
96 160 100
96 160 100
97 160 100
97 160 100
97 160 100
97 160 100
97 160 100
97 160 100
97 160 100
97 160 100
97 160 100
97 160 100
97 160 100
97 160 100
97 159 100
97 159 100
97 159 100
97 159 100
97 159 100
97 159 100
97 159 100
97 159 100
97 159 100
97 159 100
97 159 100
97 159 100
98 159 100
98 159 100
98 159 100
98 159 100
98 159 100
98 159 100
98 159 100
98 159 100
98 159 100
98 159 100
98 159 100
98 159 100
98 158 100
98 158 100
98 158 100
98 158 100
98 158 100
98 158 100
98 158 100
98 158 100
98 158 100
98 158 100
98 158 100
98 158 100
99 158 100
99 158 100
99 158 100
99 158 100
99 158 100
99 158 100
99 158 100
99 158 100
99 158 100
99 158 100
99 158 100
99 158 100
99 157 100
99 157 100
99 157 100
99 157 100
99 157 100
99 157 100
99 157 100
99 157 100
99 157 100
99 157 100
99 157 100
99 157 100
100 157 100
100 157 100
100 157 100
100 157 100
100 157 100
100 157 100
100 157 100
100 157 100
100 157 100
100 157 100
100 157 100
100 157 100
100 156 100
100 156 100
100 156 100
100 156 100
100 156 100
100 156 100
100 156 100
100 156 100
100 156 100
100 156 100
100 156 100
100 155 100
100 155 100
100 155 100
100 155 100
100 155 100
100 155 100
100 155 100
100 155 100
100 155 100
100 154 100
100 154 100
100 154 100
100 154 100
100 154 100
100 154 100
100 154 100
100 154 100
100 153 100
100 153 100
100 153 100
100 153 100
100 153 100
100 153 100
100 153 100
100 152 100
100 152 100
100 152 100
100 152 100
100 152 100
100 152 100
100 151 100
100 151 100
100 151 100
100 151 100
100 151 100
100 150 100
100 149 100
100 149 100
100 149 100
100 149 100
100 148 100
100 148 100
100 148 100
100 147 100
100 147 100
100 147 100
100 146 100
100 146 100
100 146 100
100 145 100
100 145 100
100 144 100
100 144 100
100 143 100
100 143 100
100 142 100
100 142 100
100 141 100
100 139 100
100 138 100
100 137 100
100 136 100
100 135 100
100 134 100
100 133 100
100 132 100
100 131 100
99 130 100
98 130 100
97 130 100
96 130 100
95 130 100
94 130 100
93 130 100
92 130 100
91 130 100
89 130 100
88 130 100
87 130 100
86 130 100
85 130 100
84 130 100
83 130 100
82 130 100
81 130 100
79 130 100
79 131 100
79 132 100
10 172 100
10 171 100
11 170 100
12 170 100
13 170 100
14 170 100
15 170 100
16 170 100
17 170 100
18 170 100
19 170 100
20 169 100
20 168 100
20 167 100
20 166 100
20 165 100
20 164 100
20 163 100
20 162 100
20 161 100
20 159 100
20 158 100
20 157 100
20 156 100
20 155 100
20 154 100
20 153 100
20 152 100
20 151 100
21 150 100
22 150 100
23 150 100
24 150 100
25 150 100
26 150 100
27 150 100
28 150 100
29 150 100
31 150 100
32 150 100
33 150 100
34 150 100
35 150 100
36 150 100
37 150 100
38 150 100
39 150 100
41 150 100
41 149 100
41 149 100
42 149 100
42 149 100
42 148 100
42 148 100
43 148 100
43 148 100
43 148 100
43 147 100
43 147 100
43 147 100
43 147 100
44 147 100
44 147 100
44 147 100
44 147 100
44 147 100
44 146 100
44 146 100
44 146 100
44 146 100
44 146 100
44 146 100
45 146 100
45 146 100
45 146 100
45 146 100
45 146 100
45 146 100
45 146 100
45 145 100
45 145 100
45 145 100
45 145 100
45 145 100
45 145 100
45 145 100
45 145 100
45 145 100
46 145 100
46 145 100
46 145 100
46 145 100
46 145 100
46 145 100
46 145 100
46 145 100
46 145 100
46 145 100
46 145 100
46 144 100
46 144 100
46 144 100
46 144 100
46 144 100
46 144 100
46 144 100
46 144 100
46 144 100
46 144 100
46 144 100
46 144 100
46 144 100
47 144 100
47 144 100
47 144 100
47 144 100
47 144 100
47 144 100
47 144 100
47 144 100
47 144 100
47 144 100
47 144 100
47 144 100
47 144 100
47 144 100
47 143 100
47 143 100
47 143 100
47 143 100
47 143 100
47 143 100
47 143 100
47 143 100
47 143 100
47 143 100
47 143 100
47 143 100
47 143 100
47 143 100
47 143 100
47 143 100
48 143 100
48 143 100
48 143 100
48 143 100
48 143 100
48 143 100
48 143 100
48 143 100
48 143 100
48 143 100
48 143 100
48 143 100
48 143 100
48 143 100
48 143 100
48 143 100
48 142 100
48 142 100
48 142 100
48 142 100
48 142 100
48 142 100
48 142 100
48 142 100
48 142 100
48 142 100
48 142 100
48 142 100
48 142 100
48 142 100
48 142 100
48 142 100
48 142 100
48 142 100
49 142 100
49 142 100
49 142 100
49 142 100
49 142 100
49 142 100
49 142 100
49 142 100
49 142 100
49 142 100
49 142 100
49 142 100
49 142 100
49 142 100
49 142 100
49 142 100
49 142 100
49 141 100
49 141 100
49 141 100
49 141 100
49 141 100
49 141 100
49 141 100
49 141 100
49 141 100
49 141 100
49 141 100
49 141 100
49 141 100
49 141 100
49 141 100
49 141 100
49 141 100
49 141 100
50 141 100
50 141 100
50 141 100
50 141 100
50 141 100
50 141 100
50 141 100
50 141 100
50 141 100
50 141 100
50 141 100
50 141 100
50 141 100
50 141 100
50 141 100
50 141 100
50 140 100
50 140 100
50 140 100
50 140 100
50 140 100
50 140 100
50 140 100
50 140 100
50 140 100
50 140 100
50 140 100
50 140 100
50 140 100
50 140 100
51 140 100
51 140 100
51 140 100
51 140 100
51 140 100
51 140 100
51 140 100
51 140 100
51 140 100
51 140 100
51 140 100
51 140 100
51 140 100
51 140 100
51 140 100
52 140 100
52 140 100
52 140 100
52 140 100
52 140 100
52 140 100
52 140 100
52 140 100
52 140 100
52 140 100
52 140 100
52 140 100
53 140 100
53 140 100
53 140 100
53 140 100
53 140 100
53 140 100
53 140 100
53 140 100
53 140 100
53 140 100
54 140 100
54 140 100
54 140 100
54 140 100
54 140 100
54 140 100
54 140 100
54 140 100
55 140 100
55 140 100
55 140 100
55 140 100
55 140 100
55 140 100
56 140 100
56 140 100
56 140 100
56 140 100
57 140 100
57 140 100
57 140 100
58 140 100
58 140 100
59 140 100
59 140 100
61 140 100
62 140 100
63 140 100
64 140 100
65 140 100
66 140 100
67 140 100
68 140 100
69 140 100
71 140 100
72 140 100
73 140 100
74 140 100
75 140 100
76 140 100
77 140 100
78 140 100
79 140 100
79 139 100
79 138 100
79 137 100
79 136 100
79 135 100
79 134 100
79 133 100
197 93 100
196 93 100
196 92 100
195 92 100
195 91 100
194 91 100
194 90 100
193 90 100
192 90 100
191 90 100
189 90 100
188 90 100
187 90 100
186 90 100
185 90 100
184 90 100
183 90 100
182 90 100
181 90 100
179 90 100
178 90 100
177 90 100
176 90 100
175 90 100
174 90 100
173 90 100
172 90 100
171 90 100
168 178 100
167 178 100
167 179 100
166 179 100
166 180 100
165 180 100
164 180 100
163 180 100
162 180 100
161 180 100
160 179 100
160 178 100
160 177 100
160 176 100
160 175 100
160 174 100
160 173 100
160 172 100
160 171 100
160 169 100
160 168 100
160 168 100
160 167 100
160 167 100
160 166 100
160 166 100
160 166 100
160 165 100
160 165 100
160 165 100
160 164 100
160 164 100
160 164 100
160 164 100
160 163 100
160 163 100
160 163 100
160 163 100
160 162 100
160 162 100
160 162 100
160 162 100
160 161 100
160 161 100
160 161 100
160 161 100
160 161 100
160 160 100
160 160 100
160 160 100
160 159 100
160 159 100
160 159 100
160 159 100
160 159 100
160 158 100
160 158 100
160 158 100
160 158 100
160 158 100
160 157 100
160 157 100
160 157 100
160 157 100
160 157 100
160 156 100
160 156 100
160 156 100
160 156 100
160 155 100
160 155 100
160 155 100
160 155 100
160 154 100
160 154 100
160 154 100
160 154 100
160 153 100
160 153 100
160 153 100
160 153 100
160 152 100
160 152 100
160 152 100
160 152 100
160 151 100
160 151 100
160 151 100
160 151 100
160 150 100
160 150 100
160 149 100
160 149 100
160 149 100
160 149 100
160 148 100
160 148 100
160 148 100
160 148 100
160 147 100
160 147 100
160 147 100
160 146 100
160 146 100
160 146 100
160 145 100
160 145 100
160 145 100
160 144 100
160 144 100
160 144 100
160 143 100
160 143 100
160 142 100
160 142 100
160 141 100
160 139 100
160 138 100
160 137 100
160 136 100
160 135 100
160 134 100
160 133 100
160 132 100
160 131 100
159 130 100
158 130 100
157 130 100
156 130 100
155 130 100
154 130 100
153 130 100
152 130 100
151 130 100
10 91 100
10 92 100
10 93 100
10 94 100
10 95 100
10 96 100
10 97 100
10 98 100
10 99 100
10 101 100
10 102 100
10 103 100
10 104 100
10 105 100
10 106 100
10 107 100
10 108 100
10 109 100
11 110 100
12 110 100
13 110 100
14 110 100
15 110 100
16 110 100
17 110 100
18 110 100
18 110 100
19 110 100
19 110 100
20 110 100
20 110 100
21 110 100
21 110 100
21 110 100
22 110 100
22 110 100
22 110 100
22 110 100
23 110 100
23 110 100
23 110 100
23 110 100
24 110 100
24 110 100
24 110 100
24 110 100
25 110 100
25 110 100
25 110 100
25 110 100
26 110 100
26 110 100
26 110 100
26 110 100
27 110 100
27 110 100
27 110 100
27 110 100
28 110 100
28 110 100
28 110 100
28 110 100
29 110 100
29 110 100
29 110 100
30 110 100
31 110 100
31 110 100
31 110 100
32 110 100
32 110 100
33 110 100
33 110 100
34 110 100
34 110 100
35 110 100
35 110 100
36 110 100
36 110 100
37 110 100
37 110 100
38 110 100
39 110 100
40 111 100
40 112 100
40 113 100
40 114 100
40 115 100
40 116 100
40 117 100
40 118 100
40 119 100
41 120 100
42 120 100
43 120 100
44 120 100
45 120 100
46 120 100
47 120 100
48 120 100
49 120 100
51 120 100
52 120 100
53 120 100
54 120 100
55 120 100
56 120 100
57 120 100
58 120 100
59 120 100
60 121 100
60 122 100
60 123 100
60 124 100
60 125 100
60 126 100
60 127 100
60 128 100
60 129 100
60 131 100
60 132 100
60 133 100
60 134 100
60 135 100
60 136 100
60 137 100
60 138 100
60 139 100
