# score 116376
140 40 100
150 40 100
160 40 100
170 40 100
180 40 100
190 40 100
140 50 100
150 50 100
160 50 100
170 50 100
180 50 100
190 50 100
140 60 100
150 60 100
160 60 100
170 60 100
180 60 100
190 60 100
140 70 100
150 70 100
160 70 100
170 70 100
180 70 100
190 70 100
140 80 100
150 80 100
160 80 100
170 80 100
180 80 100
190 80 100
140 90 100
150 90 100
160 90 100
170 90 100
180 90 100
190 90 100
140 100 100
150 100 100
160 100 100
170 100 100
180 100 100
190 100 100
140 110 100
150 110 100
160 110 100
170 110 100
180 110 100
190 110 100
140 120 100
150 120 100
160 120 100
170 120 100
180 120 100
190 120 100
120 0 100
130 0 100
140 0 100
150 0 100
160 0 100
170 0 100
180 0 100
190 0 100
120 10 100
130 10 100
140 10 100
150 10 100
160 10 100
170 10 100
180 10 100
190 10 100
120 20 100
130 20 100
140 20 100
150 20 100
160 20 100
170 20 100
180 20 100
190 20 100
120 30 100
130 30 100
140 30 100
150 30 100
160 30 100
170 30 100
180 30 100
190 30 100
120 40 100
130 40 100
150 40 100
160 40 100
170 40 100
180 40 100
0 0 100
10 0 100
20 0 100
30 0 100
40 0 100
50 0 100
60 0 100
70 0 100
0 10 100
10 10 100
20 10 100
30 10 100
40 10 100
50 10 100
60 10 100
70 10 100
0 20 100
10 20 100
20 20 100
30 20 100
40 20 100
50 20 100
60 20 100
70 20 100
0 30 100
10 30 100
20 30 100
30 30 100
40 30 100
50 30 100
60 30 100
70 30 100
0 40 100
10 40 100
20 40 100
30 40 100
40 40 100
50 40 100
60 40 100
70 40 100
0 50 100
10 50 100
20 50 100
30 50 100
40 50 100
50 50 100
60 50 100
70 50 100
0 60 100
10 60 100
20 60 100
30 60 100
40 60 100
50 60 100
60 60 100
70 60 100
0 70 100
10 70 100
20 70 100
30 70 100
40 70 100
50 70 100
60 70 100
70 70 100
10 120 100
20 120 100
30 120 100
40 120 100
50 120 100
60 120 100
70 120 100
80 120 100
90 120 100
10 130 100
20 130 100
30 130 100
40 130 100
50 130 100
60 130 100
70 130 100
80 130 100
90 130 100
10 140 100
20 140 100
30 140 100
40 140 100
50 140 100
60 140 100
70 140 100
80 140 100
90 140 100
10 150 100
20 150 100
30 150 100
40 150 100
50 150 100
60 150 100
70 150 100
80 150 100
90 150 100
10 160 100
20 160 100
30 160 100
40 160 100
50 160 100
60 160 100
70 160 100
80 160 100
90 160 100
10 170 100
20 170 100
30 170 100
40 170 100
50 170 100
60 170 100
70 170 100
80 170 100
90 170 100
10 180 100
20 180 100
30 180 100
40 180 100
50 180 100
60 180 100
70 180 100
80 180 100
90 180 100
10 190 100
20 190 100
30 190 100
40 190 100
50 190 100
60 190 100
70 190 100
80 190 100
90 190 100
39 38 100
40 38 100
40 37 100
40 36 100
40 35 100
40 34 100
40 33 100
40 32 100
40 31 100
39 30 100
38 30 100
37 30 100
36 30 100
35 30 100
34 30 100
33 30 100
32 30 100
31 30 100
30 29 100
30 28 100
30 27 100
30 27 100
30 26 100
30 26 100
30 26 100
30 25 100
30 25 100
30 25 100
30 25 100
30 24 100
30 24 100
30 24 100
30 24 100
30 24 100
30 23 100
30 23 100
30 23 100
30 23 100
30 23 100
30 23 100
30 22 100
30 22 100
30 22 100
30 22 100
30 22 100
30 22 100
30 22 100
30 21 100
30 21 100
30 21 100
30 21 100
30 21 100
30 21 100
30 21 100
30 21 100
30 20 100
30 20 100
30 20 100
30 20 100
30 20 100
30 20 100
30 19 100
30 19 100
30 19 100
30 19 100
30 19 100
30 19 100
30 19 100
30 18 100
30 18 100
30 18 100
30 18 100
30 18 100
30 17 100
30 17 100
30 17 100
30 17 100
30 16 100
30 16 100
30 16 100
30 15 100
30 15 100
30 14 100
30 14 100
30 13 100
30 13 100
30 12 100
30 11 100
30 9 100
30 8 100
30 7 100
30 6 100
30 5 100
30 4 100
30 3 100
30 2 100
30 1 100
31 0 100
32 0 100
33 0 100
34 0 100
35 0 100
36 0 100
37 0 100
38 0 100
39 0 100
41 0 100
42 0 100
43 0 100
44 0 100
45 0 100
46 0 100
47 0 100
48 0 100
49 0 100
51 0 100
52 0 100
53 0 100
54 0 100
55 0 100
56 0 100
57 0 100
58 0 100
59 0 100
60 1 100
60 2 100
60 3 100
60 4 100
60 5 100
60 6 100
60 7 100
60 8 100
60 9 100
61 10 100
61 11 100
61 11 100
62 11 100
62 11 100
62 12 100
62 12 100
63 12 100
63 12 100
63 13 100
63 13 100
64 13 100
64 13 100
64 14 100
64 14 100
65 14 100
65 14 100
65 15 100
65 15 100
66 15 100
66 15 100
66 16 100
67 16 100
67 17 100
68 17 100
68 18 100
69 18 100
69 19 100
70 19 100
71 20 100
72 20 100
73 20 100
74 20 100
75 20 100
76 20 100
77 20 100
78 20 100
79 20 100
80 20 100
81 20 100
82 20 100
83 20 100
84 20 100
85 20 100
86 20 100
87 20 100
88 20 100
89 20 100
90 20 100
90 20 100
91 20 100
91 20 100
91 20 100
91 20 100
92 20 100
92 20 100
92 20 100
92 20 100
92 20 100
92 20 100
92 20 100
93 20 100
93 20 100
93 20 100
93 20 100
93 20 100
93 20 100
93 20 100
93 20 100
93 20 100
93 20 100
93 20 100
93 20 100
94 20 100
94 20 100
94 20 100
94 20 100
94 20 100
94 20 100
94 20 100
94 20 100
94 20 100
94 20 100
94 20 100
94 20 100
94 20 100
94 20 100
94 20 100
94 20 100
95 20 100
95 20 100
95 20 100
95 20 100
95 20 100
95 20 100
95 20 100
95 20 100
95 20 100
95 20 100
95 20 100
95 20 100
95 20 100
95 20 100
95 20 100
95 20 100
95 20 100
95 20 100
95 20 100
95 20 100
96 20 100
96 20 100
96 20 100
96 20 100
96 20 100
96 20 100
96 20 100
96 20 100
96 20 100
96 20 100
96 20 100
96 20 100
96 20 100
96 20 100
96 20 100
96 20 100
96 20 100
96 20 100
96 20 100
96 20 100
96 20 100
96 20 100
96 20 100
97 20 100
97 20 100
97 20 100
97 20 100
97 20 100
97 20 100
97 20 100
97 20 100
97 20 100
97 20 100
97 20 100
97 20 100
97 20 100
97 20 100
97 20 100
97 20 100
97 20 100
97 20 100
97 20 100
97 20 100
97 20 100
97 20 100
97 20 100
97 20 100
97 20 100
98 20 100
98 20 100
98 20 100
98 20 100
98 20 100
98 20 100
98 20 100
98 20 100
98 20 100
98 20 100
98 20 100
98 20 100
98 20 100
98 20 100
98 20 100
98 20 100
98 20 100
98 20 100
98 20 100
98 20 100
98 20 100
98 20 100
98 20 100
98 20 100
98 20 100
98 20 100
99 20 100
99 20 100
99 20 100
99 20 100
99 20 100
99 20 100
99 20 100
99 20 100
99 20 100
99 20 100
99 20 100
99 20 100
99 20 100
99 20 100
99 20 100
99 20 100
99 20 100
99 20 100
99 20 100
99 20 100
99 20 100
99 20 100
99 20 100
99 20 100
99 20 100
99 20 100
99 20 100
100 20 100
100 20 100
100 20 100
100 20 100
100 20 100
100 20 100
100 20 100
100 20 100
100 20 100
100 20 100
100 20 100
100 20 100
100 20 100
100 20 100
100 20 100
100 20 100
100 20 100
100 20 100
100 20 100
100 20 100
100 20 100
100 20 100
100 20 100
100 20 100
100 20 100
100 20 100
100 20 100
101 20 100
101 20 100
101 20 100
101 20 100
101 20 100
101 20 100
101 20 100
101 20 100
101 20 100
101 20 100
101 20 100
101 20 100
101 20 100
101 20 100
101 20 100
101 20 100
101 20 100
101 20 100
101 20 100
101 20 100
101 20 100
101 20 100
101 20 100
101 20 100
101 20 100
101 20 100
101 20 100
102 20 100
102 20 100
102 20 100
102 20 100
102 20 100
102 20 100
102 20 100
102 20 100
102 20 100
102 20 100
102 20 100
102 20 100
102 20 100
102 20 100
102 20 100
102 20 100
102 20 100
102 20 100
102 20 100
102 20 100
102 20 100
102 20 100
102 20 100
102 20 100
102 20 100
102 20 100
102 20 100
102 20 100
103 20 100
103 20 100
103 20 100
103 20 100
103 20 100
103 20 100
103 20 100
103 20 100
103 20 100
103 20 100
103 20 100
103 20 100
103 20 100
103 20 100
103 20 100
103 20 100
103 20 100
103 20 100
103 20 100
103 20 100
103 20 100
103 20 100
103 20 100
103 20 100
103 20 100
103 20 100
103 20 100
103 20 100
104 20 100
104 20 100
104 20 100
104 20 100
104 20 100
104 20 100
104 20 100
104 20 100
104 20 100
104 20 100
104 20 100
104 20 100
104 20 100
104 20 100
104 20 100
104 20 100
104 20 100
104 20 100
104 20 100
104 20 100
104 20 100
104 20 100
104 20 100
104 20 100
104 20 100
104 20 100
105 20 100
105 20 100
105 20 100
105 20 100
105 20 100
105 20 100
105 20 100
105 20 100
105 20 100
105 20 100
105 20 100
105 20 100
105 20 100
105 20 100
105 20 100
105 20 100
105 20 100
105 20 100
105 20 100
105 20 100
105 20 100
105 20 100
105 20 100
105 20 100
106 20 100
106 20 100
106 20 100
106 20 100
106 20 100
106 20 100
106 20 100
106 20 100
106 20 100
106 20 100
106 20 100
106 20 100
106 20 100
106 20 100
106 20 100
106 20 100
106 20 100
106 20 100
106 20 100
106 20 100
107 20 100
107 20 100
107 20 100
107 20 100
107 20 100
107 20 100
107 20 100
107 20 100
107 20 100
107 20 100
107 20 100
107 20 100
107 20 100
107 20 100
107 20 100
108 20 100
108 20 100
108 20 100
108 20 100
108 20 100
108 20 100
108 20 100
108 20 100
108 20 100
108 20 100
108 20 100
109 20 100
109 20 100
109 20 100
109 20 100
109 20 100
109 20 100
109 20 100
110 20 100
110 20 100
110 20 100
110 20 100
111 20 100
111 20 100
112 20 100
112 20 100
113 20 100
114 20 100
115 20 100
116 20 100
117 20 100
118 20 100
119 20 100
121 20 100
122 20 100
123 20 100
124 20 100
125 20 100
126 20 100
127 20 100
127 20 100
128 20 100
128 20 100
129 20 100
129 20 100
129 20 100
130 20 100
130 20 100
130 20 100
131 20 100
131 20 100
131 20 100
131 20 100
131 20 100
132 20 100
132 20 100
132 20 100
132 20 100
132 20 100
133 20 100
133 20 100
133 20 100
133 20 100
133 20 100
134 20 100
134 20 100
134 20 100
134 20 100
135 20 100
135 20 100
135 20 100
135 20 100
136 20 100
136 20 100
136 20 100
137 20 100
137 20 100
138 20 100
138 20 100
139 20 100
139 20 100
141 20 100
142 20 100
143 20 100
144 20 100
145 20 100
146 20 100
147 20 100
148 20 100
149 20 100
151 20 100
152 20 100
153 20 100
154 20 100
155 20 100
156 20 100
157 20 100
158 20 100
159 20 100
160 19 100
160 18 100
160 17 100
160 16 100
160 15 100
160 14 100
160 13 100
160 12 100
160 11 100
160 9 100
160 8 100
160 7 100
160 6 100
160 5 100
160 4 100
160 3 100
160 2 100
160 1 100
161 0 100
161 1 100
162 1 100
163 1 100
164 1 100
165 1 100
166 1 100
167 1 100
168 1 100
169 1 100
54 168 100
54 168 100
54 168 100
54 168 100
53 168 100
53 168 100
53 169 100
53 169 100
52 169 100
52 169 100
52 170 100
52 170 100
51 170 100
49 170 100
48 170 100
47 170 100
46 170 100
45 170 100
44 170 100
43 170 100
42 170 100
41 170 100
40 169 100
40 168 100
40 167 100
40 166 100
40 165 100
40 164 100
40 163 100
40 162 100
40 161 100
40 159 100
40 158 100
40 157 100
40 156 100
40 155 100
40 154 100
40 153 100
40 152 100
40 151 100
40 149 100
40 148 100
40 147 100
40 146 100
40 145 100
40 144 100
40 143 100
40 142 100
40 141 100
39 140 100
39 139 100
38 139 100
38 138 100
37 138 100
37 138 100
37 137 100
37 137 100
36 137 100
36 137 100
36 136 100
36 136 100
35 136 100
35 136 100
35 135 100
35 135 100
34 135 100
34 135 100
34 134 100
34 134 100
33 134 100
33 134 100
33 133 100
32 133 100
32 132 100
31 132 100
31 131 100
30 131 100
29 130 100
28 130 100
27 130 100
26 130 100
25 130 100
24 130 100
23 130 100
22 130 100
21 130 100
20 129 100
20 128 100
20 127 100
20 126 100
20 125 100
20 124 100
20 123 100
20 122 100
20 121 100
20 119 100
20 118 100
20 117 100
20 117 100
20 116 100
20 116 100
20 115 100
20 115 100
20 114 100
20 113 100
20 112 100
20 111 100
20 110 100
20 109 100
20 108 100
20 107 100
20 106 100
20 105 100
20 104 100
20 103 100
20 102 100
20 101 100
20 100 100
20 99 100
20 98 100
20 97 100
20 96 100
20 95 100
20 94 100
20 93 100
20 92 100
20 91 100
20 90 100
20 89 100
20 88 100
20 87 100
20 86 100
20 85 100
20 84 100
20 83 100
20 82 100
20 81 100
20 81 100
20 80 100
20 80 100
20 79 100
20 79 100
20 78 100
20 77 100
20 76 100
20 75 100
20 74 100
20 73 100
20 72 100
20 71 100
20 69 100
20 68 100
20 67 100
20 66 100
20 65 100
20 64 100
20 63 100
20 62 100
20 61 100
21 60 100
22 60 100
23 60 100
24 60 100
25 60 100
26 60 100
26 60 100
27 60 100
27 60 100
27 60 100
28 60 100
28 60 100
28 60 100
28 60 100
29 60 100
29 60 100
29 60 100
29 60 100
29 60 100
30 60 100
30 60 100
30 60 100
30 60 100
31 60 100
31 60 100
31 60 100
31 60 100
31 60 100
32 60 100
32 60 100
32 60 100
32 60 100
32 60 100
33 60 100
33 60 100
33 60 100
33 60 100
34 60 100
34 60 100
34 60 100
35 60 100
35 60 100
36 60 100
36 60 100
37 60 100
38 60 100
39 60 100
40 59 100
40 58 100
40 57 100
40 56 100
40 55 100
40 54 100
40 53 100
40 52 100
40 51 100
40 49 100
40 48 100
40 47 100
40 46 100
40 45 100
40 44 100
40 43 100
40 42 100
40 41 100
39 40 100
39 39 100
