# score 163812
120 100 100
130 100 100
140 100 100
150 100 100
160 100 100
170 100 100
180 100 100
190 100 100
120 110 100
130 110 100
140 110 100
150 110 100
160 110 100
170 110 100
180 110 100
190 110 100
120 120 100
130 120 100
140 120 100
150 120 100
160 120 100
170 120 100
180 120 100
190 120 100
120 130 100
130 130 100
140 130 100
150 130 100
160 130 100
170 130 100
180 130 100
190 130 100
120 140 100
130 140 100
140 140 100
150 140 100
160 140 100
170 140 100
180 140 100
190 140 100
120 150 100
130 150 100
140 150 100
150 150 100
160 150 100
170 150 100
180 150 100
190 150 100
120 160 100
130 160 100
140 160 100
150 160 100
160 160 100
170 160 100
180 160 100
190 160 100
120 170 100
130 170 100
140 170 100
150 170 100
160 170 100
170 170 100
180 170 100
190 170 100
120 180 100
130 180 100
140 180 100
150 180 100
160 180 100
170 180 100
180 180 100
190 180 100
60 60 100
70 60 100
80 60 100
90 60 100
100 60 100
110 60 100
120 60 100
130 60 100
140 60 100
60 70 100
70 70 100
80 70 100
90 70 100
100 70 100
110 70 100
120 70 100
130 70 100
140 70 100
60 80 100
70 80 100
80 80 100
90 80 100
100 80 100
110 80 100
120 80 100
130 80 100
140 80 100
60 90 100
70 90 100
80 90 100
90 90 100
100 90 100
110 90 100
120 90 100
130 90 100
140 90 100
60 100 100
70 100 100
80 100 100
90 100 100
100 100 100
110 100 100
120 100 100
60 110 100
70 110 100
80 110 100
90 110 100
100 110 100
110 110 100
130 110 100
60 120 100
70 120 100
80 120 100
90 120 100
100 120 100
110 120 100
130 120 100
140 120 100
60 130 100
70 130 100
80 130 100
90 130 100
100 130 100
110 130 100
140 130 100
60 140 100
70 140 100
80 140 100
90 140 100
100 140 100
110 140 100
120 140 100
90 50 100
100 50 100
110 50 100
120 50 100
130 50 100
140 50 100
150 50 100
160 50 100
170 50 100
110 60 100
120 60 100
150 60 100
160 60 100
170 60 100
100 70 100
110 70 100
120 70 100
130 70 100
150 70 100
160 70 100
170 70 100
90 80 100
100 80 100
110 80 100
120 80 100
130 80 100
140 80 100
150 80 100
160 80 100
170 80 100
90 90 100
100 90 100
110 90 100
120 90 100
130 90 100
140 90 100
150 90 100
160 90 100
170 90 100
110 100 100
120 100 100
150 100 100
160 100 100
170 100 100
130 110 100
150 110 100
160 110 100
170 110 100
110 120 100
140 120 100
150 120 100
160 120 100
170 120 100
100 130 100
110 130 100
170 130 100
80 10 100
90 10 100
100 10 100
110 10 100
120 10 100
130 10 100
140 10 100
150 10 100
160 10 100
80 20 100
90 20 100
100 20 100
110 20 100
120 20 100
130 20 100
140 20 100
150 20 100
160 20 100
80 30 100
90 30 100
100 30 100
110 30 100
120 30 100
130 30 100
140 30 100
150 30 100
160 30 100
80 40 100
90 40 100
100 40 100
110 40 100
120 40 100
130 40 100
140 40 100
150 40 100
160 40 100
80 50 100
100 50 100
110 50 100
110 60 100
120 60 100
100 70 100
110 70 100
120 70 100
130 70 100
100 80 100
110 80 100
120 80 100
130 80 100
140 80 100
160 80 100
80 90 100
90 90 100
100 90 100
110 90 100
120 90 100
130 90 100
150 90 100
0 0 100
10 0 100
20 0 100
30 0 100
40 0 100
50 0 100
60 0 100
0 10 100
10 10 100
20 10 100
30 10 100
40 10 100
50 10 100
60 10 100
0 20 100
10 20 100
20 20 100
30 20 100
40 20 100
50 20 100
60 20 100
0 30 100
10 30 100
20 30 100
30 30 100
40 30 100
50 30 100
60 30 100
0 40 100
10 40 100
20 40 100
30 40 100
40 40 100
50 40 100
60 40 100
0 50 100
10 50 100
20 50 100
30 50 100
40 50 100
50 50 100
60 50 100
0 60 100
10 60 100
20 60 100
30 60 100
40 60 100
50 60 100
60 60 100
0 70 100
10 70 100
20 70 100
30 70 100
40 70 100
50 70 100
60 70 100
0 80 100
10 80 100
20 80 100
30 80 100
40 80 100
50 80 100
60 80 100
40 110 100
50 110 100
40 120 100
50 120 100
60 120 100
110 120 100
40 130 100
50 130 100
60 130 100
70 130 100
110 130 100
40 140 100
50 140 100
60 140 100
70 140 100
100 140 100
110 140 100
120 140 100
40 150 100
50 150 100
60 150 100
70 150 100
80 150 100
90 150 100
100 150 100
110 150 100
120 150 100
40 160 100
50 160 100
60 160 100
70 160 100
80 160 100
90 160 100
100 160 100
110 160 100
120 160 100
40 170 100
50 170 100
60 170 100
70 170 100
80 170 100
90 170 100
100 170 100
110 170 100
120 170 100
40 180 100
50 180 100
60 180 100
70 180 100
80 180 100
90 180 100
100 180 100
110 180 100
120 180 100
40 190 100
50 190 100
60 190 100
70 190 100
80 190 100
90 190 100
100 190 100
110 190 100
120 190 100
10 0 100
20 0 100
30 0 100
20 10 100
30 10 100
40 10 100
30 20 100
40 20 100
0 30 100
40 30 100
0 40 100
10 40 100
0 50 100
10 50 100
20 50 100
0 60 100
10 60 100
30 60 100
0 40 100
10 40 100
50 40 100
0 50 100
10 50 100
20 50 100
60 50 100
0 60 100
10 60 100
60 60 100
30 70 100
40 70 100
50 70 100
0 80 100
10 80 100
40 80 100
0 90 100
10 90 100
20 90 100
30 90 100
40 90 100
50 90 100
0 100 100
10 100 100
20 100 100
30 100 100
40 100 100
50 100 100
0 110 100
10 110 100
20 110 100
30 110 100
40 110 100
50 110 100
0 120 100
10 120 100
20 120 100
30 120 100
40 120 100
150 40 100
170 40 100
180 40 100
190 40 100
180 50 100
190 50 100
170 60 100
180 60 100
190 60 100
170 70 100
180 70 100
190 70 100
140 80 100
160 80 100
180 80 100
190 80 100
180 90 100
190 90 100
150 100 100
160 100 100
170 100 100
180 100 100
190 100 100
150 110 100
160 110 100
170 110 100
180 110 100
190 110 100
140 120 100
150 120 100
170 120 100
110 0 100
120 0 100
130 0 100
140 0 100
150 0 100
160 0 100
170 0 100
180 0 100
190 0 100
110 10 100
120 10 100
130 10 100
150 10 100
160 10 100
170 10 100
180 10 100
190 10 100
110 20 100
120 20 100
130 20 100
140 20 100
150 20 100
160 20 100
170 20 100
180 20 100
190 20 100
110 30 100
120 30 100
130 30 100
140 30 100
150 30 100
160 30 100
170 30 100
180 30 100
190 30 100
110 40 100
150 40 100
10 90 100
70 90 100
80 90 100
90 90 100
40 100 100
50 100 100
20 110 100
30 110 100
40 110 100
50 110 100
10 120 100
20 120 100
30 120 100
40 120 100
10 130 100
20 130 100
30 130 100
60 130 100
70 130 100
10 140 100
20 140 100
30 140 100
60 140 100
10 150 100
20 150 100
30 150 100
50 150 100
60 150 100
10 160 100
20 160 100
30 160 100
40 160 100
50 160 100
60 160 100
70 160 100
10 170 100
20 170 100
30 170 100
40 170 100
50 170 100
60 170 100
70 170 100
120 52 100
120 51 100
121 50 100
122 50 100
123 50 100
124 50 100
125 50 100
126 50 100
127 50 100
128 50 100
129 50 100
130 51 100
130 52 100
130 53 100
130 54 100
130 55 100
130 56 100
130 57 100
130 58 100
130 59 100
131 60 100
132 60 100
133 60 100
134 60 100
135 60 100
136 60 100
137 60 100
138 60 100
139 60 100
140 61 100
140 62 100
140 63 100
140 64 100
140 65 100
140 66 100
140 67 100
140 68 100
140 69 100
141 70 100
142 70 100
143 70 100
144 70 100
145 70 100
146 70 100
147 70 100
148 70 100
149 70 100
150 71 100
150 72 100
150 73 100
150 74 100
150 75 100
150 76 100
150 77 100
150 78 100
150 79 100
150 81 100
150 82 100
150 83 100
150 84 100
150 84 100
150 85 100
150 85 100
150 86 100
150 86 100
150 87 100
150 87 100
150 88 100
150 88 100
150 89 100
150 89 100
149 90 100
149 90 100
148 90 100
148 90 100
147 90 100
147 90 100
146 90 100
146 90 100
145 90 100
144 90 100
143 90 100
142 90 100
142 90 100
141 90 100
141 90 100
140 91 100
140 91 100
140 92 100
140 93 100
140 94 100
140 95 100
140 96 100
140 97 100
140 98 100
140 99 100
139 100 100
139 99 100
138 99 100
138 98 100
137 98 100
22 42 100
21 42 100
21 43 100
20 43 100
20 44 100
20 45 100
20 46 100
20 47 100
20 48 100
20 48 100
20 49 100
20 49 100
20 51 100
20 51 100
20 51 100
20 51 100
20 52 100
20 52 100
20 52 100
20 52 100
20 53 100
20 53 100
20 53 100
20 53 100
20 54 100
20 54 100
20 54 100
20 54 100
20 55 100
20 55 100
20 55 100
20 56 100
20 56 100
20 56 100
20 57 100
20 57 100
20 58 100
20 58 100
20 59 100
20 61 100
20 62 100
20 63 100
20 64 100
20 65 100
20 66 100
20 67 100
20 68 100
20 69 100
20 71 100
20 72 100
20 73 100
20 74 100
20 75 100
20 76 100
20 77 100
20 78 100
20 79 100
21 80 100
22 80 100
23 80 100
24 80 100
25 80 100
26 80 100
27 80 100
28 80 100
29 80 100
29 81 100
29 82 100
29 83 100
29 84 100
29 85 100
29 86 100
29 87 100
29 88 100
30 88 100
30 89 100
31 90 100
32 90 100
33 90 100
34 90 100
35 90 100
36 90 100
37 90 100
38 90 100
39 90 100
41 90 100
42 90 100
42 90 100
43 90 100
43 90 100
44 90 100
44 90 100
45 90 100
45 90 100
46 90 100
46 90 100
47 90 100
47 90 100
48 90 100
48 90 100
49 90 100
49 90 100
51 90 100
52 90 100
53 90 100
53 90 100
54 90 100
54 90 100
55 90 100
55 90 100
56 90 100
56 90 100
57 90 100
57 90 100
58 90 100
58 90 100
59 90 100
59 90 100
61 90 100
62 90 100
63 90 100
64 90 100
65 90 100
66 90 100
67 90 100
68 90 100
69 90 100
69 90 100
70 91 100
70 91 100
70 92 100
70 92 100
70 93 100
70 93 100
70 94 100
70 95 100
70 96 100
70 97 100
70 98 100
70 99 100
71 100 100
72 100 100
73 100 100
74 100 100
74 100 100
75 100 100
75 100 100
76 100 100
76 100 100
77 100 100
77 100 100
78 100 100
78 100 100
79 100 100
81 100 100
82 100 100
83 100 100
84 100 100
85 100 100
86 100 100
87 100 100
88 100 100
89 100 100
91 100 100
92 100 100
93 100 100
94 100 100
95 100 100
96 100 100
97 100 100
98 100 100
99 100 100
101 100 100
101 101 100
102 101 100
87 152 100
88 152 100
88 151 100
89 151 100
89 150 100
90 149 100
90 148 100
90 147 100
90 146 100
90 145 100
90 144 100
90 143 100
90 142 100
90 141 100
90 139 100
90 138 100
90 137 100
90 136 100
90 135 100
90 134 100
90 133 100
90 132 100
90 131 100
90 129 100
90 128 100
90 127 100
90 126 100
90 125 100
90 124 100
90 123 100
90 122 100
90 121 100
90 119 100
90 118 100
90 117 100
90 116 100
90 115 100
90 114 100
90 113 100
90 112 100
90 111 100
90 109 100
90 108 100
90 107 100
90 106 100
90 105 100
90 104 100
90 103 100
90 102 100
90 101 100
0 23 100
0 24 100
0 25 100
0 26 100
0 27 100
0 28 100
0 29 100
1 30 100
1 30 100
2 30 100
2 30 100
3 30 100
3 30 100
4 30 100
5 30 100
6 30 100
7 30 100
8 30 100
9 30 100
11 30 100
12 30 100
13 30 100
14 30 100
15 30 100
16 30 100
17 30 100
18 30 100
19 30 100
20 31 100
20 32 100
20 33 100
20 34 100
20 35 100
20 36 100
20 37 100
20 38 100
20 39 100
21 40 100
21 41 100
22 41 100
189 86 100
190 86 100
190 87 100
190 88 100
190 89 100
189 90 100
188 90 100
187 90 100
186 90 100
185 90 100
184 90 100
183 90 100
182 90 100
181 90 100
179 90 100
178 90 100
177 90 100
176 90 100
175 90 100
174 90 100
173 90 100
172 90 100
171 90 100
169 90 100
168 90 100
167 90 100
166 90 100
165 90 100
164 90 100
163 90 100
162 90 100
161 90 100
159 90 100
158 90 100
157 90 100
156 90 100
155 90 100
155 90 100
154 90 100
154 90 100
153 90 100
153 90 100
152 90 100
152 90 100
151 90 100
151 90 100
157 0 100
156 0 100
155 0 100
154 0 100
153 0 100
152 0 100
151 0 100
149 0 100
148 0 100
147 0 100
146 0 100
145 0 100
144 0 100
143 0 100
142 0 100
141 0 100
139 0 100
138 0 100
137 0 100
136 0 100
135 0 100
134 0 100
133 0 100
132 0 100
131 0 100
129 0 100
128 0 100
127 0 100
126 0 100
125 0 100
124 0 100
123 0 100
122 0 100
121 0 100
119 0 100
118 0 100
117 0 100
116 0 100
115 0 100
114 0 100
113 0 100
112 0 100
111 0 100
110 1 100
110 2 100
110 3 100
110 4 100
110 5 100
110 6 100
110 7 100
110 8 100
110 9 100
109 10 100
109 11 100
109 11 100
108 11 100
108 11 100
108 12 100
108 12 100
107 12 100
107 12 100
107 13 100
107 13 100
107 13 100
106 13 100
106 13 100
106 13 100
106 14 100
106 14 100
106 14 100
105 14 100
105 14 100
105 14 100
105 14 100
105 15 100
105 15 100
105 15 100
105 15 100
104 15 100
104 15 100
104 15 100
104 15 100
104 15 100
104 16 100
104 16 100
104 16 100
104 16 100
104 16 100
103 16 100
103 16 100
103 16 100
103 16 100
103 16 100
103 17 100
103 17 100
103 17 100
103 17 100
102 17 100
102 17 100
102 17 100
102 17 100
102 18 100
102 18 100
102 18 100
101 18 100
101 18 100
101 19 100
101 19 100
100 19 100
100 21 100
100 22 100
100 23 100
100 24 100
100 25 100
100 26 100
100 27 100
100 28 100
100 29 100
99 30 100
98 30 100
97 30 100
96 30 100
95 30 100
94 30 100
93 30 100
92 30 100
91 30 100
90 31 100
90 32 100
90 33 100
90 34 100
90 35 100
90 36 100
90 37 100
90 38 100
90 39 100
90 41 100
90 42 100
90 43 100
90 44 100
90 45 100
90 46 100
90 47 100
90 48 100
90 49 100
90 51 100
90 52 100
90 53 100
90 54 100
90 55 100
90 56 100
90 57 100
90 58 100
90 59 100
89 60 100
88 60 100
87 60 100
86 60 100
85 60 100
84 60 100
83 60 100
82 60 100
81 60 100
80 61 100
80 62 100
80 63 100
80 64 100
80 65 100
80 66 100
80 67 100
80 68 100
80 69 100
79 70 100
78 70 100
77 70 100
76 70 100
75 70 100
74 70 100
73 70 100
72 70 100
71 70 100
69 70 100
68 70 100
67 70 100
66 70 100
65 70 100
64 70 100
63 70 100
62 70 100
61 70 100
61 70 100
60 71 100
60 71 100
60 72 100
60 73 100
60 74 100
60 75 100
60 76 100
60 77 100
60 77 100
60 78 100
60 78 100
60 79 100
60 79 100
60 81 100
60 81 100
60 82 100
60 82 100
60 83 100
60 84 100
60 85 100
60 86 100
60 87 100
60 88 100
60 89 100
50 139 100
50 138 100
50 137 100
50 136 100
50 135 100
50 134 100
50 133 100
50 132 100
50 131 100
50 129 100
50 128 100
50 127 100
50 126 100
50 125 100
50 124 100
50 123 100
50 122 100
50 121 100
51 120 100
52 120 100
53 120 100
54 120 100
54 120 100
55 120 100
55 120 100
56 120 100
56 120 100
57 120 100
57 120 100
57 120 100
58 120 100
58 120 100
58 120 100
59 120 100
59 120 100
61 120 100
61 120 100
62 120 100
63 120 100
64 120 100
65 120 100
66 120 100
67 120 100
68 120 100
69 120 100
71 120 100
72 120 100
73 120 100
74 120 100
75 120 100
76 120 100
77 120 100
78 120 100
79 120 100
81 120 100
82 120 100
83 120 100
84 120 100
85 120 100
86 120 100
87 120 100
88 120 100
89 120 100
