# score 222488
0 0 100
10 0 100
20 0 100
30 0 100
40 0 100
0 10 100
10 10 100
20 10 100
30 10 100
40 10 100
0 20 100
10 20 100
20 20 100
30 20 100
40 20 100
0 30 100
10 30 100
20 30 100
30 30 100
40 30 100
0 40 100
10 40 100
20 40 100
30 40 100
40 40 100
0 50 100
10 50 100
20 50 100
30 50 100
40 50 100
50 50 100
60 50 100
0 60 100
10 60 100
20 60 100
30 60 100
40 60 100
50 60 100
60 60 100
0 70 100
10 70 100
20 70 100
30 70 100
40 70 100
50 70 100
60 70 100
0 80 100
10 80 100
20 80 100
30 80 100
40 80 100
50 80 100
60 80 100
0 90 100
10 90 100
20 90 100
30 90 100
40 90 100
50 90 100
60 90 100
0 100 100
10 100 100
20 100 100
30 100 100
40 100 100
50 100 100
60 100 100
0 110 100
10 110 100
20 110 100
30 110 100
40 110 100
50 110 100
60 110 100
0 120 100
10 120 100
20 120 100
30 120 100
40 120 100
50 120 100
60 120 100
0 130 100
10 130 100
20 130 100
30 130 100
40 130 100
50 130 100
60 130 100
70 40 100
80 40 100
90 40 100
100 40 100
110 40 100
120 40 100
130 40 100
140 40 100
150 40 100
70 50 100
80 50 100
90 50 100
100 50 100
110 50 100
120 50 100
130 50 100
140 50 100
150 50 100
70 60 100
80 60 100
90 60 100
100 60 100
110 60 100
120 60 100
130 60 100
140 60 100
150 60 100
70 70 100
80 70 100
90 70 100
100 70 100
110 70 100
120 70 100
130 70 100
140 70 100
150 70 100
70 80 100
80 80 100
90 80 100
100 80 100
110 80 100
120 80 100
130 80 100
140 80 100
150 80 100
70 90 100
80 90 100
90 90 100
100 90 100
110 90 100
120 90 100
130 90 100
140 90 100
150 90 100
70 100 100
80 100 100
90 100 100
100 100 100
110 100 100
120 100 100
130 100 100
140 100 100
150 100 100
70 110 100
80 110 100
90 110 100
100 110 100
110 110 100
120 110 100
130 110 100
140 110 100
150 110 100
70 120 100
80 120 100
90 120 100
100 120 100
110 120 100
120 120 100
130 120 100
140 120 100
150 120 100
40 110 100
50 110 100
60 110 100
70 110 100
80 110 100
90 110 100
100 110 100
60 120 100
70 120 100
80 120 100
90 120 100
100 120 100
70 130 100
80 130 100
90 130 100
100 130 100
20 140 100
30 140 100
40 140 100
50 140 100
60 140 100
70 140 100
80 140 100
90 140 100
100 140 100
20 150 100
30 150 100
40 150 100
50 150 100
60 150 100
70 150 100
80 150 100
90 150 100
100 150 100
20 160 100
30 160 100
40 160 100
50 160 100
60 160 100
70 160 100
80 160 100
90 160 100
100 160 100
20 170 100
30 170 100
40 170 100
50 170 100
60 170 100
70 170 100
80 170 100
90 170 100
100 170 100
20 180 100
30 180 100
40 180 100
50 180 100
60 180 100
70 180 100
80 180 100
90 180 100
100 180 100
20 190 100
30 190 100
40 190 100
50 190 100
60 190 100
70 190 100
80 190 100
90 190 100
100 190 100
80 0 100
90 0 100
100 0 100
110 0 100
120 0 100
130 0 100
140 0 100
150 0 100
160 0 100
80 10 100
90 10 100
100 10 100
110 10 100
120 10 100
130 10 100
140 10 100
150 10 100
160 10 100
80 20 100
90 20 100
100 20 100
110 20 100
120 20 100
130 20 100
140 20 100
150 20 100
160 20 100
80 30 100
90 30 100
100 30 100
110 30 100
120 30 100
130 30 100
140 30 100
150 30 100
160 30 100
110 40 100
160 40 100
160 50 100
160 60 100
160 70 100
120 150 100
130 150 100
140 150 100
150 150 100
160 150 100
170 150 100
180 150 100
190 150 100
120 160 100
130 160 100
140 160 100
150 160 100
160 160 100
170 160 100
180 160 100
190 160 100
120 170 100
130 170 100
140 170 100
150 170 100
160 170 100
170 170 100
180 170 100
190 170 100
120 180 100
130 180 100
140 180 100
150 180 100
160 180 100
170 180 100
180 180 100
190 180 100
120 190 100
130 190 100
140 190 100
150 190 100
160 190 100
170 190 100
180 190 100
190 190 100
40 10 100
20 20 100
30 20 100
40 20 100
10 30 100
20 30 100
30 30 100
40 30 100
0 40 100
10 40 100
20 40 100
30 40 100
40 40 100
0 50 100
10 50 100
20 50 100
30 50 100
40 50 100
0 60 100
10 60 100
20 60 100
30 60 100
40 60 100
0 70 100
10 70 100
20 70 100
30 70 100
40 70 100
50 0 100
60 0 100
70 0 100
50 10 100
60 10 100
70 10 100
40 20 100
50 20 100
60 20 100
70 20 100
20 30 100
30 30 100
40 30 100
50 30 100
60 30 100
70 30 100
10 40 100
20 40 100
30 40 100
40 40 100
50 40 100
60 40 100
0 50 100
10 50 100
20 50 100
30 50 100
40 50 100
50 50 100
60 50 100
50 90 100
60 90 100
70 90 100
80 90 100
90 90 100
50 100 100
60 100 100
70 100 100
80 100 100
90 100 100
50 110 100
60 110 100
70 110 100
80 110 100
90 110 100
100 110 100
110 110 100
130 110 100
70 120 100
80 120 100
90 120 100
100 120 100
110 120 100
120 120 100
130 120 100
90 130 100
100 130 100
110 130 100
120 130 100
130 130 100
90 140 100
100 140 100
110 140 100
120 140 100
130 140 100
90 150 100
100 150 100
110 150 100
120 150 100
130 150 100
70 160 100
80 160 100
90 160 100
100 160 100
110 160 100
120 160 100
130 160 100
50 170 100
60 170 100
70 170 100
80 170 100
90 170 100
100 170 100
110 170 100
120 170 100
130 170 100
50 0 100
60 0 100
70 0 100
80 0 100
90 0 100
100 0 100
110 0 100
50 10 100
60 10 100
70 10 100
80 10 100
90 10 100
100 10 100
110 10 100
40 20 100
50 20 100
60 20 100
70 20 100
80 20 100
90 20 100
100 20 100
110 20 100
30 30 100
40 30 100
50 30 100
60 30 100
80 30 100
90 30 100
100 30 100
110 30 100
30 40 100
40 40 100
50 40 100
60 40 100
30 50 100
40 50 100
50 50 100
60 50 100
30 60 100
40 60 100
50 60 100
60 60 100
70 60 100
30 70 100
40 70 100
50 70 100
60 70 100
70 70 100
50 10 100
60 10 100
70 10 100
80 10 100
90 10 100
100 10 100
110 10 100
120 10 100
130 10 100
50 20 100
60 20 100
70 20 100
80 20 100
90 20 100
100 20 100
110 20 100
120 20 100
130 20 100
50 30 100
60 30 100
90 30 100
100 30 100
110 30 100
120 30 100
50 40 100
50 50 100
60 50 100
50 60 100
60 60 100
50 70 100
60 70 100
70 70 100
50 80 100
60 80 100
70 80 100
80 80 100
50 90 100
60 90 100
70 90 100
80 90 100
90 90 100
100 20 100
110 20 100
120 20 100
130 20 100
140 20 100
150 20 100
160 20 100
170 20 100
180 20 100
100 30 100
110 30 100
120 30 100
150 30 100
160 30 100
170 30 100
180 30 100
160 40 100
170 40 100
180 40 100
170 50 100
180 50 100
170 60 100
180 60 100
170 70 100
180 70 100
160 80 100
170 80 100
180 80 100
140 90 100
150 90 100
160 90 100
170 90 100
180 90 100
140 100 100
150 100 100
160 100 100
170 100 100
180 100 100
63 158 100
62 158 100
62 159 100
61 159 100
61 160 100
60 159 100
60 158 100
60 157 100
60 156 100
60 155 100
60 154 100
60 153 100
60 152 100
60 151 100
59 150 100
58 150 100
57 150 100
56 150 100
55 150 100
54 150 100
53 150 100
52 150 100
51 150 100
49 150 100
48 150 100
47 150 100
46 150 100
45 150 100
44 150 100
43 150 100
42 150 100
41 150 100
40 149 100
40 148 100
40 147 100
40 146 100
40 145 100
40 144 100
40 143 100
40 142 100
40 141 100
39 140 100
38 140 100
37 140 100
36 140 100
35 140 100
34 140 100
33 140 100
32 140 100
31 140 100
30 139 100
30 138 100
30 137 100
30 136 100
30 135 100
30 134 100
30 133 100
30 132 100
30 131 100
30 129 100
30 128 100
30 127 100
30 126 100
30 125 100
30 124 100
30 123 100
30 122 100
30 121 100
30 119 100
30 118 100
30 117 100
30 116 100
30 115 100
30 114 100
30 113 100
30 112 100
30 111 100
29 110 100
28 110 100
27 110 100
26 110 100
25 110 100
24 110 100
23 110 100
22 110 100
21 110 100
20 109 100
20 108 100
20 107 100
20 106 100
20 105 100
20 104 100
20 103 100
20 102 100
20 101 100
20 99 100
20 98 100
120 34 100
120 35 100
120 36 100
120 37 100
120 38 100
120 39 100
120 41 100
120 42 100
120 43 100
120 44 100
120 45 100
120 46 100
120 47 100
120 48 100
120 49 100
120 51 100
120 52 100
120 53 100
120 54 100
120 55 100
120 56 100
120 57 100
120 58 100
120 59 100
119 60 100
118 60 100
117 60 100
116 60 100
115 60 100
114 60 100
113 60 100
112 60 100
111 60 100
110 61 100
110 62 100
110 63 100
110 64 100
110 65 100
110 66 100
110 67 100
110 68 100
110 69 100
110 71 100
110 72 100
110 73 100
110 74 100
110 75 100
110 76 100
110 77 100
110 78 100
110 79 100
110 81 100
110 82 100
110 83 100
110 84 100
110 85 100
168 195 100
169 195 100
169 194 100
170 194 100
170 193 100
170 192 100
170 191 100
170 189 100
170 188 100
170 187 100
170 187 100
170 186 100
170 186 100
170 185 100
170 185 100
170 184 100
170 184 100
170 183 100
170 183 100
170 182 100
170 182 100
170 181 100
170 181 100
169 180 100
169 180 100
169 179 100
169 179 100
168 179 100
168 179 100
168 178 100
168 178 100
167 178 100
167 178 100
167 177 100
167 177 100
166 177 100
166 177 100
166 177 100
166 176 100
166 176 100
166 176 100
165 176 100
165 176 100
165 176 100
165 175 100
165 175 100
165 175 100
165 175 100
164 175 100
164 175 100
164 175 100
164 175 100
164 174 100
164 174 100
164 174 100
164 174 100
164 174 100
163 174 100
163 174 100
163 174 100
163 174 100
163 174 100
163 173 100
163 173 100
163 173 100
163 173 100
163 173 100
163 173 100
162 173 100
162 173 100
162 173 100
162 173 100
162 173 100
162 173 100
162 172 100
162 172 100
162 172 100
162 172 100
162 172 100
162 172 100
161 172 100
161 172 100
161 172 100
161 172 100
161 172 100
161 172 100
161 172 100
161 171 100
161 171 100
161 171 100
161 171 100
161 171 100
161 171 100
161 171 100
160 171 100
160 171 100
160 171 100
160 171 100
160 171 100
160 171 100
160 171 100
160 171 100
160 170 100
160 170 100
160 170 100
160 170 100
160 170 100
160 170 100
159 170 100
159 170 100
159 170 100
159 170 100
159 170 100
159 170 100
159 170 100
159 170 100
159 169 100
159 169 100
159 169 100
159 169 100
159 169 100
159 169 100
159 169 100
159 169 100
158 169 100
158 169 100
158 169 100
158 169 100
158 169 100
158 169 100
158 169 100
158 169 100
158 169 100
158 168 100
158 168 100
158 168 100
158 168 100
158 168 100
158 168 100
158 168 100
158 168 100
157 168 100
157 168 100
157 168 100
157 168 100
157 168 100
157 168 100
157 168 100
157 168 100
157 168 100
157 168 100
157 167 100
157 167 100
157 167 100
157 167 100
157 167 100
157 167 100
157 167 100
157 167 100
157 167 100
156 167 100
156 167 100
156 167 100
156 167 100
156 167 100
156 167 100
156 167 100
156 167 100
156 167 100
156 167 100
156 166 100
156 166 100
156 166 100
156 166 100
156 166 100
156 166 100
156 166 100
156 166 100
156 166 100
156 166 100
155 166 100
155 166 100
155 166 100
155 166 100
155 166 100
155 166 100
155 166 100
155 166 100
155 166 100
155 166 100
155 166 100
155 165 100
155 165 100
155 165 100
155 165 100
155 165 100
155 165 100
155 165 100
155 165 100
155 165 100
155 165 100
155 165 100
154 165 100
154 165 100
154 165 100
154 165 100
154 165 100
154 165 100
154 165 100
154 165 100
154 165 100
154 165 100
154 165 100
154 165 100
154 164 100
154 164 100
154 164 100
154 164 100
154 164 100
154 164 100
154 164 100
154 164 100
154 164 100
154 164 100
154 164 100
154 164 100
153 164 100
153 164 100
153 164 100
153 164 100
153 164 100
153 164 100
153 164 100
153 164 100
153 164 100
153 164 100
153 164 100
153 164 100
153 164 100
153 163 100
153 163 100
153 163 100
153 163 100
153 163 100
153 163 100
153 163 100
153 163 100
153 163 100
153 163 100
153 163 100
153 163 100
153 163 100
152 163 100
152 163 100
152 163 100
152 163 100
152 163 100
152 163 100
152 163 100
152 163 100
152 163 100
152 163 100
152 163 100
152 163 100
152 163 100
152 163 100
152 162 100
152 162 100
152 162 100
152 162 100
152 162 100
152 162 100
152 162 100
152 162 100
152 162 100
152 162 100
152 162 100
152 162 100
152 162 100
152 162 100
151 162 100
151 162 100
151 162 100
151 162 100
151 162 100
151 162 100
151 162 100
151 162 100
151 162 100
151 162 100
151 162 100
151 162 100
151 162 100
151 162 100
151 162 100
151 161 100
151 161 100
151 161 100
151 161 100
151 161 100
151 161 100
151 161 100
151 161 100
151 161 100
151 161 100
151 161 100
151 161 100
151 161 100
151 161 100
151 161 100
150 161 100
150 161 100
150 161 100
150 161 100
150 161 100
150 161 100
150 161 100
150 161 100
150 161 100
150 161 100
150 161 100
150 161 100
150 161 100
150 161 100
150 161 100
150 160 100
150 160 100
150 160 100
150 160 100
150 160 100
150 160 100
150 160 100
150 160 100
150 160 100
150 160 100
150 160 100
150 160 100
150 160 100
150 160 100
149 160 100
149 160 100
149 160 100
149 160 100
149 160 100
149 160 100
149 160 100
149 160 100
149 160 100
149 160 100
149 160 100
149 160 100
149 160 100
149 160 100
149 160 100
149 159 100
149 159 100
149 159 100
149 159 100
149 159 100
149 159 100
149 159 100
149 159 100
149 159 100
149 159 100
149 159 100
149 159 100
149 159 100
149 159 100
148 159 100
148 159 100
148 159 100
148 159 100
148 159 100
148 159 100
148 159 100
148 159 100
148 159 100
148 159 100
148 159 100
148 159 100
148 159 100
148 159 100
148 158 100
148 158 100
148 158 100
148 158 100
148 158 100
148 158 100
148 158 100
148 158 100
148 158 100
148 158 100
148 158 100
148 158 100
147 158 100
147 158 100
147 158 100
147 158 100
147 158 100
147 158 100
147 158 100
147 158 100
147 158 100
147 158 100
147 158 100
147 158 100
147 157 100
147 157 100
147 157 100
147 157 100
147 157 100
147 157 100
147 157 100
147 157 100
147 157 100
147 157 100
147 157 100
146 157 100
146 157 100
146 157 100
146 157 100
146 157 100
146 157 100
146 157 100
146 157 100
146 157 100
146 157 100
146 157 100
146 156 100
146 156 100
146 156 100
146 156 100
146 156 100
146 156 100
146 156 100
146 156 100
146 156 100
145 156 100
145 156 100
145 156 100
145 156 100
145 156 100
145 156 100
145 156 100
145 156 100
145 156 100
145 156 100
145 155 100
145 155 100
145 155 100
145 155 100
145 155 100
145 155 100
145 155 100
145 155 100
144 155 100
144 155 100
144 155 100
144 155 100
144 155 100
144 155 100
144 155 100
144 155 100
144 155 100
144 154 100
144 154 100
144 154 100
144 154 100
144 154 100
144 154 100
144 154 100
144 154 100
143 154 100
143 154 100
143 154 100
143 154 100
143 154 100
143 154 100
143 154 100
143 154 100
143 154 100
143 153 100
143 153 100
143 153 100
143 153 100
143 153 100
143 153 100
143 153 100
143 153 100
142 153 100
142 153 100
142 153 100
142 153 100
142 153 100
142 153 100
142 153 100
142 153 100
142 153 100
142 152 100
142 152 100
142 152 100
142 152 100
142 152 100
142 152 100
142 152 100
142 152 100
141 152 100
141 152 100
141 152 100
141 152 100
141 152 100
141 152 100
141 152 100
141 152 100
141 152 100
141 151 100
141 151 100
141 151 100
141 151 100
141 151 100
141 151 100
141 151 100
140 151 100
140 151 100
140 151 100
140 151 100
140 151 100
140 151 100
140 151 100
140 151 100
140 151 100
140 150 100
140 150 100
140 150 100
140 150 100
140 150 100
140 150 100
139 150 100
139 150 100
139 150 100
139 150 100
139 150 100
139 150 100
139 150 100
139 150 100
139 149 100
139 149 100
139 149 100
139 149 100
139 149 100
139 149 100
138 149 100
138 149 100
138 149 100
138 149 100
138 149 100
138 149 100
138 149 100
138 148 100
138 148 100
138 148 100
138 148 100
138 148 100
138 148 100
137 148 100
137 148 100
137 148 100
137 148 100
137 148 100
137 148 100
137 148 100
137 147 100
137 147 100
137 147 100
137 147 100
137 147 100
137 147 100
136 147 100
136 147 100
136 147 100
136 147 100
136 147 100
136 147 100
136 147 100
136 146 100
136 146 100
136 146 100
136 146 100
136 146 100
136 146 100
135 146 100
135 146 100
135 146 100
135 146 100
135 146 100
135 146 100
135 146 100
135 146 100
135 145 100
135 145 100
135 145 100
135 145 100
135 145 100
135 145 100
135 145 100
135 145 100
134 145 100
134 145 100
134 145 100
134 145 100
134 145 100
134 145 100
134 145 100
134 145 100
134 145 100
134 144 100
134 144 100
134 144 100
134 144 100
134 144 100
134 144 100
134 144 100
134 144 100
134 144 100
134 144 100
133 144 100
133 144 100
133 144 100
133 144 100
133 144 100
133 144 100
133 144 100
133 144 100
133 144 100
133 144 100
133 144 100
133 143 100
133 143 100
133 143 100
133 143 100
133 143 100
133 143 100
133 143 100
133 143 100
133 143 100
133 143 100
133 143 100
132 143 100
132 143 100
132 143 100
132 143 100
132 143 100
132 143 100
132 143 100
132 143 100
132 143 100
132 143 100
132 143 100
132 143 100
132 142 100
132 142 100
132 142 100
132 142 100
132 142 100
132 142 100
132 142 100
132 142 100
132 142 100
132 142 100
132 142 100
132 142 100
132 142 100
131 142 100
131 142 100
131 142 100
131 142 100
131 142 100
131 142 100
131 142 100
131 142 100
131 142 100
131 142 100
131 142 100
131 142 100
131 142 100
131 141 100
131 141 100
131 141 100
131 141 100
131 141 100
131 141 100
131 141 100
131 141 100
131 141 100
131 141 100
131 141 100
131 141 100
131 141 100
131 141 100
130 141 100
130 141 100
130 141 100
130 141 100
130 141 100
130 141 100
130 141 100
130 141 100
130 141 100
130 141 100
130 141 100
130 141 100
130 141 100
130 141 100
130 140 100
130 140 100
130 140 100
130 140 100
130 140 100
130 140 100
130 140 100
130 140 100
130 140 100
130 140 100
130 140 100
130 140 100
130 140 100
130 139 100
130 139 100
130 139 100
130 139 100
130 139 100
130 139 100
130 139 100
130 139 100
130 139 100
130 139 100
130 139 100
130 139 100
130 139 100
130 139 100
130 138 100
130 138 100
130 138 100
130 138 100
130 138 100
130 138 100
130 138 100
130 138 100
130 138 100
130 138 100
130 138 100
130 138 100
130 138 100
130 138 100
130 137 100
130 137 100
130 137 100
130 137 100
130 137 100
130 137 100
130 137 100
130 137 100
130 137 100
130 137 100
130 137 100
130 137 100
130 137 100
130 136 100
130 136 100
130 136 100
130 136 100
130 136 100
130 136 100
130 136 100
130 136 100
130 136 100
130 136 100
130 136 100
130 135 100
130 135 100
130 135 100
130 135 100
130 135 100
130 135 100
130 135 100
130 135 100
130 135 100
130 134 100
130 134 100
130 134 100
130 134 100
130 134 100
130 134 100
130 134 100
130 134 100
130 133 100
130 133 100
130 133 100
130 133 100
130 133 100
130 133 100
130 132 100
130 132 100
130 132 100
130 132 100
130 132 100
130 131 100
130 131 100
130 131 100
130 131 100
130 131 100
130 130 100
130 130 100
130 130 100
130 129 100
130 129 100
130 129 100
130 129 100
130 128 100
130 128 100
130 128 100
130 128 100
130 127 100
130 127 100
130 127 100
130 127 100
130 126 100
130 126 100
130 126 100
130 125 100
130 125 100
130 125 100
130 124 100
130 124 100
130 124 100
130 123 100
130 123 100
130 123 100
130 123 100
130 122 100
130 122 100
130 122 100
130 122 100
130 121 100
130 121 100
130 121 100
130 121 100
130 120 100
130 120 100
130 119 100
130 119 100
130 119 100
130 119 100
130 118 100
130 118 100
130 118 100
130 118 100
130 117 100
130 117 100
130 117 100
130 116 100
130 116 100
130 116 100
130 115 100
130 115 100
130 115 100
130 114 100
130 114 100
130 114 100
130 113 100
130 113 100
130 113 100
130 112 100
130 112 100
130 112 100
130 111 100
130 111 100
130 109 100
130 109 100
130 108 100
130 108 100
130 107 100
130 106 100
130 105 100
130 104 100
130 103 100
130 102 100
130 101 100
130 99 100
130 98 100
130 97 100
130 96 100
130 95 100
130 94 100
130 93 100
130 92 100
130 91 100
129 90 100
128 90 100
127 90 100
126 90 100
125 90 100
124 90 100
123 90 100
122 90 100
121 90 100
119 90 100
118 90 100
117 90 100
116 90 100
115 90 100
114 90 100
113 90 100
112 90 100
111 90 100
110 89 100
110 88 100
110 87 100
110 86 100
2 34 100
2 34 100
1 34 100
1 33 100
0 33 100
0 32 100
0 31 100
0 29 100
0 28 100
0 27 100
0 26 100
0 25 100
0 24 100
0 23 100
0 22 100
0 21 100
0 19 100
0 18 100
0 17 100
0 16 100
0 15 100
0 14 100
0 13 100
0 12 100
0 11 100
0 9 100
0 8 100
0 7 100
0 6 100
0 5 100
0 4 100
0 3 100
0 2 100
0 1 100
1 0 100
1 1 100
2 1 100
2 2 100
3 2 100
4 2 100
5 2 100
6 2 100
7 2 100
32 13 100
32 13 100
31 13 100
31 13 100
31 12 100
30 12 100
30 11 100
29 10 100
28 10 100
27 10 100
26 10 100
25 10 100
24 10 100
23 10 100
22 10 100
21 10 100
19 10 100
18 10 100
17 10 100
16 10 100
15 10 100
14 10 100
13 10 100
12 10 100
11 10 100
9 10 100
8 10 100
7 10 100
6 10 100
5 10 100
4 10 100
3 10 100
2 10 100
1 10 100
96 133 100
96 133 100
96 133 100
96 133 100
96 133 100
96 133 100
95 133 100
95 133 100
95 133 100
95 133 100
95 133 100
95 133 100
95 132 100
95 132 100
95 132 100
95 132 100
95 132 100
95 132 100
94 132 100
94 132 100
94 132 100
94 132 100
94 132 100
94 132 100
94 131 100
94 131 100
94 131 100
94 131 100
94 131 100
94 131 100
93 131 100
93 131 100
93 131 100
93 131 100
93 131 100
93 131 100
93 130 100
93 130 100
93 130 100
93 130 100
93 130 100
93 130 100
92 130 100
92 130 100
92 130 100
92 130 100
92 130 100
92 130 100
91 130 100
91 130 100
91 130 100
91 130 100
91 130 100
90 130 100
90 130 100
89 130 100
89 130 100
89 130 100
89 130 100
88 130 100
88 130 100
88 130 100
87 130 100
87 130 100
86 130 100
86 130 100
85 130 100
85 130 100
84 130 100
84 130 100
83 130 100
82 130 100
81 130 100
79 130 100
78 130 100
77 130 100
76 130 100
75 130 100
74 130 100
73 130 100
72 130 100
71 130 100
69 130 100
68 130 100
67 130 100
66 130 100
65 130 100
64 130 100
63 130 100
62 130 100
61 130 100
60 131 100
60 132 100
60 133 100
60 134 100
60 135 100
60 136 100
60 137 100
60 138 100
60 139 100
60 141 100
60 142 100
60 143 100
60 144 100
60 145 100
60 146 100
60 147 100
60 148 100
60 149 100
70 38 100
70 39 100
71 40 100
72 40 100
73 40 100
74 40 100
75 40 100
76 40 100
77 40 100
78 40 100
79 40 100
81 40 100
82 40 100
83 40 100
84 40 100
85 40 100
86 40 100
87 40 100
88 40 100
89 40 100
91 40 100
92 40 100
93 40 100
94 40 100
94 40 100
95 40 100
95 40 100
96 40 100
96 40 100
97 40 100
97 40 100
98 40 100
98 40 100
99 40 100
99 40 100
101 40 100
102 40 100
103 40 100
103 40 100
104 40 100
104 40 100
105 40 100
105 40 100
106 40 100
106 40 100
107 40 100
107 40 100
108 40 100
108 40 100
109 40 100
109 40 100
111 40 100
112 40 100
113 40 100
114 40 100
115 40 100
116 40 100
117 40 100
118 40 100
119 40 100
99 59 100
100 59 100
101 60 100
102 60 100
103 60 100
104 60 100
105 60 100
106 60 100
107 60 100
108 60 100
109 60 100
146 65 100
145 65 100
145 64 100
144 64 100
144 63 100
143 63 100
143 62 100
142 62 100
142 61 100
141 61 100
141 60 100
139 60 100
138 60 100
137 60 100
136 60 100
135 60 100
134 60 100
133 60 100
132 60 100
131 60 100
129 60 100
128 60 100
127 60 100
126 60 100
125 60 100
124 60 100
123 60 100
122 60 100
121 60 100
