# score 95778
0 0 100
10 0 100
20 0 100
30 0 100
40 0 100
50 0 100
60 0 100
70 0 100
0 10 100
10 10 100
20 10 100
30 10 100
40 10 100
50 10 100
60 10 100
70 10 100
0 20 100
10 20 100
20 20 100
30 20 100
40 20 100
50 20 100
60 20 100
70 20 100
0 30 100
10 30 100
20 30 100
30 30 100
40 30 100
50 30 100
60 30 100
70 30 100
0 40 100
10 40 100
20 40 100
30 40 100
40 40 100
50 40 100
60 40 100
70 40 100
0 50 100
10 50 100
20 50 100
30 50 100
40 50 100
50 50 100
60 50 100
70 50 100
0 60 100
10 60 100
20 60 100
30 60 100
40 60 100
50 60 100
60 60 100
70 60 100
0 70 100
10 70 100
20 70 100
30 70 100
40 70 100
50 70 100
60 70 100
70 70 100
0 50 100
60 50 100
70 50 100
80 50 100
0 60 100
70 60 100
80 60 100
0 70 100
10 70 100
20 70 100
60 70 100
70 70 100
80 70 100
0 80 100
10 80 100
20 80 100
30 80 100
40 80 100
50 80 100
60 80 100
70 80 100
80 80 100
0 90 100
10 90 100
20 90 100
30 90 100
40 90 100
50 90 100
60 90 100
70 90 100
80 90 100
0 100 100
10 100 100
20 100 100
30 100 100
40 100 100
50 100 100
60 100 100
70 100 100
80 100 100
0 110 100
10 110 100
20 110 100
30 110 100
40 110 100
50 110 100
60 110 100
70 110 100
80 110 100
0 120 100
10 120 100
20 120 100
30 120 100
40 120 100
50 120 100
60 120 100
70 120 100
80 120 100
0 130 100
10 130 100
20 130 100
30 130 100
40 130 100
50 130 100
60 130 100
70 130 100
80 130 100
70 140 100
80 140 100
90 140 100
100 140 100
110 140 100
120 140 100
130 140 100
140 140 100
150 140 100
70 150 100
80 150 100
90 150 100
100 150 100
110 150 100
120 150 100
130 150 100
140 150 100
150 150 100
70 160 100
80 160 100
90 160 100
100 160 100
110 160 100
120 160 100
130 160 100
140 160 100
150 160 100
70 170 100
80 170 100
90 170 100
100 170 100
110 170 100
120 170 100
130 170 100
140 170 100
150 170 100
70 180 100
80 180 100
90 180 100
100 180 100
110 180 100
120 180 100
130 180 100
140 180 100
150 180 100
70 190 100
80 190 100
90 190 100
100 190 100
110 190 100
120 190 100
130 190 100
140 190 100
150 190 100
70 0 100
80 0 100
90 0 100
100 0 100
110 0 100
120 0 100
130 0 100
140 0 100
150 0 100
70 10 100
80 10 100
90 10 100
100 10 100
110 10 100
120 10 100
130 10 100
140 10 100
150 10 100
70 20 100
80 20 100
90 20 100
100 20 100
110 20 100
120 20 100
130 20 100
140 20 100
150 20 100
70 30 100
80 30 100
90 30 100
100 30 100
110 30 100
120 30 100
130 30 100
140 30 100
150 30 100
70 40 100
80 40 100
90 40 100
100 40 100
110 40 100
120 40 100
130 40 100
140 40 100
150 40 100
70 50 100
80 50 100
90 50 100
100 50 100
110 50 100
120 50 100
130 50 100
140 50 100
150 50 100
0 100 100
10 100 100
20 100 100
30 100 100
40 100 100
50 100 100
60 100 100
70 100 100
0 110 100
10 110 100
20 110 100
30 110 100
40 110 100
60 110 100
70 110 100
20 120 100
60 120 100
70 120 100
60 130 100
70 130 100
0 140 100
10 140 100
20 140 100
30 140 100
40 140 100
50 140 100
60 140 100
70 140 100
0 150 100
10 150 100
20 150 100
30 150 100
40 150 100
50 150 100
60 150 100
70 150 100
0 160 100
10 160 100
20 160 100
30 160 100
40 160 100
50 160 100
60 160 100
70 160 100
0 170 100
10 170 100
20 170 100
30 170 100
40 170 100
50 170 100
60 170 100
70 170 100
0 180 100
10 180 100
20 180 100
30 180 100
40 180 100
50 180 100
60 180 100
70 180 100
60 150 100
70 150 100
80 150 100
90 150 100
60 160 100
70 160 100
80 160 100
90 160 100
10 170 100
60 170 100
70 170 100
80 170 100
90 170 100
10 180 100
60 180 100
70 180 100
80 180 100
90 180 100
10 190 100
20 190 100
30 190 100
40 190 100
50 190 100
60 190 100
70 190 100
80 190 100
90 190 100
90 30 100
100 30 100
110 30 100
120 30 100
130 30 100
140 30 100
150 30 100
160 30 100
170 30 100
90 40 100
100 40 100
130 40 100
140 40 100
150 40 100
160 40 100
170 40 100
90 50 100
100 50 100
140 50 100
150 50 100
160 50 100
170 50 100
90 60 100
100 60 100
110 60 100
120 60 100
130 60 100
140 60 100
150 60 100
160 60 100
170 60 100
90 70 100
100 70 100
110 70 100
120 70 100
130 70 100
140 70 100
150 70 100
160 70 100
170 70 100
90 80 100
100 80 100
110 80 100
120 80 100
130 80 100
140 80 100
150 80 100
160 80 100
170 80 100
90 90 100
100 90 100
110 90 100
120 90 100
130 90 100
140 90 100
150 90 100
160 90 100
170 90 100
90 100 100
100 100 100
110 100 100
120 100 100
130 100 100
140 100 100
150 100 100
160 100 100
170 100 100
90 110 100
100 110 100
110 110 100
120 110 100
130 110 100
140 110 100
150 110 100
160 110 100
170 110 100
114 19 100
114 19 100
114 19 100
114 19 100
114 19 100
114 19 100
114 19 100
114 19 100
114 19 100
114 19 100
113 19 100
113 19 100
113 19 100
113 19 100
113 19 100
113 19 100
113 19 100
113 19 100
113 19 100
113 19 100
113 20 100
113 20 100
113 20 100
113 20 100
113 20 100
113 20 100
113 20 100
113 20 100
113 20 100
112 20 100
112 20 100
112 20 100
112 20 100
112 20 100
112 20 100
112 20 100
112 20 100
112 20 100
112 21 100
112 21 100
112 21 100
112 21 100
112 21 100
112 21 100
112 21 100
112 21 100
111 21 100
111 21 100
111 21 100
111 21 100
111 21 100
111 21 100
111 21 100
111 21 100
111 22 100
111 22 100
111 22 100
111 22 100
111 22 100
111 22 100
111 22 100
110 22 100
110 22 100
110 22 100
110 22 100
110 22 100
110 22 100
110 22 100
110 22 100
110 23 100
110 23 100
110 23 100
110 23 100
110 23 100
110 23 100
110 23 100
110 24 100
110 24 100
110 24 100
110 24 100
110 24 100
110 24 100
110 25 100
110 25 100
110 25 100
110 25 100
110 25 100
110 25 100
110 26 100
110 26 100
110 26 100
110 26 100
110 26 100
110 26 100
110 27 100
110 27 100
110 27 100
110 27 100
110 27 100
110 28 100
110 28 100
110 28 100
110 28 100
110 28 100
110 29 100
110 29 100
110 29 100
110 29 100
110 30 100
110 31 100
110 31 100
110 31 100
110 32 100
110 32 100
110 33 100
110 33 100
110 34 100
110 34 100
110 35 100
110 35 100
110 36 100
110 37 100
110 38 100
110 39 100
110 41 100
110 42 100
110 43 100
110 44 100
110 45 100
110 46 100
110 47 100
110 48 100
110 49 100
109 50 100
108 50 100
107 50 100
107 50 100
106 50 100
106 50 100
105 50 100
105 50 100
104 50 100
104 50 100
103 50 100
103 50 100
103 50 100
102 50 100
102 50 100
102 50 100
101 50 100
101 50 100
101 50 100
99 50 100
99 50 100
98 50 100
98 50 100
97 50 100
97 50 100
96 50 100
96 50 100
95 50 100
95 50 100
94 50 100
94 50 100
93 50 100
93 50 100
92 50 100
92 50 100
91 50 100
91 50 100
89 50 100
89 50 100
89 51 100
89 51 100
88 51 100
88 51 100
88 52 100
88 52 100
88 52 100
87 52 100
87 52 100
87 52 100
87 53 100
87 53 100
87 53 100
86 53 100
86 53 100
86 53 100
86 54 100
86 54 100
86 54 100
85 54 100
85 54 100
85 54 100
85 55 100
85 55 100
85 55 100
84 55 100
84 55 100
84 55 100
84 56 100
84 56 100
84 56 100
84 56 100
83 56 100
83 56 100
83 56 100
83 56 100
83 57 100
83 57 100
83 57 100
83 57 100
82 57 100
82 57 100
82 57 100
82 57 100
82 58 100
82 58 100
82 58 100
82 58 100
82 58 100
81 58 100
81 58 100
81 58 100
81 58 100
81 58 100
81 59 100
81 59 100
81 59 100
81 59 100
81 59 100
81 59 100
80 59 100
80 59 100
80 59 100
80 59 100
80 59 100
80 59 100
80 60 100
80 60 100
80 60 100
80 60 100
80 60 100
79 60 100
79 60 100
79 60 100
79 60 100
79 60 100
79 60 100
78 60 100
78 60 100
78 60 100
78 60 100
78 60 100
78 60 100
77 60 100
77 60 100
77 60 100
77 60 100
77 60 100
77 60 100
76 60 100
76 60 100
76 60 100
76 60 100
76 60 100
75 60 100
75 60 100
75 60 100
75 60 100
74 60 100
74 60 100
74 60 100
73 60 100
73 60 100
73 60 100
72 60 100
72 60 100
71 60 100
71 60 100
69 60 100
69 60 100
68 60 100
68 60 100
67 60 100
67 60 100
66 60 100
66 60 100
65 60 100
65 60 100
64 60 100
64 60 100
63 60 100
63 60 100
62 60 100
62 60 100
61 60 100
61 60 100
59 60 100
58 60 100
57 60 100
56 60 100
55 60 100
54 60 100
53 60 100
52 60 100
51 60 100
49 60 100
48 60 100
47 60 100
46 60 100
45 60 100
44 60 100
43 60 100
42 60 100
41 60 100
40 59 100
40 58 100
40 57 100
40 56 100
40 55 100
40 54 100
40 53 100
40 52 100
40 51 100
40 49 100
40 48 100
40 47 100
40 46 100
40 45 100
40 44 100
40 43 100
40 42 100
40 41 100
39 40 100
39 39 100
38 39 100
37 39 100
36 39 100
35 39 100
34 39 100
37 148 100
38 148 100
38 147 100
39 147 100
39 146 100
40 146 100
40 145 100
40 144 100
40 143 100
40 142 100
40 141 100
40 139 100
40 138 100
40 137 100
40 136 100
40 135 100
40 134 100
40 133 100
40 132 100
40 131 100
40 129 100
40 128 100
40 127 100
40 126 100
40 125 100
40 124 100
40 123 100
40 122 100
40 121 100
41 120 100
42 120 100
43 120 100
44 120 100
45 120 100
46 120 100
47 120 100
48 120 100
49 120 100
50 119 100
50 118 100
50 117 100
50 116 100
50 115 100
50 114 100
50 113 100
50 112 100
50 111 100
49 110 100
49 109 100
48 109 100
48 108 100
48 107 100
48 106 100
48 105 100
48 104 100
48 103 100
48 102 100
48 101 100
48 101 100
48 100 100
48 100 100
48 99 100
48 99 100
48 99 100
48 98 100
48 98 100
48 98 100
48 97 100
48 97 100
48 97 100
48 97 100
48 96 100
48 96 100
48 96 100
48 96 100
48 96 100
48 95 100
48 95 100
48 95 100
48 95 100
48 95 100
48 95 100
48 94 100
48 94 100
48 94 100
48 94 100
48 94 100
48 94 100
48 94 100
54 198 100
53 198 100
53 197 100
52 197 100
52 196 100
51 196 100
51 195 100
50 195 100
50 194 100
50 193 100
50 192 100
50 191 100
50 189 100
50 188 100
50 187 100
50 186 100
50 185 100
50 184 100
50 183 100
50 182 100
50 181 100
50 179 100
50 178 100
50 177 100
50 176 100
50 175 100
50 174 100
50 173 100
50 172 100
50 171 100
50 169 100
50 168 100
50 167 100
50 166 100
50 165 100
50 164 100
50 163 100
50 162 100
50 161 100
50 159 100
50 158 100
50 157 100
50 156 100
50 155 100
50 154 100
50 153 100
50 152 100
50 151 100
49 150 100
48 150 100
47 150 100
46 150 100
45 150 100
44 150 100
43 150 100
42 150 100
41 150 100
39 150 100
39 149 100
38 149 100
137 74 100
136 74 100
136 73 100
135 73 100
135 72 100
134 72 100
134 71 100
133 71 100
133 70 100
132 70 100
131 70 100
130 69 100
130 68 100
130 67 100
130 66 100
130 65 100
130 64 100
130 63 100
130 62 100
130 61 100
129 60 100
128 60 100
127 60 100
126 60 100
125 60 100
124 60 100
123 60 100
122 60 100
121 60 100
119 60 100
118 60 100
117 60 100
116 60 100
115 60 100
114 60 100
113 60 100
112 60 100
111 60 100
110 59 100
110 58 100
110 57 100
110 56 100
110 55 100
110 54 100
110 53 100
110 52 100
110 51 100
