36 36 29972 29972 29816
100 100 29929 29929 29803
189 189 29990 29990 29690
175 175 29899 29899 29610
326 326 29971 29971 29537
34 34 29885 29885 29467
382 382 29594 29594 29385
5 5 29475 29475 29313
549 549 29451 29451 29311
372 372 29763 29763 29295
2 2 29529 29529 29264
345 345 29759 29759 29207
626 626 29487 29487 29076
420 420 29164 29164 29061
213 213 29886 29886 29030
795 795 29338 29338 29024
242 242 29770 29770 29022
438 438 29726 29726 28992
448 448 29750 29750 28978
82 82 29327 29327 28962
830 830 29411 29411 28892
867 867 29117 29117 28852
533 533 29013 29013 28848
1093 1093 29357 29357 28833
13 13 29527 29527 28805
641 641 29222 29222 28800
604 604 29665 29665 28678
198 198 29556 29556 28633
603 603 28853 28853 28632
1043 1043 29930 29930 28610
781 781 29019 29019 28577
286 286 28868 28868 28558
1391 1391 29433 29433 28545
693 693 29157 29157 28533
913 913 28851 28851 28524
1174 1174 28779 28779 28519
974 974 28899 28899 28479
1105 1105 29605 29605 28469
1184 1184 29758 29758 28467
594 594 29234 29234 28463
1035 1035 29467 29467 28453
825 825 29144 29144 28438
640 640 28737 28737 28416
1032 1032 29340 29340 28406
706 706 29767 29767 28396
584 584 28794 28794 28370
887 887 29114 29114 28355
56 56 28576 28576 28345
1599 1599 28315 28315 28298
848 848 28653 28653 28292
995 995 28516 28516 28283
1472 1472 28991 28991 28255
1586 1586 28965 28965 28223
500 500 28369 28369 28211
1459 1459 28542 28542 28189
1428 1428 29790 29790 28184
1675 1675 29025 29025 28158
147 147 28655 28655 28135
155 155 29578 29578 28134
413 413 29538 29538 28124
341 341 29146 29146 28116
473 473 29091 29091 28109
430 430 28490 28490 28097
1433 1433 28135 28135 28079
894 894 29486 29486 28062
102 102 29537 29537 28044
257 257 29601 29601 28011
885 885 29557 29557 28009
1552 1552 29106 29106 27938
465 465 28321 28321 27903
1277 1277 28652 28652 27880
255 255 29840 29840 27859
940 940 29703 29703 27823
1212 1212 28869 28869 27821
1640 1640 29341 29341 27803
2057 2057 28814 28814 27789
1875 1875 28373 28373 27784
1720 1720 28886 28886 27779
197 197 29716 29716 27774
1901 1901 28804 28804 27738
1331 1331 28255 28255 27717
1518 1518 29873 29873 27706
1113 1113 28338 28338 27703
2247 2247 28074 28074 27703
1707 1707 28917 28917 27688
1960 1960 28956 28956 27681
943 943 27953 27953 27666
2214 2214 29793 29793 27642
1447 1447 28649 28649 27622
1103 1103 29070 29070 27620
1770 1770 28029 28029 27609
2087 2087 27867 27867 27605
1188 1188 29280 29280 27596
1572 1572 28733 28733 27594
2219 2219 29783 29783 27577
766 766 29962 29962 27558
358 358 29454 29454 27543
2149 2149 29277 29277 27539
1499 1499 27855 27855 27537
2141 2141 27710 27710 27525
2145 2145 29352 29352 27510
1387 1387 27671 27671 27499
477 477 28872 28872 27497
1974 1974 28324 28324 27495
1247 1247 29999 29999 27490
1819 1819 28011 28011 27482
1209 1209 28012 28012 27480
534 534 29700 29700 27459
376 376 29747 29747 27450
2520 2520 29900 29900 27442
355 355 29261 29261 27440
513 513 28497 28497 27433
321 321 28034 28034 27427
81 81 28738 28738 27416
864 864 28905 28905 27405
1514 1514 28534 28534 27403
1269 1269 29002 29002 27400
1692 1692 29847 29847 27400
1756 1756 27944 27944 27400
1048 1048 29378 29378 27386
7 7 28527 28527 27380
464 464 29055 29055 27380
1694 1694 29841 29841 27369
357 357 29461 29461 27355
38 38 28992 28992 27354
1670 1670 27794 27794 27329
347 347 28491 28491 27328
749 749 28426 28426 27325
1304 1304 29385 29385 27324
1557 1557 28677 28677 27301
503 503 27379 27379 27294
1292 1292 27331 27331 27247
918 918 29153 29153 27234
1061 1061 27238 27238 27222
1420 1420 27883 27883 27210
1649 1649 27389 27389 27197
1108 1108 27595 27595 27194
679 679 27954 27954 27191
505 505 28628 28628 27179
1075 1075 29267 29267 27164
1711 1711 27388 27388 27156
169 169 29018 29018 27155
2150 2150 28662 28662 27154
1701 1701 29474 29474 27151
654 654 29525 29525 27148
1405 1405 29660 29660 27132
125 125 28445 28445 27122
2501 2501 28082 28082 27120
222 222 28443 28443 27101
680 680 29103 29103 27099
2350 2350 27999 27999 27095
2594 2594 29325 29325 27095
1697 1697 27364 27364 27071
457 457 28288 28288 27060
1558 1558 28539 28539 27059
2137 2137 27860 27860 27018
2103 2103 27827 27827 26998
2773 2773 29172 29172 26998
729 729 27160 27160 26991
1205 1205 27064 27064 26979
2518 2518 27539 27539 26978
133 133 29803 29803 26962
2348 2348 29982 29982 26962
1959 1959 28380 28380 26929
91 91 28049 28049 26902
992 992 27247 27247 26894
26 26 29909 29909 26891
2089 2089 28727 28727 26891
1006 1006 27158 27158 26886
1662 1662 29641 29641 26885
2637 2637 27429 27429 26882
2608 2608 28668 28668 26867
2285 2285 28191 28191 26861
284 284 28186 28186 26856
106 106 27561 27561 26848
573 573 27711 27711 26832
675 675 28177 28177 26818
2294 2294 29796 29796 26818
930 930 27058 27058 26816
2990 2990 29869 29869 26811
988 988 28730 28730 26800
1737 1737 28447 28447 26791
1516 1516 27184 27184 26756
54 54 27591 27591 26755
2398 2398 26821 26821 26751
2651 2651 29109 29109 26742
92 92 27584 27584 26727
2440 2440 29569 29569 26700
1784 1784 27466 27466 26688
2810 2810 27647 27647 26683
2225 2225 27851 27851 26650
1990 1990 28989 28989 26645
1811 1811 28339 28339 26633
504 504 26914 26914 26628
1971 1971 29309 29309 26619
2360 2360 29003 29003 26612
2845 2845 27214 27214 26607
2166 2166 28833 28833 26604
9 9 28772 28772 26603
1424 1424 27507 27507 26594
44 44 29110 29110 26589
1584 1584 28916 28916 26585
3383 3383 27206 27206 26574
199 199 28780 28780 26569
2216 2216 26782 26782 26564
1627 1627 27662 27662 26563
2436 2436 29996 29996 26562
3208 3208 28895 28895 26562
2096 2096 27144 27144 26559
889 889 27113 27113 26541
2142 2142 29861 29861 26532
3384 3384 29446 29446 26528
649 649 27034 27034 26524
368 368 28859 28859 26493
1573 1573 29402 29402 26493
2435 2435 27981 27981 26484
258 258 29804 29804 26482
1727 1727 26594 26594 26478
3167 3167 28033 28033 26469
3365 3365 28926 28926 26465
1104 1104 29344 29344 26460
782 782 27830 27830 26446
1592 1592 27789 27789 26429
1817 1817 27274 27274 26428
1232 1232 26825 26825 26421
16 16 26785 26785 26403
3451 3451 27938 27938 26396
1972 1972 27951 27951 26393
3423 3423 29152 29152 26392
3042 3042 28045 28045 26354
966 966 26631 26631 26345
3223 3223 28087 28087 26345
2277 2277 29058 29058 26333
340 340 28538 28538 26329
2611 2611 29769 29769 26318
1164 1164 27123 27123 26314
1775 1775 29468 29468 26311
1951 1951 28909 28909 26309
1954 1954 28417 28417 26294
629 629 26985 26985 26283
1793 1793 26524 26524 26264
1605 1605 26696 26696 26253
1678 1678 27220 27220 26251
1026 1026 29631 29631 26240
1856 1856 26428 26428 26220
2868 2868 26475 26475 26211
2618 2618 27148 27148 26181
815 815 29954 29954 26157
947 947 26980 26980 26153
1198 1198 27852 27852 26152
1285 1285 29054 29054 26149
1078 1078 26644 26644 26145
566 566 29655 29655 26127
151 151 28913 28913 26122
1169 1169 29121 29121 26115
882 882 28486 28486 26113
3782 3782 29772 29772 26113
3049 3049 26155 26155 26109
429 429 27717 27717 26098
2876 2876 26623 26623 26088
2466 2466 28555 28555 26083
2553 2553 28111 28111 26065
2772 2772 27609 27609 26065
446 446 29435 29435 26062
1297 1297 27804 27804 26054
3364 3364 26543 26543 26040
1529 1529 27419 27419 26034
1393 1393 26558 26558 26013
3 3 29373 29373 26009
2380 2380 26894 26894 26004
3947 3947 27772 27772 25995
2937 2937 29493 29493 25983
2586 2586 28138 28138 25977
1446 1446 27427 27427 25969
461 461 26718 26718 25957
688 688 28624 28624 25948
2529 2529 26577 26577 25948
2686 2686 28251 28251 25939
53 53 28654 28654 25938
739 739 28003 28003 25936
3563 3563 27229 27229 25935
3311 3311 27449 27449 25934
1001 1001 27688 27688 25933
2324 2324 27970 27970 25932
756 756 27812 27812 25924
3178 3178 26143 26143 25924
3608 3608 26714 26714 25917
1889 1889 28068 28068 25884
3327 3327 29821 29821 25884
1276 1276 28586 28586 25876
2636 2636 26957 26957 25873
2619 2619 28759 28759 25866
4075 4075 27014 27014 25865
4060 4060 27586 27586 25854
1676 1676 28347 28347 25821
1644 1644 29326 29326 25818
3634 3634 27715 27715 25800
12 12 25992 25992 25788
2480 2480 29441 29441 25776
2742 2742 27797 27797 25773
1782 1782 25916 25916 25768
606 606 29683 29683 25756
3496 3496 27817 27817 25738
3417 3417 28612 28612 25726
3411 3411 27287 27287 25725
1860 1860 28966 28966 25722
3803 3803 28200 28200 25714
2620 2620 29078 29078 25706
1730 1730 25840 25840 25690
1471 1471 27920 27920 25686
33 33 25851 25851 25682
3824 3824 29425 29425 25673
1531 1531 28967 28967 25664
1287 1287 25881 25881 25638
2691 2691 28471 28471 25638
3249 3249 26022 26022 25636
1021 1021 28778 28778 25634
1411 1411 28188 28188 25621
3295 3295 28848 28848 25614
844 844 26093 26093 25599
168 168 29043 29043 25597
96 96 27028 27028 25573
3332 3332 26188 26188 25561
4178 4178 27522 27522 25561
647 647 25631 25631 25554
2980 2980 28897 28897 25549
3652 3652 28999 28999 25542
3564 3564 27321 27321 25539
1139 1139 26054 26054 25513
590 590 25771 25771 25499
4116 4116 29600 29600 25498
4050 4050 28393 28393 25497
600 600 26253 26253 25495
3510 3510 27988 27988 25493
3876 3876 27816 27816 25489
1305 1305 25479 25479 25467
210 210 27554 27554 25466
2325 2325 29113 29113 25465
3021 3021 29865 29865 25465
1513 1513 26660 26660 25458
1064 1064 27630 27630 25458
85 85 29810 29810 25452
733 733 27494 27494 25450
3349 3349 27519 27519 25428
2664 2664 27007 27007 25425
2342 2342 26237 26237 25423
3927 3927 27818 27818 25420
94 94 27143 27143 25408
2532 2532 27381 27381 25401
1386 1386 29736 29736 25399
1925 1925 27166 27166 25394
2064 2064 29358 29358 25383
2925 2925 27700 27700 25382
2288 2288 27779 27779 25373
4560 4560 28328 28328 25370
3633 3633 26220 26220 25355
4509 4509 27535 27535 25346
2311 2311 25504 25504 25332
2181 2181 27334 27334 25331
2701 2701 28280 28280 25329
3368 3368 25658 25658 25324
2410 2410 29892 29892 25321
2537 2537 27871 27871 25301
3281 3281 29717 29717 25292
3432 3432 27077 27077 25289
1577 1577 28442 28442 25287
799 799 26552 26552 25285
104 104 26726 26726 25283
1755 1755 27236 27236 25280
2330 2330 27729 27729 25266
1878 1878 25273 25273 25260
875 875 29953 29953 25260
2019 2019 26144 26144 25245
4167 4167 28549 28549 25236
3635 3635 29708 29708 25236
724 724 25535 25535 25233
4459 4459 27541 27541 25231
3191 3191 29679 29679 25225
4328 4328 29851 29851 25218
3200 3200 28580 28580 25216
3755 3755 29300 29300 25211
2160 2160 27133 27133 25204
1643 1643 29036 29036 25204
2044 2044 26371 26371 25202
716 716 27663 27663 25187
4129 4129 29080 29080 25185
2083 2083 27766 27766 25181
3112 3112 26366 26366 25174
3319 3319 29977 29977 25172
1950 1950 25801 25801 25170
551 551 27765 27765 25155
2233 2233 26928 26928 25153
3484 3484 25685 25685 25150
4436 4436 29138 29138 25136
415 415 29266 29266 25125
3194 3194 27017 27017 25123
2900 2900 26303 26303 25119
2060 2060 26357 26357 25119
803 803 25708 25708 25117
1606 1606 29842 29842 25080
485 485 25261 25261 25078
3250 3250 29775 29775 25078
507 507 25889 25889 25069
2541 2541 28972 28972 25057
3661 3661 25994 25994 25053
2874 2874 27442 27442 25050
2603 2603 29255 29255 25049
4435 4435 29400 29400 25048
3800 3800 29360 29360 25044
1940 1940 28056 28056 25041
2230 2230 26915 26915 25030
2462 2462 29711 29711 25019
870 870 29207 29207 25018
3676 3676 27922 27922 25008
3785 3785 26505 26505 24983
1498 1498 29291 29291 24982
1769 1769 26383 26383 24967
4118 4118 26471 26471 24959
1114 1114 26796 26796 24950
4192 4192 27100 27100 24944
2575 2575 25784 25784 24943
4348 4348 29713 29713 24935
4224 4224 29064 29064 24933
2377 2377 28314 28314 24930
1213 1213 28838 28838 24918
491 491 26289 26289 24917
1087 1087 29849 29849 24899
1603 1603 26152 26152 24897
2646 2646 28058 28058 24889
2507 2507 26016 26016 24876
4708 4708 27848 27848 24872
1923 1923 25402 25402 24870
2574 2574 25775 25775 24868
2976 2976 26335 26335 24866
4135 4135 26710 26710 24865
960 960 26840 26840 24864
4655 4655 27757 27757 24859
2110 2110 29596 29596 24854
90 90 27913 27913 24850
2762 2762 26666 26666 24846
2401 2401 29459 29459 24834
1903 1903 27252 27252 24827
2589 2589 25428 25428 24826
4277 4277 28839 28839 24816
1275 1275 26049 26049 24813
5058 5058 27163 27163 24807
1597 1597 28226 28226 24791
908 908 28708 28708 24787
1512 1512 28725 28725 24772
2652 2652 29721 29721 24757
4225 4225 28512 28512 24755
2623 2623 25774 25774 24739
710 710 28896 28896 24736
5149 5149 29147 29147 24733
3718 3718 26593 26593 24729
1465 1465 27808 27808 24716
1898 1898 26407 26407 24711
3546 3546 27887 27887 24711
4529 4529 28266 28266 24711
1607 1607 28961 28961 24711
3997 3997 28117 28117 24710
4170 4170 28036 28036 24708
4002 4002 25321 25321 24703
1765 1765 25973 25973 24696
2130 2130 28051 28051 24689
1178 1178 28050 28050 24683
2557 2557 29829 29829 24675
5081 5081 26835 26835 24671
5288 5288 29813 29813 24641
4539 4539 25429 25429 24639
1682 1682 25424 25424 24638
5178 5178 27627 27627 24637
1969 1969 27847 27847 24637
1751 1751 28951 28951 24628
5028 5028 28388 28388 24611
309 309 28378 28378 24607
2510 2510 28494 28494 24606
652 652 24918 24918 24601
436 436 26819 26819 24595
1111 1111 29941 29941 24591
3166 3166 28977 28977 24588
2010 2010 28159 28159 24575
2899 2899 28940 28940 24575
3853 3853 24664 24664 24572
3146 3146 29154 29154 24568
4745 4745 27777 27777 24558
285 285 26967 26967 24537
4353 4353 28939 28939 24532
3822 3822 28785 28785 24530
562 562 25980 25980 24522
3835 3835 24659 24659 24520
2733 2733 29877 29877 24520
1530 1530 25711 25711 24508
4296 4296 25169 25169 24501
4294 4294 25714 25714 24500
2715 2715 26583 26583 24499
2176 2176 27701 27701 24496
1541 1541 26697 26697 24495
643 643 29118 29118 24488
5243 5243 24957 24957 24485
2737 2737 29746 29746 24480
188 188 25799 25799 24479
3693 3693 28095 28095 24473
251 251 27859 27859 24461
763 763 25270 25270 24451
535 535 29817 29817 24444
2454 2454 26911 26911 24441
3328 3328 27569 27569 24436
3777 3777 29705 29705 24429
3148 3148 26503 26503 24422
1408 1408 27324 27324 24418
4755 4755 25717 25717 24406
5063 5063 26186 26186 24396
2315 2315 28856 28856 24383
4228 4228 26927 26927 24374
1432 1432 26334 26334 24368
3326 3326 28541 28541 24366
4807 4807 28646 28646 24356
1600 1600 25411 25411 24355
1832 1832 25538 25538 24340
5441 5441 28313 28313 24340
2678 2678 29243 29243 24325
2156 2156 25304 25304 24324
1358 1358 26750 26750 24312
1623 1623 27960 27960 24300
5345 5345 25410 25410 24298
834 834 28611 28611 24294
3553 3553 24809 24809 24293
2218 2218 25684 25684 24292
1349 1349 28647 28647 24269
1933 1933 24717 24717 24265
202 202 25868 25868 24256
4594 4594 25388 25388 24251
5167 5167 28015 28015 24251
5302 5302 28953 28953 24246
4747 4747 29988 29988 24242
5587 5587 28457 28457 24241
2643 2643 26773 26773 24229
134 134 29935 29935 24223
1778 1778 27314 27314 24219
184 184 28537 28537 24210
1783 1783 25076 25076 24207
126 126 25248 25248 24205
2828 2828 28483 28483 24204
4524 4524 27392 27392 24203
1239 1239 27328 27328 24202
4602 4602 27594 27594 24201
3110 3110 27615 27615 24192
3998 3998 29306 29306 24189
4823 4823 24956 24956 24180
2591 2591 26818 26818 24162
45 45 26968 26968 24162
391 391 29692 29692 24162
2949 2949 27204 27204 24157
2642 2642 28701 28701 24156
4597 4597 25493 25493 24148
2881 2881 27792 27792 24146
5684 5684 24507 24507 24139
1008 1008 25413 25413 24137
1854 1854 27244 27244 24131
185 185 28928 28928 24131
70 70 27706 27706 24129
481 481 28402 28402 24114
1505 1505 28478 28478 24114
2602 2602 27735 27735 24112
165 165 29366 29366 24112
2162 2162 29131 29131 24106
4217 4217 24583 24583 24094
2495 2495 27756 27756 24093
2127 2127 27050 27050 24090
2300 2300 27529 27529 24084
2759 2759 28435 28435 24080
4950 4950 29725 29725 24075
5513 5513 25205 25205 24071
4008 4008 25703 25703 24063
1704 1704 24933 24933 24061
1007 1007 28672 28672 24060
2979 2979 28978 28978 24059
3471 3471 28206 28206 24049
4484 4484 27799 27799 24044
3817 3817 27542 27542 24024
2897 2897 24485 24485 24006
704 704 24410 24410 24005
3299 3299 29897 29897 24003
4450 4450 29626 29626 24000
4960 4960 24824 24824 23999
4000 4000 27786 27786 23995
3692 3692 28130 28130 23995
1669 1669 26656 26656 23992
578 578 26051 26051 23988
3002 3002 28644 28644 23978
1938 1938 25730 25730 23972
5690 5690 25296 25296 23970
3068 3068 24714 24714 23969
3787 3787 27645 27645 23967
2405 2405 28718 28718 23967
2663 2663 29691 29691 23960
1370 1370 26344 26344 23959
3654 3654 26005 26005 23943
4272 4272 29115 29115 23938
153 153 28700 28700 23925
5404 5404 29135 29135 23908
845 845 24403 24403 23906
631 631 24780 24780 23891
62 62 25008 25008 23890
3684 3684 28579 28579 23880
68 68 23934 23934 23872
3078 3078 25032 25032 23868
196 196 27165 27165 23868
190 190 24215 24215 23866
5335 5335 29376 29376 23863
2487 2487 24490 24490 23862
983 983 27241 27241 23858
2625 2625 28588 28588 23844
3003 3003 24744 24744 23838
3331 3331 27712 27712 23837
3438 3438 26041 26041 23827
1431 1431 29512 29512 23825
5363 5363 25697 25697 23821
5332 5332 29826 29826 23815
1760 1760 27483 27483 23814
4381 4381 28360 28360 23812
5104 5104 24372 24372 23801
5242 5242 25686 25686 23800
375 375 24948 24948 23798
4403 4403 28379 28379 23795
339 339 28132 28132 23778
525 525 27376 27376 23774
5420 5420 28377 28377 23772
4603 4603 27260 27260 23762
4895 4895 28292 28292 23752
2144 2144 24497 24497 23751
5216 5216 28711 28711 23744
5649 5649 24155 24155 23740
1132 1132 29188 29188 23733
4174 4174 29120 29120 23732
2707 2707 27111 27111 23724
569 569 28802 28802 23720
2831 2831 29412 29412 23714
5878 5878 29872 29872 23712
1033 1033 27448 27448 23710
2935 2935 25281 25281 23705
4463 4463 26616 26616 23701
3723 3723 28430 28430 23701
4598 4598 24408 24408 23700
2908 2908 27511 27511 23691
1534 1534 23765 23765 23689
1690 1690 27731 27731 23689
1524 1524 26633 26633 23686
2821 2821 28088 28088 23686
808 808 26119 26119 23685
741 741 28344 28344 23681
5444 5444 27506 27506 23680
1399 1399 29311 29311 23680
2961 2961 27361 27361 23676
5744 5744 23692 23692 23673
2386 2386 25829 25829 23671
2760 2760 24097 24097 23667
2340 2340 29547 29547 23667
22 22 24708 24708 23666
5898 5898 23952 23952 23665
6025 6025 28174 28174 23659
2129 2129 24961 24961 23654
6178 6178 27921 27921 23654
5055 5055 28247 28247 23654
4128 4128 23719 23719 23647
3585 3585 25778 25778 23647
5165 5165 25350 25350 23645
2570 2570 25596 25596 23638
1970 1970 24384 24384 23635
5187 5187 28791 28791 23629
380 380 27015 27015 23627
3139 3139 25965 25965 23615
5322 5322 28090 28090 23611
3352 3352 25545 25545 23609
2153 2153 25077 25077 23606
1519 1519 26789 26789 23602
3382 3382 29880 29880 23589
1490 1490 25031 25031 23570
3646 3646 25546 25546 23565
6131 6131 29211 29211 23565
3640 3640 26636 26636 23548
3446 3446 28595 28595 23543
3911 3911 29143 29143 23536
5641 5641 28888 28888 23535
1151 1151 29458 29458 23532
2022 2022 24342 24342 23531
3440 3440 27709 27709 23521
768 768 29729 29729 23517
1221 1221 29551 29551 23504
374 374 26376 26376 23498
2933 2933 29502 29502 23497
2154 2154 23608 23608 23490
3051 3051 25932 25932 23490
5362 5362 29197 29197 23487
4377 4377 25178 25178 23483
1359 1359 23704 23704 23482
3956 3956 27760 27760 23474
2054 2054 28937 28937 23474
2326 2326 23709 23709 23472
1804 1804 23809 23809 23472
1011 1011 27616 27616 23471
1309 1309 28682 28682 23460
722 722 26359 26359 23457
4921 4921 26397 26397 23452
543 543 28665 28665 23445
4327 4327 29777 29777 23445
2973 2973 24053 24053 23443
217 217 24684 24684 23433
1928 1928 25727 25727 23433
935 935 26970 26970 23428
6384 6384 28170 28170 23427
877 877 27604 27604 23420
2345 2345 26482 26482 23418
901 901 27907 27907 23418
4226 4226 25325 25325 23408
3038 3038 27433 27433 23404
3147 3147 28308 28308 23386
2534 2534 26834 26834 23376
2702 2702 29565 29565 23376
5056 5056 27518 27518 23365
2820 2820 24387 24387 23353
5757 5757 28104 28104 23344
3149 3149 23485 23485 23342
2726 2726 29808 29808 23322
5916 5916 24873 24873 23308
3953 3953 23574 23574 23305
3157 3157 29140 29140 23303
2468 2468 29482 29482 23301
2598 2598 26417 26417 23298
6327 6327 28601 28601 23295
4805 4805 24336 24336 23287
2859 2859 25898 25898 23286
4151 4151 24181 24181 23285
268 268 27902 27902 23285
5564 5564 23741 23741 23283
3771 3771 26765 26765 23277
4979 4979 27457 27457 23270
6052 6052 29931 29931 23270
948 948 24842 24842 23264
1776 1776 29088 29088 23259
2005 2005 27733 27733 23256
3871 3871 29195 29195 23254
144 144 25849 25849 23251
1362 1362 25068 25068 23247
6080 6080 29316 29316 23247
1566 1566 25834 25834 23244
3965 3965 27256 27256 23242
699 699 27815 27815 23238
6077 6077 29625 29625 23238
4186 4186 29298 29298 23237
2922 2922 27650 27650 23235
3908 3908 29112 29112 23235
3710 3710 28171 28171 23231
3698 3698 24242 24242 23226
187 187 23684 23684 23217
5170 5170 23965 23965 23214
3229 3229 24471 24471 23214
159 159 26960 26960 23212
3711 3711 26316 26316 23202
5330 5330 25204 25204 23194
4727 4727 29570 29570 23194
1820 1820 24549 24549 23192
4557 4557 23246 23246 23189
6608 6608 25858 25858 23187
5786 5786 24479 24479 23178
1200 1200 25049 25049 23176
2040 2040 28069 28069 23175
4083 4083 25572 25572 23172
3541 3541 26787 26787 23172
5769 5769 24094 24094 23171
4299 4299 26600 26600 23162
4711 4711 29318 29318 23159
949 949 26214 26214 23157
509 509 28882 28882 23156
1166 1166 25702 25702 23151
5119 5119 25053 25053 23149
5790 5790 28582 28582 23149
2432 2432 26364 26364 23137
994 994 28096 28096 23136
1647 1647 23264 23264 23135
5300 5300 23816 23816 23133
6164 6164 25371 25371 23129
1712 1712 25526 25526 23127
1508 1508 28374 28374 23113
4654 4654 25735 25735 23111
6759 6759 24055 24055 23108
226 226 29945 29945 23104
1535 1535 27132 27132 23097
4246 4246 29926 29926 23095
1895 1895 29035 29035 23089
1582 1582 24955 24955 23075
3493 3493 23378 23378 23065
3559 3559 28021 28021 23062
5729 5729 26008 26008 23060
1942 1942 27621 27621 23058
6585 6585 23838 23838 23054
6407 6407 25315 25315 23050
3337 3337 28986 28986 23042
3671 3671 25969 25969 23040
1988 1988 25828 25828 23037
5934 5934 23057 23057 23030
4624 4624 23456 23456 23029
6100 6100 23800 23800 23018
3188 3188 24999 24999 23017
797 797 26006 26006 23017
6007 6007 23416 23416 23007
6468 6468 28279 28279 23002
4514 4514 26139 26139 23000
5892 5892 27010 27010 22998
3269 3269 24654 24654 22993
3189 3189 25695 25695 22990
4689 4689 28433 28433 22990
5846 5846 26037 26037 22987
5510 5510 23854 23854 22978
6333 6333 26015 26015 22976
425 425 26025 26025 22976
6120 6120 23830 23830 22971
4699 4699 24498 24498 22971
1015 1015 24652 24652 22968
6881 6881 27303 27303 22961
4432 4432 24489 24489 22957
4280 4280 26820 26820 22956
5347 5347 24539 24539 22951
6050 6050 28871 28871 22948
6554 6554 27280 27280 22946
928 928 29396 29396 22939
3636 3636 29937 29937 22938
6567 6567 25483 25483 22935
4211 4211 28059 28059 22935
1216 1216 26065 26065 22925
482 482 29094 29094 22915
4475 4475 27410 27410 22905
3712 3712 29965 29965 22902
1457 1457 23896 23896 22897
145 145 23311 23311 22891
4618 4618 25609 25609 22891
2313 2313 24787 24787 22876
3238 3238 27345 27345 22870
57 57 25231 25231 22865
4084 4084 25568 25568 22864
5700 5700 24048 24048 22859
2270 2270 28605 28605 22849
1468 1468 23489 23489 22843
4071 4071 29346 29346 22837
3136 3136 26084 26084 22832
5639 5639 23871 23871 22825
6246 6246 25530 25530 22816
1051 1051 27354 27354 22812
3979 3979 24825 24825 22810
4621 4621 25699 25699 22810
3039 3039 28223 28223 22807
3613 3613 29510 29510 22805
4880 4880 26445 26445 22804
2891 2891 27946 27946 22800
6177 6177 25305 25305 22796
5195 5195 23755 23755 22791
4868 4868 24373 24373 22790
158 158 22857 22857 22783
1568 1568 27791 27791 22783
1729 1729 25928 25928 22782
5774 5774 25289 25289 22779
4180 4180 29979 29979 22776
3287 3287 27071 27071 22774
2853 2853 28846 28846 22768
1774 1774 29328 29328 22765
5106 5106 28482 28482 22759
612 612 26365 26365 22748
3667 3667 24636 24636 22745
156 156 24302 24302 22733
1792 1792 26298 26298 22725
6324 6324 28366 28366 22725
2568 2568 23990 23990 22719
5705 5705 22752 22752 22718
167 167 27520 27520 22717
6742 6742 25037 25037 22716
1203 1203 28083 28083 22713
1223 1223 28813 28813 22713
981 981 25314 25314 22709
6516 6516 24087 24087 22700
6924 6924 28103 28103 22689
6089 6089 27136 27136 22688
7040 7040 27773 27773 22687
3878 3878 29878 29878 22686
4692 4692 25836 25836 22679
5806 5806 24494 24494 22670
7189 7189 24911 24911 22662
3717 3717 27498 27498 22656
6966 6966 23660 23660 22652
5403 5403 25126 25126 22638
6999 6999 27099 27099 22637
6362 6362 23408 23408 22635
107 107 26399 26399 22630
622 622 23836 23836 22627
3807 3807 29745 29745 22625
5841 5841 28120 28120 22622
1850 1850 23268 23268 22621
3703 3703 25896 25896 22617
6270 6270 29090 29090 22617
5599 5599 28101 28101 22613
3298 3298 28878 28878 22609
6610 6610 23306 23306 22603
5457 5457 23666 23666 22594
4086 4086 24598 24598 22592
1787 1787 25382 25382 22592
6607 6607 29819 29819 22575
4460 4460 24969 24969 22568
5185 5185 28127 28127 22547
1709 1709 24430 24430 22546
4208 4208 28232 28232 22541
6402 6402 23957 23957 22536
1086 1086 29681 29681 22533
4859 4859 28603 28603 22532
6747 6747 27150 27150 22531
1703 1703 25857 25857 22525
866 866 29194 29194 22525
6707 6707 27004 27004 22518
1252 1252 23848 23848 22517
2610 2610 25282 25282 22516
5651 5651 24173 24173 22509
194 194 24553 24553 22507
4253 4253 24308 24308 22504
2528 2528 26553 26553 22501
2382 2382 26281 26281 22483
1979 1979 27821 27821 22480
2916 2916 29857 29857 22477
6034 6034 23186 23186 22462
1017 1017 25059 25059 22458
1140 1140 29855 29855 22458
6036 6036 28664 28664 22451
5085 5085 23746 23746 22450
6212 6212 27842 27842 22449
2027 2027 28811 28811 22448
5832 5832 27567 27567 22447
4119 4119 23296 23296 22443
4146 4146 22774 22774 22441
3401 3401 23034 23034 22439
7050 7050 27582 27582 22435
3547 3547 28739 28739 22434
880 880 23864 23864 22428
2336 2336 28583 28583 22428
585 585 22625 22625 22423
4316 4316 28625 28625 22419
4029 4029 29898 29898 22419
1195 1195 27254 27254 22417
6498 6498 28258 28258 22416
1646 1646 28504 28504 22412
5471 5471 25534 25534 22406
5979 5979 27322 27322 22405
5686 5686 27983 27983 22400
7033 7033 29507 29507 22400
577 577 26545 26545 22399
417 417 29616 29616 22399
2684 2684 25475 25475 22397
5447 5447 25300 25300 22396
299 299 25131 25131 22393
6479 6479 23148 23148 22384
3237 3237 24802 24802 22384
2915 2915 27854 27854 22382
5988 5988 23025 23025 22369
6258 6258 27180 27180 22364
1344 1344 28242 28242 22361
1982 1982 25910 25910 22356
888 888 23604 23604 22354
2077 2077 24040 24040 22340
2212 2212 26011 26011 22338
4770 4770 26676 26676 22333
2446 2446 25964 25964 22331
7368 7368 27397 27397 22330
4761 4761 22563 22563 22325
6405 6405 29956 29956 22325
6336 6336 24650 24650 22316
4822 4822 26608 26608 22316
6104 6104 27843 27843 22311
2613 2613 22608 22608 22309
6187 6187 24980 24980 22305
3108 3108 24301 24301 22301
5555 5555 26899 26899 22301
2945 2945 26883 26883 22288
3090 3090 24270 24270 22287
4840 4840 28704 28704 22285
5862 5862 23690 23690 22282
1056 1056 29825 29825 22277
4593 4593 29465 29465 22276
764 764 25264 25264 22273
3760 3760 25480 25480 22273
495 495 28659 28659 22261
3921 3921 29889 29889 22260
193 193 29955 29955 22250
4336 4336 25579 25579 22240
3588 3588 27755 27755 22237
3724 3724 22721 22721 22236
1661 1661 28508 28508 22230
5131 5131 28927 28927 22229
6137 6137 26081 26081 22227
4773 4773 25474 25474 22225
3543 3543 24978 24978 22222
3714 3714 28587 28587 22221
5307 5307 29479 29479 22221
7214 7214 28929 28929 22217
7423 7423 23977 23977 22210
5625 5625 25671 25671 22203
5153 5153 23907 23907 22192
5383 5383 27835 27835 22191
1826 1826 22284 22284 22190
5810 5810 24600 24600 22186
5958 5958 27800 27800 22181
6840 6840 25954 25954 22179
5701 5701 23846 23846 22175
3253 3253 28390 28390 22174
1254 1254 27196 27196 22173
1175 1175 22572 22572 22160
3462 3462 26072 26072 22160
3943 3943 28832 28832 22145
5490 5490 24129 24129 22132
6679 6679 29970 29970 22128
2943 2943 28371 28371 22125
691 691 29478 29478 22115
6348 6348 28747 28747 22107
7535 7535 28877 28877 22106
5661 5661 26876 26876 22103
2364 2364 25604 25604 22097
5793 5793 26398 26398 22097
488 488 27610 27610 22087
6412 6412 27745 27745 22082
1055 1055 28451 28451 22079
7530 7530 28883 28883 22072
1076 1076 28269 28269 22071
1517 1517 22265 22265 22065
3762 3762 22638 22638 22064
78 78 26687 26687 22052
5990 5990 29766 29766 22046
806 806 25885 25885 22043
3741 3741 27857 27857 22043
5264 5264 26572 26572 22040
2026 2026 29514 29514 22030
6617 6617 28028 28028 22027
556 556 26406 26406 22026
3479 3479 26179 26179 22016
4023 4023 29249 29249 22015
3798 3798 22231 22231 22011
673 673 28237 28237 22010
2621 2621 28543 28543 21998
7575 7575 27829 27829 21986
502 502 22078 22078 21985
5389 5389 26937 26937 21985
365 365 26757 26757 21983
1653 1653 28086 28086 21967
4344 4344 26483 26483 21965
7582 7582 22935 22935 21962
5324 5324 26683 26683 21961
6583 6583 29293 29293 21955
5590 5590 24454 24454 21950
6634 6634 26884 26884 21946
3050 3050 23553 23553 21943
1788 1788 24289 24289 21941
736 736 29404 29404 21941
3537 3537 26540 26540 21936
1233 1233 22533 22533 21929
4052 4052 27372 27372 21924
608 608 26959 26959 21923
2427 2427 22383 22383 21918
2786 2786 25815 25815 21917
5016 5016 22548 22548 21916
2409 2409 28641 28641 21915
5493 5493 25921 25921 21913
2354 2354 27407 27407 21911
805 805 25912 25912 21907
2151 2151 24133 24133 21904
4799 4799 22114 22114 21901
1601 1601 25307 25307 21901
183 183 26195 26195 21901
6094 6094 27995 27995 21901
3837 3837 21928 21928 21899
4101 4101 25244 25244 21897
3389 3389 27525 27525 21896
6112 6112 23285 23285 21894
7244 7244 24005 24005 21891
3376 3376 26567 26567 21888
1020 1020 21999 21999 21879
1395 1395 24442 24442 21877
1808 1808 28650 28650 21875
4590 4590 27437 27437 21874
5306 5306 23048 23048 21869
4290 4290 26693 26693 21867
3986 3986 24944 24944 21864
2788 2788 26038 26038 21856
5895 5895 25179 25179 21855
1311 1311 29097 29097 21855
5955 5955 23768 23768 21854
7408 7408 27091 27091 21851
1629 1629 28923 28923 21851
7509 7509 23383 23383 21847
4010 4010 21850 21850 21846
2276 2276 26609 26609 21845
2173 2173 28389 28389 21843
2552 2552 24713 24713 21825
2741 2741 27636 27636 21823
3357 3357 27955 27955 21818
7373 7373 28114 28114 21818
5711 5711 22877 22877 21814
2448 2448 22487 22487 21808
3231 3231 22189 22189 21804
7437 7437 28156 28156 21804
4017 4017 28788 28788 21804
7763 7763 25098 25098 21800
451 451 26285 26285 21800
1773 1773 27896 27896 21798
3309 3309 24329 24329 21796
127 127 24646 24646 21794
1935 1935 27417 27417 21794
2681 2681 25601 25601 21790
5745 5745 29871 29871 21790
411 411 27208 27208 21774
5719 5719 25446 25446 21766
1929 1929 29856 29856 21763
3456 3456 29051 29051 21762
5585 5585 25967 25967 21759
1560 1560 26388 26388 21745
291 291 28602 28602 21745
7581 7581 28884 28884 21743
1906 1906 29807 29807 21743
364 364 26197 26197 21736
984 984 23548 23548 21733
1880 1880 23040 23040 21721
7790 7790 25750 25750 21712
4433 4433 29501 29501 21712
4955 4955 22029 22029 21711
5874 5874 24099 24099 21710
6289 6289 24917 24917 21709
7812 7812 23886 23886 21703
6628 6628 23044 23044 21698
7431 7431 22534 22534 21694
4613 4613 22993 22993 21691
2670 2670 29185 29185 21685
3500 3500 26291 26291 21682
3403 3403 26753 26753 21677
150 150 28810 28810 21672
6487 6487 27614 27614 21671
6393 6393 27473 27473 21665
3073 3073 22855 22855 21661
2175 2175 25590 25590 21660
6364 6364 26998 26998 21659
4932 4932 26734 26734 21651
5018 5018 28695 28695 21650
7061 7061 24348 24348 21646
5712 5712 29542 29542 21640
4972 4972 23964 23964 21633
5358 5358 28667 28667 21629
554 554 27370 27370 21626
1474 1474 29208 29208 21621
4067 4067 26463 26463 21619
621 621 26668 26668 21613
4306 4306 24467 24467 21602
7505 7505 26325 26325 21601
2823 2823 29099 29099 21601
7970 7970 28552 28552 21598
703 703 23919 23919 21594
2533 2533 21947 21947 21589
179 179 28092 28092 21588
7577 7577 22832 22832 21587
2249 2249 28499 28499 21584
4163 4163 28139 28139 21571
2042 2042 23681 23681 21569
3716 3716 24283 24283 21552
7700 7700 24426 24426 21552
6795 6795 24564 24564 21552
2963 2963 29159 29159 21551
1306 1306 25437 25437 21548
5361 5361 25988 25988 21547
3883 3883 21728 21728 21542
6186 6186 22113 22113 21540
3560 3560 26120 26120 21540
1340 1340 27874 27874 21538
2893 2893 27534 27534 21534
2817 2817 23439 23439 21532
2966 2966 25235 25235 21528
3414 3414 21591 21591 21524
2322 2322 22244 22244 21519
3907 3907 28444 28444 21517
1985 1985 23335 23335 21516
3607 3607 26936 26936 21516
6325 6325 26007 26007 21509
5135 5135 23394 23394 21504
5620 5620 28950 28950 21502
6614 6614 24109 24109 21494
3838 3838 25143 25143 21481
857 857 25739 25739 21481
1479 1479 26961 26961 21476
3406 3406 24610 24610 21473
7557 7557 29163 29163 21473
3942 3942 22007 22007 21471
6727 6727 25039 25039 21467
1952 1952 26997 26997 21466
5246 5246 23464 23464 21465
6536 6536 24083 24083 21463
1129 1129 24970 24970 21457
5964 5964 24487 24487 21454
2768 2768 25284 25284 21448
5901 5901 27293 27293 21444
1714 1714 28489 28489 21440
2781 2781 28325 28325 21439
1224 1224 22779 22779 21432
3673 3673 22214 22214 21431
2442 2442 25838 25838 21427
3897 3897 29667 29667 21423
2000 2000 28479 28479 21422
8237 8237 29549 29549 21422
565 565 28898 28898 21421
1578 1578 22004 22004 21420
3539 3539 28689 28689 21418
6111 6111 23691 23691 21416
6367 6367 27387 27387 21416
7495 7495 22385 22385 21406
6916 6916 24693 24693 21406
8056 8056 23020 23020 21401
751 751 24117 24117 21394
6272 6272 21617 21617 21393
920 920 26582 26582 21393
6848 6848 22370 22370 21392
4724 4724 23302 23302 21379
6440 6440 28805 28805 21376
8171 8171 25074 25074 21372
1250 1250 28351 28351 21363
792 792 29662 29662 21363
1588 1588 24020 24020 21359
8255 8255 26193 26193 21355
7058 7058 27470 27470 21354
8137 8137 29663 29663 21352
1747 1747 21597 21597 21350
7591 7591 27684 27684 21345
7177 7177 28077 28077 21345
2222 2222 22622 22622 21343
2321 2321 25505 25505 21337
5313 5313 26113 26113 21325
3581 3581 23382 23382 21323
5078 5078 25507 25507 21321
5162 5162 24733 24733 21318
3199 3199 22535 22535 21306
1385 1385 29820 29820 21306
478 478 22758 22758 21305
7759 7759 28589 28589 21297
6620 6620 29731 29731 21293
1398 1398 24065 24065 21289
2848 2848 25617 25617 21286
1377 1377 26481 26481 21285
7858 7858 21733 21733 21279
381 381 26580 26580 21275
4500 4500 25025 25025 21271
7374 7374 24691 24691 21269
8477 8477 25155 25155 21269
3944 3944 28403 28403 21264
685 685 28319 28319 21261
1713 1713 27557 27557 21259
7110 7110 27723 27723 21259
6785 6785 24819 24819 21257
2362 2362 24782 24782 21256
6885 6885 27881 27881 21250
6723 6723 28818 28818 21244
4989 4989 23641 23641 21233
2650 2650 26597 26597 21233
6042 6042 26249 26249 21232
7879 7879 26092 26092 21229
8166 8166 23671 23671 21221
5844 5844 22610 22610 21220
6803 6803 23274 23274 21219
1542 1542 23668 23668 21217
7894 7894 21574 21574 21215
414 414 23417 23417 21214
860 860 24322 24322 21213
1214 1214 25746 25746 21209
8290 8290 24828 24828 21201
7671 7671 28415 28415 21201
6462 6462 26630 26630 21191
1279 1279 22889 22889 21190
3742 3742 26654 26654 21189
7121 7121 26862 26862 21182
2469 2469 28875 28875 21178
4870 4870 27343 27343 21174
1918 1918 22039 22039 21165
5857 5857 25302 25302 21158
6878 6878 24294 24294 21153
707 707 24404 24404 21153
7046 7046 22465 22465 21152
1487 1487 22966 22966 21143
2526 2526 29123 29123 21143
7502 7502 27119 27119 21140
1863 1863 26273 26273 21139
7887 7887 22458 22458 21137
2808 2808 29947 29947 21125
2756 2756 21755 21755 21117
3513 3513 28354 28354 21113
2851 2851 28959 28959 21109
5880 5880 26691 26691 21105
8699 8699 29389 29389 21105
7776 7776 22122 22122 21099
4027 4027 24261 24261 21095
579 579 28476 28476 21095
1966 1966 22054 22054 21088
5500 5500 22446 22446 21083
7048 7048 24902 24902 21079
2406 2406 26147 26147 21078
5756 5756 27175 27175 21078
6392 6392 26768 26768 21074
1354 1354 29132 29132 21061
1321 1321 21888 21888 21060
7672 7672 22358 22358 21050
7855 7855 23116 23116 21047
895 895 29178 29178 21040
567 567 28256 28256 21038
7089 7089 23289 23289 21037
7644 7644 27877 27877 21034
5064 5064 29076 29076 21030
6953 6953 21150 21150 21029
3193 3193 27453 27453 21024
3279 3279 28296 28296 21023
4335 4335 22618 22618 21017
6389 6389 27421 27421 21017
5571 5571 26618 26618 21013
3155 3155 29260 29260 21010
4437 4437 24328 24328 21009
602 602 27386 27386 21002
7532 7532 26128 26128 20998
8812 8812 25423 25423 20997
8546 8546 24247 24247 20988
3595 3595 21946 21946 20987
705 705 28372 28372 20987
1094 1094 25238 25238 20986
394 394 26438 26438 20971
272 272 24140 24140 20968
3464 3464 28598 28598 20961
1088 1088 22061 22061 20957
5224 5224 26874 26874 20956
5312 5312 25955 25955 20953
4746 4746 22381 22381 20949
5942 5942 23332 23332 20944
2478 2478 27439 27439 20942
5845 5845 29794 29794 20940
52 52 22476 22476 20937
8035 8035 24764 24764 20934
1937 1937 27622 27622 20933
3686 3686 27633 27633 20931
7292 7292 21231 21231 20928
1887 1887 21958 21958 20925
4720 4720 25495 25495 20922
8222 8222 25597 25597 20921
2195 2195 25790 25790 20918
3137 3137 21735 21735 20917
2536 2536 22424 22424 20917
4553 4553 28152 28152 20913
5630 5630 28765 28765 20904
1270 1270 21852 21852 20901
2147 2147 26534 26534 20900
60 60 28228 28228 20899
7270 7270 22492 22492 20897
1663 1663 27048 27048 20897
7178 7178 21345 21345 20895
5598 5598 25888 25888 20895
4587 4587 28563 28563 20895
7472 7472 25776 25776 20891
1722 1722 27270 27270 20888
2439 2439 27294 27294 20886
4453 4453 27351 27351 20886
3750 3750 23458 23458 20883
2793 2793 27643 27643 20878
8188 8188 25952 25952 20875
201 201 28273 28273 20875
4160 4160 21500 21500 20870
108 108 23161 23161 20870
7658 7658 29591 29591 20859
4902 4902 24848 24848 20850
800 800 27178 27178 20847
1037 1037 29196 29196 20846
6438 6438 21224 21224 20840
3518 3518 22646 22646 20838
7718 7718 28047 28047 20831
5828 5828 29752 29752 20828
1758 1758 22544 22544 20823
353 353 23430 23430 20816
6673 6673 21932 21932 20805
8836 8836 29299 29299 20800
7583 7583 25848 25848 20799
4258 4258 21588 21588 20787
6850 6850 23281 23281 20782
9010 9010 22392 22392 20774
3395 3395 25899 25899 20771
4760 4760 26972 26972 20761
2393 2393 29686 29686 20759
3275 3275 22088 22088 20758
2964 2964 26465 26465 20758
7730 7730 22806 22806 20757
8512 8512 22574 22574 20756
2774 2774 25944 25944 20756
7592 7592 23627 23627 20752
1172 1172 22490 22490 20751
7930 7930 23313 23313 20750
4897 4897 23196 23196 20747
2358 2358 28239 28239 20747
1049 1049 29607 29607 20744
4223 4223 26667 26667 20737
745 745 27445 27445 20737
1639 1639 22197 22197 20730
1156 1156 27592 27592 20726
4227 4227 26276 26276 20723
1122 1122 20918 20918 20712
7919 7919 24379 24379 20707
1772 1772 22983 22983 20694
2097 2097 27878 27878 20692
5899 5899 29466 29466 20690
3632 3632 26036 26036 20685
818 818 26535 26535 20683
8344 8344 25508 25508 20676
8318 8318 26254 26254 20673
3216 3216 25228 25228 20672
3738 3738 28768 28768 20670
4251 4251 22167 22167 20668
8248 8248 25909 25909 20666
5151 5151 23597 23597 20664
2337 2337 25018 25018 20658
7181 7181 26585 26585 20654
1458 1458 22560 22560 20647
829 829 24672 24672 20647
3918 3918 24300 24300 20646
9085 9085 27253 27253 20638
3012 3012 28684 28684 20631
4125 4125 28709 28709 20631
2563 2563 24766 24766 20612
1834 1834 21593 21593 20608
4324 4324 25624 25624 20600
1536 1536 28425 28425 20599
2474 2474 21866 21866 20598
1208 1208 29860 29860 20597
1298 1298 22902 22902 20593
2839 2839 21327 21327 20591
5188 5188 27261 27261 20587
136 136 21980 21980 20579
1142 1142 22067 22067 20579
8324 8324 29585 29585 20577
3821 3821 24613 24613 20573
6518 6518 25301 25301 20571
4642 4642 25192 25192 20569
8712 8712 28359 28359 20567
2843 2843 23607 23607 20564
6866 6866 29799 29799 20563
6706 6706 28979 28979 20562
1363 1363 24451 24451 20560
283 283 29582 29582 20557
2775 2775 27082 27082 20555
6542 6542 27536 27536 20555
294 294 20599 20599 20554
1356 1356 22540 22540 20553
4731 4731 28110 28110 20549
3126 3126 29264 29264 20549
5409 5409 29927 29927 20547
5249 5249 20881 20881 20545
1543 1543 25531 25531 20545
6837 6837 24609 24609 20538
6373 6373 24236 24236 20527
220 220 25185 25185 20527
6929 6929 29704 29704 20527
3210 3210 29509 29509 20524
8058 8058 27430 27430 20522
5685 5685 26564 26564 20520
4157 4157 26762 26762 20520
8850 8850 23565 23565 20519
9062 9062 29682 29682 20518
2343 2343 24861 24861 20514
7903 7903 25251 25251 20512
3792 3792 29041 29041 20502
7486 7486 23754 23754 20500
4911 4911 29844 29844 20499
4757 4757 23493 23493 20491
5551 5551 26809 26809 20486
4076 4076 24210 24210 20482
4200 4200 21582 21582 20480
2688 2688 29434 29434 20478
3334 3334 28607 28607 20477
3857 3857 25984 25984 20475
4574 4574 28341 28341 20472
1018 1018 28216 28216 20466
3427 3427 20587 20587 20465
1841 1841 28147 28147 20463
4455 4455 28376 28376 20463
9282 9282 26055 26055 20461
8859 8859 27152 27152 20461
5966 5966 21869 21869 20458
522 522 27718 27718 20454
2525 2525 23735 23735 20452
8040 8040 29235 29235 20452
8694 8694 26557 26557 20450
4533 4533 28685 28685 20450
8174 8174 29335 29335 20446
8853 8853 24888 24888 20445
7501 7501 28736 28736 20442
1170 1170 22740 22740 20441
5594 5594 28006 28006 20441
5768 5768 25234 25234 20440
5860 5860 20471 20471 20439
8225 8225 29331 29331 20435
8533 8533 27566 27566 20434
5019 5019 27543 27543 20431
8610 8610 28532 28532 20427
1381 1381 23866 23866 20426
4945 4945 21601 21601 20424
8186 8186 29275 29275 20422
5219 5219 22653 22653 20421
4343 4343 29862 29862 20420
6293 6293 28642 28642 20415
9243 9243 27235 27235 20413
9080 9080 22263 22263 20411
1382 1382 29100 29100 20409
3638 3638 27468 27468 20406
1373 1373 22484 22484 20402
558 558 25911 25911 20399
3187 3187 22440 22440 20398
7760 7760 26971 26971 20398
1995 1995 21008 21008 20391
3325 3325 26189 26189 20391
4415 4415 24405 24405 20390
9300 9300 23702 23702 20380
6356 6356 22259 22259 20361
6070 6070 24163 24163 20354
997 997 28697 28697 20353
7246 7246 21025 21025 20351
2609 2609 26673 26673 20348
3649 3649 29722 29722 20347
1698 1698 29644 29644 20343
9141 9141 22120 22120 20342
5653 5653 21205 21205 20339
178 178 28716 28716 20338
2934 2934 25738 25738 20336
5950 5950 24858 24858 20333
8717 8717 28332 28332 20333
9098 9098 23105 23105 20331
4469 4469 23075 23075 20330
6623 6623 23525 23525 20327
6482 6482 23283 23283 20321
4238 4238 26811 26811 20321
5268 5268 28691 28691 20317
5926 5926 25791 25791 20315
1106 1106 25549 25549 20314
2124 2124 23012 23012 20313
5867 5867 26167 26167 20309
6059 6059 29390 29390 20306
3567 3567 22818 22818 20304
8523 8523 27259 27259 20304
9295 9295 27680 27680 20304
8141 8141 29456 29456 20304
8760 8760 24987 24987 20303
773 773 27898 27898 20300
9009 9009 21824 21824 20295
3452 3452 25470 25470 20294
6973 6973 20687 20687 20293
2067 2067 24723 24723 20293
23 23 23137 23137 20291
4874 4874 29627 29627 20290
5936 5936 27574 27574 20288
9152 9152 21264 21264 20280
7031 7031 22619 22619 20279
1423 1423 28367 28367 20277
5068 5068 29868 29868 20274
9436 9436 27110 27110 20263
7727 7727 27562 27562 20263
5507 5507 20437 20437 20257
955 955 29020 29020 20254
7305 7305 23258 23258 20252
1130 1130 29061 29061 20243
646 646 24645 24645 20237
5000 5000 28840 28840 20225
8696 8696 24697 24697 20223
7356 7356 24280 24280 20213
732 732 25186 25186 20213
2513 2513 27155 27155 20204
7744 7744 29174 29174 20199
8513 8513 26907 26907 20193
3982 3982 23003 23003 20191
6810 6810 27215 27215 20189
2687 2687 25687 25687 20188
4567 4567 26171 26171 20185
6545 6545 27040 27040 20178
8179 8179 21409 21409 20175
8708 8708 23631 23631 20172
1444 1444 20238 20238 20169
7245 7245 25908 25908 20169
5770 5770 23166 23166 20168
6176 6176 24361 24361 20166
6643 6643 29448 29448 20162
4275 4275 27965 27965 20161
5494 5494 26513 26513 20160
5766 5766 24472 24472 20159
9136 9136 22842 22842 20158
3140 3140 20256 20256 20156
5004 5004 23290 23290 20155
6092 6092 25523 25523 20155
4127 4127 24545 24545 20154
7853 7853 29707 29707 20153
788 788 29337 29337 20149
4309 4309 29137 29137 20145
2329 2329 23600 23600 20144
3219 3219 26767 26767 20143
3579 3579 29397 29397 20140
7667 7667 21437 21437 20139
4683 4683 23651 23651 20136
6124 6124 28819 28819 20136
4449 4449 27908 27908 20135
8105 8105 22482 22482 20133
7340 7340 23855 23855 20133
3799 3799 21120 21120 20132
5422 5422 22564 22564 20129
7966 7966 27302 27302 20129
9510 9510 28129 28129 20129
5980 5980 22683 22683 20128
7962 7962 29176 29176 20128
434 434 22629 22629 20123
1302 1302 25500 25500 20123
865 865 26521 26521 20115
8587 8587 23531 23531 20110
9833 9833 21994 21994 20101
2522 2522 21961 21961 20099
4937 4937 29776 29776 20099
3867 3867 24833 24833 20098
7674 7674 28849 28849 20097
7222 7222 23431 23431 20096
5381 5381 20376 20376 20091
8138 8138 22015 22015 20088
7769 7769 27416 27416 20085
911 911 27320 27320 20069
1070 1070 20252 20252 20068
3662 3662 27455 27455 20068
8321 8321 28085 28085 20063
9268 9268 23609 23609 20056
4789 4789 21707 21707 20054
6110 6110 21387 21387 20052
6696 6696 29635 29635 20048
3320 3320 26996 26996 20040
5631 5631 28997 28997 20038
2699 2699 26955 26955 20036
4970 4970 27338 27338 20032
4270 4270 27547 27547 20032
4234 4234 28166 28166 20022
9385 9385 27276 27276 20019
2207 2207 25139 25139 20012
2464 2464 26546 26546 20009
1102 1102 25170 25170 20004
1881 1881 24453 24453 19987
4061 4061 20525 20525 19985
1986 1986 20746 20746 19984
8446 8446 27753 27753 19982
8168 8168 20925 20925 19968
4753 4753 24696 24696 19968
6334 6334 27378 27378 19963
8901 8901 24571 24571 19960
3830 3830 20443 20443 19956
9765 9765 22074 22074 19956
4358 4358 26621 26621 19956
956 956 25839 25839 19955
4585 4585 27771 27771 19953
1899 1899 23401 23401 19947
7635 7635 24908 24908 19946
2452 2452 21098 21098 19944
166 166 26649 26649 19933
1685 1685 21157 21157 19927
3961 3961 28244 28244 19923
1862 1862 19919 19919 19905
7955 7955 20014 20014 19905
9288 9288 23787 23787 19904
3780 3780 21336 21336 19898
2414 2414 21221 21221 19896
3779 3779 21635 21635 19894
4819 4819 26721 26721 19889
6645 6645 21511 21511 19887
3477 3477 22108 22108 19880
1145 1145 24183 24183 19877
1165 1165 22043 22043 19876
7441 7441 23618 23618 19874
2572 2572 25012 25012 19867
6969 6969 25787 25787 19867
1057 1057 28424 28424 19865
9093 9093 22660 22660 19864
137 137 22549 22549 19859
7900 7900 26745 26745 19852
8085 8085 25120 25120 19848
5517 5517 26724 26724 19843
1809 1809 26638 26638 19840
4815 4815 21467 21467 19839
9587 9587 23455 23455 19837
4123 4123 29345 29345 19833
7694 7694 27443 27443 19824
9472 9472 29604 29604 19823
1063 1063 23930 23930 19822
840 840 24710 24710 19821
3679 3679 21425 21425 19818
4631 4631 24500 24500 19815
5971 5971 22890 22890 19813
812 812 29812 29812 19809
7690 7690 29882 29882 19798
3631 3631 21558 21558 19790
6185 6185 26531 26531 19790
9715 9715 25473 25473 19788
10036 10036 21469 21469 19786
148 148 24182 24182 19783
719 719 29675 29675 19783
3010 3010 23790 23790 19781
4669 4669 22467 22467 19778
9849 9849 23054 23054 19766
1975 1975 26260 26260 19761
7580 7580 23879 23879 19757
7203 7203 22443 22443 19749
4525 4525 25999 25999 19749
2850 2850 26184 26184 19749
1256 1256 27548 27548 19746
1189 1189 21820 21820 19745
1414 1414 29520 29520 19744
2750 2750 25672 25672 19739
7012 7012 22584 22584 19737
2755 2755 26730 26730 19737
2217 2217 29141 29141 19735
3424 3424 20747 20747 19733
6470 6470 22513 22513 19732
5584 5584 25953 25953 19729
8912 8912 24941 24941 19728
1660 1660 22823 22823 19727
2099 2099 24391 24391 19716
2855 2855 27297 27297 19716
2971 2971 24576 24576 19710
4189 4189 22940 22940 19708
5419 5419 25811 25811 19707
9437 9437 21394 21394 19706
7392 7392 23749 23749 19706
2950 2950 27739 27739 19706
5132 5132 26219 26219 19703
8346 8346 28597 28597 19699
6659 6659 29165 29165 19694
1310 1310 19863 19863 19693
3889 3889 22727 22727 19692
3648 3648 20344 20344 19684
225 225 20995 20995 19683
8743 8743 27642 27642 19677
7766 7766 23216 23216 19676
9536 9536 25043 25043 19671
4518 4518 20812 20812 19665
2366 2366 25516 25516 19665
1419 1419 26849 26849 19664
614 614 27346 27346 19660
7158 7158 25364 25364 19659
5208 5208 24758 24758 19658
7272 7272 29173 29173 19656
3766 3766 29017 29017 19655
615 615 23122 23122 19652
7476 7476 25502 25502 19648
677 677 23892 23892 19647
6811 6811 21268 21268 19646
3228 3228 20538 20538 19644
5794 5794 24954 24954 19642
898 898 20171 20171 19640
1261 1261 22596 22596 19639
9720 9720 25044 25044 19636
7611 7611 27285 27285 19636
10029 10029 28192 28192 19636
8954 8954 28187 28187 19635
8822 8822 29612 29612 19632
8706 8706 29240 29240 19630
130 130 25460 25460 19624
9338 9338 28596 28596 19622
1350 1350 23694 23694 19619
6257 6257 26225 26225 19616
7574 7574 22450 22450 19615
7370 7370 24197 24197 19606
3980 3980 27174 27174 19605
2121 2121 23304 23304 19601
7142 7142 28925 28925 19598
1231 1231 29428 29428 19596
701 701 20370 20370 19589
3575 3575 24797 24797 19589
2174 2174 20169 20169 19586
4549 4549 25606 25606 19586
2644 2644 25620 25620 19585
1004 1004 24096 24096 19577
9051 9051 29388 29388 19573
9875 9875 22408 22408 19572
2112 2112 22899 22899 19572
1525 1525 20495 20495 19570
7200 7200 24001 24001 19569
7137 7137 24122 24122 19569
8606 8606 24591 24591 19559
109 109 26347 26347 19559
2956 2956 20114 20114 19549
6572 6572 28469 28469 19548
2776 2776 26956 26956 19547
6653 6653 23479 23479 19539
10233 10233 27654 27654 19539
3859 3859 26033 26033 19532
7395 7395 26391 26391 19526
1618 1618 24945 24945 19524
2880 2880 24030 24030 19520
9332 9332 25542 25542 19518
10242 10242 27831 27831 19514
2361 2361 26770 26770 19502
4589 4589 20696 20696 19500
5674 5674 23035 23035 19500
5093 5093 29192 29192 19498
1025 1025 19929 19929 19496
6828 6828 25362 25362 19496
1500 1500 23705 23705 19485
5882 5882 27284 27284 19477
7362 7362 23237 23237 19475
632 632 26595 26595 19470
6157 6157 22187 22187 19460
10187 10187 20060 20060 19457
9402 9402 20419 20419 19454
5474 5474 22561 22561 19454
6704 6704 29023 29023 19452
1654 1654 23051 23051 19451
4993 4993 22687 22687 19449
9615 9615 26916 26916 19449
10097 10097 19971 19971 19445
7865 7865 28027 28027 19442
596 596 21753 21753 19434
1160 1160 27963 27963 19433
3960 3960 19564 19564 19428
5267 5267 21725 21725 19428
683 683 26836 26836 19428
264 264 26838 26838 19427
2580 2580 24724 24724 19426
2884 2884 21373 21373 19425
9703 9703 24993 24993 19425
3264 3264 28461 28461 19423
7628 7628 20868 20868 19422
3135 3135 21734 21734 19417
4092 4092 23756 23756 19416
1264 1264 21129 21129 19407
9131 9131 20402 20402 19405
3024 3024 29282 29282 19405
4956 4956 24381 24381 19402
9325 9325 22673 22673 19400
2806 2806 24560 24560 19393
1133 1133 28964 28964 19391
7208 7208 26104 26104 19387
9234 9234 29624 29624 19382
2903 2903 28303 28303 19377
6937 6937 26808 26808 19375
8281 8281 23188 23188 19373
8624 8624 20037 20037 19372
7465 7465 25749 25749 19371
2813 2813 21830 21830 19370
3001 3001 27001 27001 19363
5026 5026 21657 21657 19362
5046 5046 21379 21379 19361
7491 7491 20431 20431 19350
9710 9710 20716 20716 19349
1998 1998 26116 26116 19348
5278 5278 25605 25605 19346
9228 9228 20876 20876 19338
2896 2896 29875 29875 19338
4458 4458 21131 21131 19335
1005 1005 22175 22175 19334
8107 8107 22512 22512 19334
383 383 22170 22170 19333
802 802 19346 19346 19331
3206 3206 28283 28283 19331
9324 9324 25745 25745 19330
2827 2827 25975 25975 19319
519 519 28855 28855 19317
3802 3802 26651 26651 19314
4991 4991 27640 27640 19313
1655 1655 25612 25612 19310
9685 9685 27181 27181 19302
7678 7678 20321 20321 19300
5396 5396 29418 29418 19299
4095 4095 27598 27598 19297
6194 6194 21933 21933 19296
5982 5982 25313 25313 19294
10182 10182 29718 29718 19289
6923 6923 25003 25003 19286
8881 8881 25722 25722 19286
7956 7956 22814 22814 19280
2838 2838 21212 21212 19278
9522 9522 21235 21235 19275
5839 5839 25376 25376 19273
520 520 26754 26754 19264
9874 9874 21858 21858 19262
2814 2814 20582 20582 19260
5829 5829 28936 28936 19258
1383 1383 23451 23451 19257
2535 2535 26226 26226 19252
8364 8364 22517 22517 19251
10148 10148 27032 27032 19251
9896 9896 23069 23069 19247
6942 6942 24165 24165 19244
10241 10241 24231 24231 19243
2189 2189 22786 22786 19242
7585 7585 29321 29321 19242
1604 1604 25346 25346 19241
9047 9047 27524 27524 19237
6993 6993 28241 28241 19237
5933 5933 24059 24059 19234
10490 10490 23812 23812 19233
9593 9593 22160 22160 19229
3727 3727 25048 25048 19228
2460 2460 26451 26451 19226
1131 1131 28719 28719 19223
921 921 25288 25288 19220
10422 10422 25773 25773 19220
4834 4834 19473 19473 19217
9372 9372 23482 23482 19217
9523 9523 19554 19554 19215
427 427 23021 23021 19214
8917 8917 19785 19785 19213
2471 2471 21204 21204 19212
8892 8892 23031 23031 19198
2739 2739 20039 20039 19197
8412 8412 19193 19193 19187
6292 6292 28289 28289 19186
10356 10356 22789 22789 19185
514 514 20011 20011 19177
1766 1766 28954 28954 19177
515 515 25846 25846 19176
1632 1632 20959 20959 19170
1506 1506 25279 25279 19169
5086 5086 21686 21686 19167
4214 4214 22252 22252 19165
4506 4506 29339 29339 19165
4675 4675 20224 20224 19164
8580 8580 30000 30000 19163
5076 5076 26725 26725 19162
4690 4690 23970 23970 19158
5327 5327 25491 25491 19157
4640 4640 27759 27759 19156
7736 7736 21398 21398 19155
8453 8453 25067 25067 19139
4498 4498 20893 20893 19138
10523 10523 23797 23797 19137
1613 1613 25726 25726 19135
10005 10005 26232 26232 19134
2238 2238 28098 28098 19130
4321 4321 22145 22145 19128
5199 5199 22354 22354 19128
3858 3858 28835 28835 19119
5656 5656 24209 24209 19118
6081 6081 28571 28571 19117
9738 9738 22350 22350 19113
9004 9004 25345 25345 19108
7267 7267 21759 21759 19106
757 757 20378 20378 19104
1450 1450 26494 26494 19102
4861 4861 23172 23172 19099
1611 1611 24418 24418 19095
9711 9711 22258 22258 19093
4744 4744 25808 25808 19093
3893 3893 28748 28748 19093
9070 9070 25042 25042 19086
4304 4304 25330 25330 19081
4213 4213 26305 26305 19081
8165 8165 24393 24393 19080
5497 5497 28195 28195 19077
4620 4620 24431 24431 19076
9027 9027 25090 25090 19076
4491 4491 26387 26387 19075
2335 2335 24023 24023 19072
9635 9635 26295 26295 19067
3204 3204 21540 21540 19063
9198 9198 21230 21230 19062
6478 6478 24238 24238 19060
1128 1128 23255 23255 19056
952 952 29405 29405 19056
1255 1255 19434 19434 19055
9493 9493 23238 23238 19055
6931 6931 28263 28263 19051
4998 4998 20124 20124 19050
4821 4821 24556 24556 19048
4526 4526 22239 22239 19046
4632 4632 27682 27682 19046
4193 4193 22442 22442 19041
1666 1666 28233 28233 19039
2312 2312 25933 25933 19038
5888 5888 24441 24441 19036
4502 4502 24515 24515 19036
10281 10281 27159 27159 19036
4452 4452 23483 23483 19026
4948 4948 20231 20231 19024
2242 2242 28660 28660 19023
2930 2930 28822 28822 19023
6337 6337 27313 27313 19022
8157 8157 21692 21692 19016
1843 1843 20624 20624 19015
9811 9811 26880 26880 19000
6223 6223 22016 22016 18997
9079 9079 28061 28061 18997
5730 5730 28183 28183 18996
7215 7215 20503 20503 18993
377 377 26435 26435 18990
6394 6394 23922 23922 18988
2605 2605 28131 28131 18985
9998 9998 21458 21458 18980
6529 6529 26350 26350 18977
8679 8679 27546 27546 18975
2783 2783 20197 20197 18969
5091 5091 21807 21807 18967
9074 9074 26343 26343 18966
10174 10174 21644 21644 18963
6129 6129 21407 21407 18959
709 709 21444 21444 18957
2058 2058 25863 25863 18954
8940 8940 24775 24775 18953
441 441 25762 25762 18950
2558 2558 24631 24631 18948
6198 6198 29998 29998 18948
10683 10683 22295 22295 18945
5110 5110 26596 26596 18943
10046 10046 23996 23996 18940
8509 8509 26646 26646 18940
9073 9073 28568 28568 18940
2866 2866 19488 19488 18939
6228 6228 26529 26529 18935
1785 1785 23775 23775 18928
4586 4586 26129 26129 18927
3435 3435 28971 28971 18918
10579 10579 27802 27802 18916
8158 8158 25927 25927 18914
10188 10188 19261 19261 18911
2131 2131 28224 28224 18911
176 176 27168 27168 18906
512 512 19417 19417 18903
5563 5563 22384 22384 18902
9266 9266 19867 19867 18900
10364 10364 19946 19946 18899
4319 4319 25833 25833 18897
9099 9099 28970 28970 18897
8180 8180 21667 21667 18895
7196 7196 23263 23263 18893
8727 8727 25696 25696 18889
9005 9005 23433 23433 18886
6903 6903 29283 29283 18885
7170 7170 21749 21749 18882
11056 11056 19050 19050 18877
2832 2832 24604 24604 18876
4645 4645 21646 21646 18871
1866 1866 22260 22260 18870
1334 1334 22627 22627 18867
8571 8571 25390 25390 18867
630 630 24245 24245 18858
4663 4663 29145 29145 18850
4863 4863 24389 24389 18842
9258 9258 28618 28618 18838
3122 3122 21328 21328 18836
7788 7788 22998 22998 18833
10815 10815 29908 29908 18829
6687 6687 21563 21563 18827
5605 5605 25125 25125 18824
1879 1879 25893 25893 18822
325 325 22475 22475 18820
2877 2877 20320 20320 18817
1210 1210 28410 28410 18817
1642 1642 21873 21873 18808
1795 1795 22860 22860 18807
3369 3369 28407 28407 18807
3833 3833 27926 27926 18806
8498 8498 27060 27060 18803
798 798 22678 22678 18797
9102 9102 26523 26523 18796
9483 9483 28007 28007 18794
10123 10123 21940 21940 18793
410 410 23108 23108 18789
2543 2543 21950 21950 18787
2431 2431 26887 26887 18787
2567 2567 28495 28495 18787
9454 9454 29492 29492 18787
9227 9227 20595 20595 18785
9189 9189 23665 23665 18785
8267 8267 26647 26647 18783
6665 6665 24927 24927 18782
7595 7595 20360 20360 18781
6630 6630 28993 28993 18772
356 356 26318 26318 18765
10686 10686 25081 25081 18764
8876 8876 25340 25340 18763
2399 2399 23834 23834 18760
4079 4079 20120 20120 18755
2676 2676 23001 23001 18752
2849 2849 25897 25897 18741
7723 7723 27941 27941 18740
4276 4276 28912 28912 18736
5838 5838 24346 24346 18732
5099 5099 25922 25922 18718
5138 5138 19246 19246 18717
131 131 19256 19256 18714
11149 11149 25713 25713 18711
8907 8907 25096 25096 18706
7210 7210 22648 22648 18693
4195 4195 20156 20156 18682
4184 4184 19927 19927 18680
2125 2125 22580 22580 18673
2631 2631 27396 27396 18671
3840 3840 26935 26935 18665
6533 6533 22040 22040 18664
5292 5292 21845 21845 18663
6873 6873 20681 20681 18662
480 480 20725 20725 18659
2940 2940 23603 23603 18659
1742 1742 28089 28089 18659
6558 6558 22489 22489 18658
9224 9224 29053 29053 18658
2729 2729 23015 23015 18648
8518 8518 20884 20884 18647
1927 1927 25348 25348 18647
10516 10516 26520 26520 18643
4141 4141 20412 20412 18636
1329 1329 27070 27070 18636
4066 4066 21316 21316 18634
8360 8360 29170 29170 18634
3517 3517 22286 22286 18630
6119 6119 21389 21389 18628
2003 2003 23459 23459 18626
318 318 27962 27962 18626
387 387 21967 21967 18621
8143 8143 22070 22070 18621
2202 2202 21332 21332 18619
1908 1908 20521 20521 18615
6833 6833 27742 27742 18613
6898 6898 22750 22750 18611
8821 8821 28466 28466 18611
862 862 25011 25011 18610
6071 6071 27500 27500 18609
6809 6809 22744 22744 18608
6979 6979 28852 28852 18608
8613 8613 25869 25869 18606
919 919 19276 19276 18594
2857 2857 28312 28312 18593
10967 10967 20266 20266 18587
9968 9968 28496 28496 18587
1249 1249 24189 24189 18586
3971 3971 19707 19707 18585
7344 7344 25602 25602 18585
3129 3129 23158 23158 18584
1229 1229 27340 27340 18580
3177 3177 21429 21429 18575
4357 4357 25536 25536 18575
7827 7827 25705 25705 18574
10270 10270 20626 20626 18570
10502 10502 25914 25914 18566
306 306 19035 19035 18565
2901 2901 23295 23295 18563
6535 6535 20307 20307 18562
316 316 22603 22603 18558
6349 6349 21848 21848 18553
10034 10034 24673 24673 18551
10135 10135 24146 24146 18549
3586 3586 21172 21172 18547
9846 9846 27957 27957 18547
1939 1939 29431 29431 18541
8399 8399 22931 22931 18536
1915 1915 28696 28696 18536
6491 6491 27721 27721 18535
2208 2208 28134 28134 18532
7922 7922 26932 26932 18522
10539 10539 24722 24722 18521
1549 1549 23452 23452 18519
3143 3143 28850 28850 18514
7677 7677 19991 19991 18509
4219 4219 19197 19197 18508
11068 11068 27459 27459 18508
8711 8711 19065 19065 18506
10662 10662 22483 22483 18506
1492 1492 19907 19907 18505
8200 8200 23646 23646 18502
7921 7921 25336 25336 18502
8136 8136 19372 19372 18501
6499 6499 29754 29754 18501
4150 4150 19443 19443 18499
2986 2986 29959 29959 18491
6252 6252 20543 20543 18489
4236 4236 22612 22612 18486
7578 7578 29866 29866 18484
10987 10987 22473 22473 18482
8435 8435 18854 18854 18480
3719 3719 25259 25259 18480
9508 9508 18562 18562 18479
4828 4828 21704 21704 18476
8437 8437 20184 20184 18475
11012 11012 21643 21643 18475
1323 1323 25326 25326 18474
9365 9365 26309 26309 18470
2640 2640 29060 29060 18469
9396 9396 26854 26854 18464
5908 5908 26507 26507 18452
1897 1897 29133 29133 18450
9866 9866 22287 22287 18446
8653 8653 21414 21414 18439
3702 3702 21889 21889 18438
10649 10649 28816 28816 18435
8133 8133 26379 26379 18431
1191 1191 24335 24335 18429
5897 5897 28215 28215 18429
8372 8372 20057 20057 18426
2240 2240 23336 23336 18423
7463 7463 27186 27186 18423
8012 8012 26776 26776 18420
2972 2972 20697 20697 18407
5935 5935 26431 26431 18401
10732 10732 19636 19636 18399
2665 2665 21036 21036 18395
9147 9147 21895 21895 18391
2809 2809 23843 23843 18386
8365 8365 21194 21194 18384
1222 1222 28340 28340 18383
3939 3939 18894 18894 18379
476 476 23232 23232 18374
1384 1384 26484 26484 18370
2725 2725 29575 29575 18370
335 335 26393 26393 18366
5753 5753 27051 27051 18364
8007 8007 21914 21914 18362
6439 6439 22685 22685 18361
5913 5913 25241 25241 18357
6952 6952 25173 25173 18353
6304 6304 29175 29175 18352
10563 10563 22971 22971 18350
6847 6847 23046 23046 18335
10459 10459 20689 20689 18331
2825 2825 19371 19371 18327
8114 8114 21053 21053 18323
1040 1040 25803 25803 18320
10847 10847 20942 20942 18310
6517 6517 20615 20615 18309
1361 1361 23945 23945 18308
2765 2765 27112 27112 18307
9743 9743 22821 22821 18300
4205 4205 19386 19386 18296
6436 6436 26229 26229 18295
7594 7594 29864 29864 18290
530 530 21397 21397 18289
7406 7406 18305 18305 18287
10925 10925 21064 21064 18284
1317 1317 28524 28524 18283
656 656 18629 18629 18275
3555 3555 21674 21674 18269
5840 5840 20501 20501 18268
638 638 20705 20705 18265
2816 2816 21727 21727 18262
3263 3263 28893 28893 18259
8715 8715 24492 24492 18258
6032 6032 20386 20386 18254
9201 9201 29664 29664 18253
10982 10982 22588 22588 18252
7529 7529 21600 21600 18249
1 1 23099 23099 18249
5211 5211 24575 24575 18246
9608 9608 20504 20504 18245
3089 3089 26527 26527 18241
5257 5257 23195 23195 18240
10418 10418 19215 19215 18239
861 861 29533 29533 18237
7403 7403 29765 29765 18235
9549 9549 28880 28880 18234
2801 2801 19720 19720 18231
5509 5509 23086 23086 18231
8336 8336 26954 26954 18230
6895 6895 25146 25146 18228
6854 6854 28830 28830 18226
5298 5298 23029 23029 18219
5446 5446 27333 27333 18219
3663 3663 20933 20933 18218
5233 5233 27107 27107 18217
93 93 23143 23143 18216
9821 9821 23214 23214 18213
7640 7640 27868 27868 18209
7848 7848 23623 23623 18206
7136 7136 24730 24730 18204
774 774 23757 23757 18201
9400 9400 22150 22150 18199
4733 4733 25977 25977 18199
550 550 18554 18554 18198
3134 3134 24359 24359 18196
7802 7802 25709 25709 18195
11363 11363 22223 22223 18193
11344 11344 25940 25940 18193
1339 1339 28775 28775 18192
5315 5315 29413 29413 18190
11236 11236 20767 20767 18187
2201 2201 24853 24853 18182
674 674 29814 29814 18182
10605 10605 18885 18885 18181
3746 3746 19545 19545 18177
6204 6204 25633 25633 18171
11499 11499 29127 29127 18171
455 455 29073 29073 18170
3160 3160 28509 28509 18167
4516 4516 24530 24530 18166
1771 1771 21653 21653 18161
9601 9601 23039 23039 18161
288 288 23589 23589 18161
3084 3084 26287 26287 18156
5380 5380 29782 29782 18156
11621 11621 24101 24101 18146
6038 6038 28475 28475 18142
73 73 27626 27626 18140
2070 2070 28714 28714 18140
10821 10821 18436 18436 18138
8263 8263 22389 22389 18135
10879 10879 19355 19355 18133
3172 3172 22331 22331 18133
3890 3890 18780 18780 18128
10938 10938 23280 23280 18127
9067 9067 23523 23523 18126
5160 5160 28761 28761 18124
7888 7888 21516 21516 18120
10973 10973 25995 25995 18117
11198 11198 20717 20717 18108
4418 4418 23388 23388 18108
728 728 23590 23590 18103
1734 1734 21788 21788 18096
7756 7756 22595 22595 18094
1821 1821 22844 22844 18094
324 324 25132 25132 18093
7830 7830 29712 29712 18085
9898 9898 24928 24928 18084
2167 2167 23687 23687 18079
11483 11483 29620 29620 18079
479 479 20294 20294 18078
5905 5905 20742 20742 18075
10041 10041 29925 29925 18069
5835 5835 23411 23411 18066
1282 1282 19328 19328 18064
2490 2490 22530 22530 18062
2633 2633 29440 29440 18062
2769 2769 24459 24459 18060
2264 2264 24702 24702 18057
4091 4091 29677 29677 18055
8759 8759 24735 24735 18049
9001 9001 25751 25751 18047
7626 7626 26706 26706 18044
3339 3339 27924 27924 18044
4183 4183 24624 24624 18043
10 10 19664 19664 18039
3266 3266 26659 26659 18036
9368 9368 23193 23193 18033
211 211 28969 28969 18031
4201 4201 24867 24867 18030
6985 6985 26160 26160 18026
5718 5718 19376 19376 18025
3121 3121 28106 28106 18024
3470 3470 29042 29042 18015
10288 10288 28221 28221 18006
1679 1679 20865 20865 17995
10678 10678 27754 27754 17992
10109 10109 29528 29528 17991
3861 3861 22755 22755 17985
3916 3916 27422 27422 17984
7946 7946 18008 18008 17983
6202 6202 21499 21499 17982
5617 5617 19265 19265 17980
1147 1147 21827 21827 17979
10728 10728 19335 19335 17974
11776 11776 22516 22516 17973
11123 11123 28432 28432 17973
639 639 27066 27066 17972
9513 9513 23810 23810 17971
4709 4709 26027 26027 17971
5118 5118 29263 29263 17971
3400 3400 21742 21742 17970
11568 11568 22018 22018 17970
2482 2482 23007 23007 17968
11426 11426 26905 26905 17968
9222 9222 23885 23885 17966
7912 7912 25045 25045 17966
8086 8086 22414 22414 17958
88 88 28900 28900 17958
3948 3948 27308 27308 17954
4919 4919 21468 21468 17952
10378 10378 25242 25242 17952
9883 9883 19302 19302 17948
7280 7280 23140 23140 17948
11376 11376 20551 20551 17947
6911 6911 28545 28545 17947
933 933 21092 21092 17941
3681 3681 29561 29561 17938
8376 8376 23229 23229 17936
9702 9702 20284 20284 17933
10571 10571 23507 23507 17930
6743 6743 22766 22766 17923
10499 10499 18016 18016 17915
4414 4414 26402 26402 17915
362 362 25389 25389 17914
11191 11191 20130 20130 17913
4839 4839 25453 25453 17904
8476 8476 21944 21944 17903
11132 11132 29024 29024 17903
11737 11737 18961 18961 17902
11982 11982 20364 20364 17902
941 941 27185 27185 17902
11207 11207 26549 26549 17900
4917 4917 22420 22420 17898
475 475 22903 22903 17891
11552 11552 22529 22529 17890
9900 9900 21269 21269 17889
3245 3245 23498 23498 17887
1401 1401 28870 28870 17885
3728 3728 27533 27533 17881
6302 6302 23351 23351 17880
886 886 20680 20680 17877
8999 8999 20369 20369 17876
1810 1810 26294 26294 17873
7255 7255 28634 28634 17872
3523 3523 25645 25645 17869
11019 11019 26740 26740 17868
5782 5782 24223 24223 17861
83 83 18849 18849 17857
9125 9125 23265 23265 17856
3461 3461 18839 18839 17848
4375 4375 18779 18779 17846
7629 7629 23701 23701 17846
1583 1583 20209 20209 17845
8930 8930 20097 20097 17842
9674 9674 21577 21577 17842
7934 7934 28219 28219 17841
3071 3071 18731 18731 17840
7443 7443 27892 27892 17840
7088 7088 23343 23343 17838
7777 7777 29697 29697 17837
9262 9262 22264 22264 17835
7747 7747 18494 18494 17830
5266 5266 21167 21167 17830
118 118 23857 23857 17830
1789 1789 28681 28681 17828
7623 7623 17915 17915 17827
8678 8678 25084 25084 17824
3682 3682 23160 23160 17820
6128 6128 29274 29274 17817
10849 10849 25854 25854 17816
10565 10565 24976 24976 17814
8043 8043 21929 21929 17809
5024 5024 25571 25571 17809
10026 10026 25584 25584 17809
7870 7870 21813 21813 17806
11886 11886 27423 27423 17805
5570 5570 18190 18190 17803
2135 2135 21919 21919 17800
11500 11500 18522 18522 17799
2001 2001 22914 22914 17799
665 665 18814 18814 17795
11307 11307 25297 25297 17791
8617 8617 28245 28245 17789
10978 10978 18430 18430 17785
11413 11413 29740 29740 17783
2170 2170 29850 29850 17783
12006 12006 26018 26018 17780
249 249 19660 19660 17777
5945 5945 21143 21143 17775
618 618 22031 22031 17774
6244 6244 22579 22579 17766
9440 9440 19641 19641 17760
7741 7741 29262 29262 17759
7876 7876 25706 25706 17756
1443 1443 22017 22017 17751
11859 11859 24248 24248 17745
4831 4831 22042 22042 17744
11955 11955 27768 27768 17741
11204 11204 25414 25414 17736
3433 3433 28194 28194 17730
7230 7230 20080 20080 17727
2258 2258 22507 22507 17727
3870 3870 26014 26014 17726
5448 5448 19956 19956 17725
5109 5109 21443 21443 17725
10757 10757 18056 18056 17724
2079 2079 17972 17972 17722
5372 5372 23154 23154 17722
11134 11134 24845 24845 17721
8485 8485 26563 26563 17717
3289 3289 21549 21549 17710
7161 7161 23348 23348 17708
7312 7312 26898 26898 17706
2210 2210 22573 22573 17704
1115 1115 25923 25923 17701
350 350 21984 21984 17700
1956 1956 23947 23947 17700
5852 5852 29383 29383 17700
7342 7342 17769 17769 17698
11796 11796 23270 23270 17697
2456 2456 26082 26082 17695
8860 8860 18022 18022 17694
243 243 20548 20548 17693
8184 8184 20877 20877 17693
9341 9341 25586 25586 17690
10163 10163 27245 27245 17685
9200 9200 19354 19354 17674
11564 11564 26290 26290 17670
1857 1857 28421 28421 17670
4282 4282 20779 20779 17667
10825 10825 20684 20684 17664
1667 1667 21289 21289 17663
1907 1907 23120 23120 17660
9054 9054 26900 26900 17660
4974 4974 22676 22676 17658
3483 3483 20708 20708 17655
544 544 26135 26135 17653
3381 3381 21898 21898 17647
10342 10342 23587 23587 17645
12047 12047 24339 24339 17642
4005 4005 19615 19615 17638
5949 5949 24704 24704 17638
9671 9671 26888 26888 17635
3105 3105 22614 22614 17633
9935 9935 24784 24784 17625
7748 7748 25246 25246 17625
1777 1777 22882 22882 17624
428 428 20482 20482 17623
11314 11314 27956 27956 17621
4656 4656 24562 24562 17615
5309 5309 23004 23004 17614
11421 11421 23380 23380 17612
8149 8149 23975 23975 17608
10623 10623 18906 18906 17606
6209 6209 21495 21495 17602
1855 1855 18757 18757 17581
5542 5542 29414 29414 17581
8655 8655 20139 20139 17579
3220 3220 24363 24363 17579
4278 4278 19445 19445 17577
403 403 18822 18822 17574
1464 1464 19304 19304 17570
11278 11278 26363 26363 17570
1658 1658 20220 20220 17566
5128 5128 24156 24156 17566
1664 1664 19389 19389 17563
3230 3230 24791 24791 17560
637 637 20900 20900 17556
8875 8875 21527 21527 17556
1257 1257 23632 23632 17552
2544 2544 22834 22834 17551
977 977 19756 19756 17545
4801 4801 28751 28751 17542
9369 9369 29832 29832 17542
1038 1038 19177 19177 17538
7063 7063 17548 17548 17537
6288 6288 26850 26850 17529
12278 12278 22824 22824 17528
718 718 17532 17532 17522
669 669 26448 26448 17516
6622 6622 27734 27734 17509
7364 7364 28365 28365 17507
72 72 19852 19852 17506
917 917 26837 26837 17506
7816 7816 19553 19553 17503
10424 10424 29853 29853 17503
1418 1418 21032 21032 17502
10154 10154 28207 28207 17501
4615 4615 28249 28249 17499
7185 7185 20791 20791 17497
10955 10955 24884 24884 17496
2837 2837 26114 26114 17495
5529 5529 28812 28812 17488
4569 4569 21419 21419 17481
6772 6772 18587 18587 17477
1686 1686 21840 21840 17477
8152 8152 27986 27986 17475
8911 8911 28862 28862 17474
8391 8391 22369 22369 17469
6766 6766 25860 25860 17468
7937 7937 27420 27420 17462
1110 1110 29296 29296 17462
6586 6586 25060 25060 17456
6097 6097 27435 27435 17454
7944 7944 27693 27693 17454
5991 5991 18028 18028 17450
4931 4931 25115 25115 17448
7771 7771 19257 19257 17446
1085 1085 21539 21539 17445
8962 8962 17486 17486 17437
11922 11922 19268 19268 17437
999 999 26426 26426 17436
572 572 18774 18774 17433
8033 8033 19983 19983 17433
9020 9020 27011 27011 17432
9716 9716 20768 20768 17426
671 671 22784 22784 17425
8980 8980 25409 25409 17423
4938 4938 28331 28331 17419
7141 7141 26131 26131 17412
4400 4400 29045 29045 17411
5293 5293 28752 28752 17410
6562 6562 24191 24191 17406
7782 7782 25903 25903 17396
8331 8331 25316 25316 17394
10509 10509 19281 19281 17392
2824 2824 18798 18798 17391
4260 4260 19875 19875 17391
5959 5959 21127 21127 17391
8591 8591 27577 27577 17384
804 804 28155 28155 17384
7521 7521 28619 28619 17384
7935 7935 25066 25066 17383
8932 8932 22201 22201 17379
712 712 24962 24962 17378
5921 5921 25047 25047 17377
8458 8458 27527 27527 17377
317 317 17416 17416 17376
8589 8589 28020 28020 17376
8492 8492 22464 22464 17375
6317 6317 19930 19930 17373
11534 11534 29254 29254 17373
9607 9607 20206 20206 17372
5981 5981 24889 24889 17372
11780 11780 25222 25222 17371
5868 5868 27061 27061 17371
9083 9083 28180 28180 17371
11208 11208 29656 29656 17369
10864 10864 20887 20887 17366
1084 1084 23789 23789 17365
6798 6798 27931 27931 17363
12473 12473 18517 18517 17362
8744 8744 21799 21799 17361
5626 5626 24763 24763 17361
11749 11749 25258 25258 17361
5502 5502 28876 28876 17352
5231 5231 23937 23937 17351
6121 6121 23894 23894 17350
10022 10022 26590 26590 17349
10050 10050 21453 21453 17348
6864 6864 20273 20273 17347
10349 10349 27749 27749 17346
9980 9980 21815 21815 17345
1569 1569 27666 27666 17344
2840 2840 28864 28864 17344
6667 6667 25080 25080 17343
6220 6220 18167 18167 17340
2451 2451 27744 27744 17336
5902 5902 19800 19800 17335
12264 12264 17562 17562 17334
7798 7798 18336 18336 17333
5536 5536 26130 26130 17333
6189 6189 19996 19996 17330
3261 3261 28062 28062 17326
796 796 25482 25482 17323
4307 4307 21681 21681 17322
4462 4462 27356 27356 17322
9573 9573 19546 19546 17321
3093 3093 21908 21908 17320
7995 7995 27752 27752 17320
9170 9170 26682 26682 17319
7774 7774 23547 23547 17317
9335 9335 17958 17958 17315
11902 11902 25947 25947 17314
1726 1726 25662 25662 17311
7576 7576 17733 17733 17308
4777 4777 25358 25358 17307
9267 9267 21476 21476 17303
1612 1612 28493 28493 17301
2882 2882 20983 20983 17296
12257 12257 22749 22749 17296
3810 3810 22501 22501 17294
5574 5574 26814 26814 17294
11829 11829 17683 17683 17293
6819 6819 28854 28854 17292
924 924 28514 28514 17288
8645 8645 27972 27972 17285
12093 12093 21666 21666 17283
10566 10566 27273 27273 17282
9559 9559 21046 21046 17279
11627 11627 26790 26790 17279
5778 5778 29540 29540 17277
9708 9708 19001 19001 17275
9339 9339 20196 20196 17268
435 435 28439 28439 17268
4001 4001 17842 17842 17267
12132 12132 27503 27503 17267
12107 12107 29572 29572 17266
8432 8432 27000 27000 17263
3215 3215 28556 28556 17263
3497 3497 17976 17976 17257
11906 11906 23721 23721 17253
5323 5323 23253 23253 17251
3294 3294 24106 24106 17251
3163 3163 29361 29361 17251
881 881 25855 25855 17250
10963 10963 19464 19464 17249
6053 6053 21905 21905 17249
6829 6829 21693 21693 17240
12642 12642 22202 22202 17232
3801 3801 23669 23669 17232
3053 3053 23230 23230 17221
687 687 23420 23420 17220
2334 2334 19405 19405 17212
2803 2803 22135 22135 17212
5616 5616 20808 20808 17211
1800 1800 25175 25175 17207
11551 11551 25356 25356 17206
7805 7805 20939 20939 17202
8609 8609 24411 24411 17200
12231 12231 25731 25731 17200
6004 6004 18770 18770 17199
2261 2261 20765 20765 17195
6142 6142 18278 18278 17193
2727 2727 26795 26795 17192
61 61 18355 18355 17188
653 653 28176 28176 17186
7302 7302 18038 18038 17175
138 138 19563 19563 17172
951 951 20213 20213 17171
7602 7602 21318 21318 17170
10746 10746 22919 22919 17165
9150 9150 29801 29801 17162
1539 1539 28306 28306 17159
12248 12248 17596 17596 17158
8366 8366 25183 25183 17152
12404 12404 27652 27652 17149
9359 9359 21719 21719 17147
3082 3082 24419 24419 17144
12179 12179 17917 17917 17142
2101 2101 25919 25919 17139
9672 9672 20463 20463 17137
5539 5539 25623 25623 17137
8657 8657 29359 29359 17137
879 879 29648 29648 17137
4297 4297 20805 20805 17129
7256 7256 17313 17313 17128
11224 11224 17433 17433 17124
8273 8273 20675 20675 17124
12586 12586 26060 26060 17124
1053 1053 27452 27452 17121
633 633 18501 18501 17120
10328 10328 29497 29497 17119
3367 3367 29852 29852 17119
4332 4332 29066 29066 17099
3030 3030 29382 29382 17099
779 779 18735 18735 17097
12165 12165 20341 20341 17096
2118 2118 25564 25564 17096
11293 11293 28080 28080 17093
5431 5431 21555 21555 17090
7249 7249 28506 28506 17090
7467 7467 23823 23823 17089
10230 10230 19792 19792 17084
64 64 26744 26744 17083
4551 4551 28414 28414 17082
8534 8534 26356 26356 17080
11091 11091 20237 20237 17078
1614 1614 20390 20390 17074
6190 6190 21174 21174 17074
3405 3405 25537 25537 17074
9815 9815 22398 22398 17073
11081 11081 29599 29599 17073
5472 5472 20962 20962 17068
9819 9819 25577 25577 17068
10941 10941 18915 18915 17067
164 164 19626 19626 17067
6861 6861 23510 23510 17066
9032 9032 23173 23173 17065
10920 10920 20059 20059 17063
5621 5621 21334 21334 17060
1023 1023 27076 27076 17059
11408 11408 18612 18612 17057
11544 11544 19395 19395 17056
11603 11603 27275 27275 17056
6411 6411 27841 27841 17056
5708 5708 24671 24671 17054
11723 11723 22036 22036 17051
499 499 22812 22812 17045
847 847 18161 18161 17044
5999 5999 24792 24792 17043
9161 9161 21676 21676 17039
9241 9241 21803 21803 17038
8258 8258 25287 25287 17029
10066 10066 21675 21675 17028
3994 3994 28952 28952 17024
1211 1211 18130 18130 17022
7940 7940 24367 24367 17021
5065 5065 26324 26324 17020
7184 7184 24885 24885 17018
3731 3731 22221 22221 17017
7699 7699 17356 17356 17015
12500 12500 22378 22378 17015
3520 3520 20185 20185 17010
3906 3906 19861 19861 17008
4424 4424 17507 17507 17005
12726 12726 21058 21058 17003
6896 6896 22386 22386 17002
3578 3578 26906 26906 16999
1631 1631 28627 28627 16997
2787 2787 26943 26943 16996
3225 3225 25870 25870 16995
3290 3290 22021 22021 16994
405 405 21408 21408 16987
9747 9747 23948 23948 16986
4756 4756 20547 20547 16983
11948 11948 26159 26159 16983
3550 3550 19575 19575 16982
12054 12054 24166 24166 16982
7579 7579 20316 20316 16980
2278 2278 26458 26458 16979
2564 2564 19849 19849 16978
2199 2199 28790 28790 16978
4741 4741 29227 29227 16974
5693 5693 23639 23639 16973
11471 11471 20361 20361 16972
7969 7969 20664 20664 16970
9207 9207 20445 20445 16969
11642 11642 25668 25668 16969
12865 12865 28462 28462 16968
12322 12322 19339 19339 16967
2761 2761 18361 18361 16962
12046 12046 18250 18250 16958
9242 9242 21309 21309 16956
5213 5213 22188 22188 16949
7346 7346 23390 23390 16944
4371 4371 24249 24249 16944
12772 12772 26411 26411 16941
1528 1528 23083 23083 16939
6589 6589 25573 25573 16933
2499 2499 23634 23634 16931
5280 5280 19569 19569 16925
9163 9163 25872 25872 16923
1112 1112 20141 20141 16916
328 328 26333 26333 16913
8024 8024 25970 25970 16912
5553 5553 17077 17077 16909
6749 6749 18525 18525 16909
9594 9594 19886 19886 16909
8905 8905 21087 21087 16906
4523 4523 23980 23980 16906
8373 8373 25704 25704 16905
9460 9460 24894 24894 16903
11777 11777 26966 26966 16902
5725 5725 28488 28488 16899
6229 6229 17996 17996 16897
776 776 23300 23300 16895
7324 7324 20971 20971 16892
5528 5528 28570 28570 16892
10494 10494 19673 19673 16891
236 236 29924 29924 16890
4988 4988 25976 25976 16885
8201 8201 19214 19214 16884
10636 10636 21497 21497 16884
7124 7124 21789 21789 16881
10900 10900 22435 22435 16881
7447 7447 26879 26879 16877
9016 9016 27823 27823 16872
10259 10259 16941 16941 16868
10654 10654 17766 17766 16868
9951 9951 29377 29377 16864
9544 9544 26425 26425 16863
4110 4110 25399 25399 16862
3043 3043 22365 22365 16858
7600 7600 27737 27737 16858
6575 6575 26982 26982 16855
2178 2178 26069 26069 16840
303 303 25426 25426 16839
6983 6983 17941 17941 16836
11646 11646 22977 22977 16835
6726 6726 19711 19711 16834
2634 2634 25763 25763 16834
12166 12166 23136 23136 16830
5061 5061 21552 21552 16829
3846 3846 26479 26479 16828
4012 4012 18676 18676 16826
761 761 26589 26589 16822
10723 10723 27012 27012 16814
1217 1217 18209 18209 16812
5906 5906 29694 29694 16809
10593 10593 23536 23536 16806
9264 9264 28204 28204 16804
1118 1118 18225 18225 16802
3418 3418 19176 19176 16801
2351 2351 28230 28230 16801
2746 2746 23868 23868 16798
5801 5801 25825 25825 16798
8722 8722 17933 17933 16790
3695 3695 25193 25193 16790
9867 9867 29511 29511 16781
10409 10409 29805 29805 16781
8090 8090 27209 27209 16776
10656 10656 27873 27873 16776
3486 3486 26692 26692 16774
206 206 27826 27826 16771
388 388 22769 22769 16770
4853 4853 26258 26258 16770
7043 7043 28726 28726 16770
10235 10235 26779 26779 16766
3057 3057 18091 18091 16763
3436 3436 21496 21496 16762
8834 8834 20512 20512 16761
11528 11528 21723 21723 16760
12902 12902 27950 27950 16757
12757 12757 29568 29568 16757
3419 3419 22663 22663 16756
3087 3087 26339 26339 16755
3571 3571 20440 20440 16754
832 832 26213 26213 16752
13151 13151 17986 17986 16746
8542 8542 21368 21368 16744
2031 2031 21857 21857 16741
4033 4033 26234 26234 16740
9697 9697 17625 17625 16730
6147 6147 25091 25091 16730
1886 1886 22878 22878 16729
2161 2161 20797 20797 16727
1958 1958 27748 27748 16727
3789 3789 25792 25792 16722
11699 11699 23151 23151 16720
7851 7851 24817 24817 16716
6956 6956 26569 26569 16710
11672 11672 17086 17086 16705
4423 4423 24678 24678 16703
3639 3639 26719 26719 16701
9177 9177 27813 27813 16697
1380 1380 29798 29798 16696
3969 3969 20136 20136 16695
1941 1941 28828 28828 16695
1581 1581 20411 20411 16692
12214 12214 26614 26614 16684
13150 13150 21720 21720 16678
11049 11049 29438 29438 16678
7250 7250 22892 22892 16674
2102 2102 21756 21756 16669
6789 6789 17667 17667 16666
4326 4326 24463 24463 16666
7616 7616 26857 26857 16665
2204 2204 29532 29532 16664
431 431 28894 28894 16659
1235 1235 19978 19978 16657
8784 8784 27025 27025 16657
12475 12475 25197 25197 16655
18 18 21900 21900 16654
3627 3627 25339 25339 16653
10835 10835 25199 25199 16652
3153 3153 22488 22488 16650
10149 10149 23693 23693 16649
1092 1092 25525 25525 16646
1027 1027 17779 17779 16640
2488 2488 25936 25936 16639
8287 8287 20949 20949 16638
6603 6603 27330 27330 16637
3176 3176 26680 26680 16636
2243 2243 28666 28666 16632
3409 3409 22337 22337 16628
13109 13109 28337 28337 16628
6509 6509 24811 24811 16626
1295 1295 27648 27648 16624
2785 2785 25290 25290 16623
1427 1427 27377 27377 16621
3394 3394 18286 18286 16620
2486 2486 22841 22841 16619
10374 10374 27785 27785 16619
4750 4750 18165 18165 16618
5048 5048 29521 29521 16618
8235 8235 29348 29348 16610
4794 4794 26813 26813 16604
10030 10030 19885 19885 16603
10603 10603 20212 20212 16598
9130 9130 16876 16876 16597
11764 11764 18833 18833 16593
5884 5884 26360 26360 16592
6316 6316 27038 27038 16588
853 853 20574 20574 16585
3353 3353 21119 21119 16585
4752 4752 25580 25580 16585
10715 10715 29392 29392 16585
7739 7739 18409 18409 16584
10096 10096 22024 22024 16582
2023 2023 19729 19729 16581
11620 11620 25901 25901 16581
7999 7999 25886 25886 16579
454 454 28594 28594 16575
7661 7661 16930 16930 16573
122 122 26815 26815 16572
8102 8102 18109 18109 16568
7120 7120 20132 20132 16567
11223 11223 23542 23542 16564
4198 4198 20452 20452 16562
1442 1442 27624 27624 16561
2492 2492 28099 28099 16561
8588 8588 19290 19290 16558
462 462 28208 28208 16558
3744 3744 22302 22302 16555
4122 4122 28720 28720 16555
8790 8790 24968 24968 16552
2191 2191 29787 29787 16552
4289 4289 17443 17443 16550
8636 8636 23070 23070 16550
10855 10855 27190 27190 16550
4886 4886 27959 27959 16550
5819 5819 17057 17057 16548
10325 10325 20905 20905 16548
4782 4782 21972 21972 16546
8302 8302 27054 27054 16545
2548 2548 29489 29489 16544
6114 6114 25114 25114 16536
9041 9041 25274 25274 16536
10555 10555 28743 28743 16535
7639 7639 16896 16896 16534
6224 6224 22893 22893 16533
47 47 23867 23867 16532
260 260 18472 18472 16530
10436 10436 17299 17299 16529
1706 1706 20641 20641 16529
6449 6449 21489 21489 16528
3562 3562 18365 18365 16526
13293 13293 21777 21777 16526
7023 7023 26405 26405 16526
7248 7248 18827 18827 16520
