13 13 29897 29897 29797
228 228 29904 29904 29660
275 275 29932 29932 29518
98 98 29996 29996 29514
92 92 29958 29958 29462
292 292 29964 29964 29447
605 605 29748 29748 29365
58 58 29894 29894 29359
78 78 29868 29868 29311
154 154 29356 29356 29295
220 220 29602 29602 29278
60 60 29552 29552 29224
780 780 29634 29634 29215
768 768 29595 29595 29189
579 579 29810 29810 29165
628 628 29295 29295 29150
76 76 29219 29219 29116
765 765 29805 29805 29026
635 635 29043 29043 29025
612 612 29684 29684 29003
717 717 29762 29762 28977
469 469 29142 29142 28959
743 743 29156 29156 28956
827 827 29474 29474 28922
299 299 29075 29075 28916
1020 1020 29928 29928 28856
709 709 29508 29508 28838
106 106 28883 28883 28781
706 706 29276 29276 28771
155 155 29196 29196 28760
988 988 29358 29358 28754
686 686 29540 29540 28749
619 619 29513 29513 28744
490 490 29942 29942 28737
652 652 29107 29107 28678
801 801 29652 29652 28670
260 260 29624 29624 28638
522 522 29324 29324 28634
1127 1127 29719 29719 28615
588 588 29555 29555 28605
971 971 28712 28712 28601
1309 1309 29241 29241 28567
96 96 29331 29331 28524
1115 1115 28862 28862 28523
1295 1295 29217 29217 28507
519 519 29832 29832 28498
474 474 28626 28626 28495
670 670 28502 28502 28493
769 769 28655 28655 28467
600 600 29426 29426 28430
1034 1034 29803 29803 28394
964 964 29789 29789 28390
1011 1011 28809 28809 28374
763 763 29976 29976 28373
1379 1379 28720 28720 28349
695 695 28665 28665 28332
1204 1204 28898 28898 28309
1262 1262 29026 29026 28308
692 692 29275 29275 28299
1333 1333 28717 28717 28261
1543 1543 29730 29730 28248
1380 1380 28363 28363 28226
1567 1567 29034 29034 28224
672 672 28563 28563 28204
151 151 29604 29604 28180
576 576 29310 29310 28147
1803 1803 28890 28890 28144
1488 1488 29858 29858 28141
148 148 28418 28418 28091
1646 1646 28724 28724 28058
86 86 28201 28201 28053
1459 1459 28949 28949 28043
644 644 29259 29259 28028
849 849 28368 28368 28024
850 850 28773 28773 28015
1944 1944 28169 28169 28007
1088 1088 29883 29883 28001
1481 1481 29931 29931 27994
1426 1426 28796 28796 27983
394 394 29736 29736 27975
1097 1097 29247 29247 27969
739 739 28725 28725 27957
1285 1285 29252 29252 27948
321 321 29825 29825 27944
1019 1019 29626 29626 27937
443 443 27965 27965 27898
1975 1975 29870 29870 27858
1648 1648 28305 28305 27829
1410 1410 28340 28340 27804
1992 1992 29757 29757 27803
1015 1015 29246 29246 27802
887 887 29108 29108 27798
1571 1571 28526 28526 27796
186 186 29654 29654 27789
123 123 29164 29164 27746
700 700 29422 29422 27737
1243 1243 29515 29515 27686
785 785 29812 29812 27670
2329 2329 28812 28812 27670
173 173 29036 29036 27669
1159 1159 29599 29599 27644
1323 1323 28802 28802 27642
622 622 29714 29714 27629
1651 1651 29303 29303 27628
758 758 29008 29008 27625
1834 1834 29986 29986 27605
2349 2349 29769 29769 27578
1050 1050 29427 29427 27550
25 25 28784 28784 27543
412 412 29269 29269 27542
950 950 28114 28114 27538
1772 1772 27768 27768 27502
1802 1802 29819 29819 27498
1610 1610 27746 27746 27491
1618 1618 28384 28384 27487
749 749 28433 28433 27474
1033 1033 27873 27873 27467
1864 1864 28398 28398 27454
2248 2248 27963 27963 27453
488 488 29425 29425 27452
553 553 29691 29691 27390
2025 2025 27942 27942 27385
2008 2008 28342 28342 27367
2604 2604 29348 29348 27331
37 37 28629 28629 27316
2012 2012 27621 27621 27316
1439 1439 28426 28426 27294
818 818 29776 29776 27282
2175 2175 28673 28673 27282
1255 1255 29136 29136 27280
1078 1078 28989 28989 27261
1687 1687 28775 28775 27255
2412 2412 27964 27964 27250
1226 1226 29693 29693 27236
317 317 27375 27375 27231
2421 2421 27404 27404 27223
774 774 29371 29371 27208
1 1 29831 29831 27203
165 165 29270 29270 27197
1787 1787 28708 28708 27168
2026 2026 27712 27712 27155
1053 1053 28905 28905 27145
631 631 29686 29686 27120
112 112 29921 29921 27114
1845 1845 27427 27427 27104
2236 2236 28975 28975 27102
333 333 28425 28425 27099
2212 2212 27510 27510 27090
1988 1988 27215 27215 27086
2534 2534 29759 29759 27068
1735 1735 27842 27842 27051
2737 2737 28653 28653 27021
2861 2861 27288 27288 27004
2618 2618 28057 28057 27001
54 54 28089 28089 26975
637 637 29547 29547 26969
243 243 27596 27596 26941
1835 1835 28259 28259 26917
1713 1713 29588 29588 26915
833 833 27671 27671 26911
105 105 29746 29746 26907
912 912 27821 27821 26888
2892 2892 26912 26912 26880
1576 1576 28929 28929 26877
2377 2377 27756 27756 26866
2483 2483 28389 28389 26861
1782 1782 27764 27764 26855
2697 2697 29839 29839 26843
1241 1241 28617 28617 26832
2586 2586 27835 27835 26805
202 202 29447 29447 26799
1984 1984 29900 29900 26799
2218 2218 28168 28168 26773
1891 1891 27926 27926 26768
552 552 29233 29233 26758
1608 1608 28445 28445 26749
1638 1638 27670 27670 26715
2972 2972 27923 27923 26691
1388 1388 27875 27875 26686
1747 1747 29750 29750 26679
242 242 29749 29749 26674
1411 1411 27636 27636 26664
590 590 28116 28116 26658
464 464 29161 29161 26653
413 413 26962 26962 26649
1293 1293 27791 27791 26637
3259 3259 29215 29215 26621
1187 1187 29330 29330 26616
263 263 28947 28947 26609
2659 2659 29934 29934 26605
2336 2336 28496 28496 26595
2704 2704 26771 26771 26571
418 418 26753 26753 26545
2358 2358 29837 29837 26539
115 115 29060 29060 26536
3223 3223 28238 28238 26525
71 71 28420 28420 26517
2064 2064 29594 29594 26516
1765 1765 29349 29349 26512
538 538 28277 28277 26500
858 858 29606 29606 26500
874 874 28524 28524 26469
2354 2354 29463 29463 26469
3045 3045 27397 27397 26467
627 627 29917 29917 26463
2003 2003 28411 28411 26451
172 172 28716 28716 26445
1573 1573 28556 28556 26436
585 585 29677 29677 26435
1983 1983 29863 29863 26433
2546 2546 28208 28208 26424
991 991 28240 28240 26423
3465 3465 26743 26743 26414
2953 2953 29473 29473 26412
2809 2809 28887 28887 26409
2603 2603 28517 28517 26405
1276 1276 27750 27750 26377
2285 2285 29314 29314 26369
650 650 27762 27762 26357
2211 2211 27015 27015 26350
1448 1448 28968 28968 26338
3063 3063 28054 28054 26323
2467 2467 29642 29642 26320
3000 3000 28212 28212 26306
466 466 28940 28940 26297
499 499 26447 26447 26295
149 149 28852 28852 26284
1147 1147 27285 27285 26279
3622 3622 29683 29683 26276
3127 3127 28427 28427 26257
2511 2511 26591 26591 26218
2312 2312 27061 27061 26212
1316 1316 27273 27273 26211
283 283 28258 28258 26203
2201 2201 28359 28359 26184
3400 3400 29421 29421 26180
2475 2475 28771 28771 26156
2695 2695 29927 29927 26155
1431 1431 27501 27501 26153
3132 3132 27862 27862 26151
664 664 26955 26955 26141
3211 3211 27428 27428 26138
1893 1893 28659 28659 26128
1458 1458 27086 27086 26125
344 344 28053 28053 26110
77 77 28119 28119 26106
177 177 27990 27990 26096
3906 3906 26694 26694 26091
3903 3903 26859 26859 26087
1539 1539 28243 28243 26082
711 711 26522 26522 26080
1865 1865 29587 29587 26067
852 852 28127 28127 26062
3379 3379 29236 29236 26059
518 518 26340 26340 26053
3341 3341 28453 28453 26051
1121 1121 27321 27321 26044
350 350 28873 28873 26042
3402 3402 29235 29235 26019
938 938 29393 29393 25988
2524 2524 26820 26820 25985
138 138 27073 27073 25965
174 174 27628 27628 25963
1080 1080 26821 26821 25955
2394 2394 26440 26440 25951
3405 3405 26524 26524 25935
2151 2151 29370 29370 25933
3010 3010 29333 29333 25920
2821 2821 29502 29502 25917
1142 1142 27566 27566 25913
3791 3791 27123 27123 25903
905 905 28213 28213 25890
407 407 27488 27488 25873
2832 2832 26519 26519 25873
1839 1839 26682 26682 25870
1054 1054 28964 28964 25864
4026 4026 29495 29495 25856
878 878 27007 27007 25853
772 772 26778 26778 25848
1245 1245 26796 26796 25840
2106 2106 29977 29977 25839
879 879 26871 26871 25837
2203 2203 28313 28313 25832
868 868 26193 26193 25827
3019 3019 29321 29321 25825
2455 2455 27366 27366 25816
2921 2921 26628 26628 25814
1719 1719 26373 26373 25803
565 565 26200 26200 25796
1766 1766 26316 26316 25786
1040 1040 29257 29257 25781
2101 2101 26484 26484 25769
951 951 26798 26798 25769
2636 2636 29974 29974 25757
3658 3658 27839 27839 25753
1974 1974 29300 29300 25748
1615 1615 28644 28644 25742
302 302 27133 27133 25735
955 955 26758 26758 25732
3036 3036 27401 27401 25721
1710 1710 26881 26881 25715
3430 3430 29972 29972 25704
1141 1141 26047 26047 25696
3308 3308 27561 27561 25689
2728 2728 28278 28278 25689
722 722 27499 27499 25673
593 593 28392 28392 25671
1671 1671 29481 29481 25664
2505 2505 26396 26396 25661
478 478 26584 26584 25659
524 524 29312 29312 25656
1457 1457 27207 27207 25647
3952 3952 29086 29086 25646
2228 2228 26791 26791 25640
752 752 27754 27754 25639
762 762 26026 26026 25625
2871 2871 27539 27539 25619
431 431 29464 29464 25615
3319 3319 26465 26465 25599
2307 2307 29891 29891 25585
1419 1419 26228 26228 25584
548 548 26919 26919 25579
2499 2499 26515 26515 25577
783 783 25933 25933 25568
3986 3986 29472 29472 25566
3599 3599 26229 26229 25554
3370 3370 28480 28480 25553
4363 4363 25961 25961 25551
3757 3757 26565 26565 25537
2913 2913 28896 28896 25508
2790 2790 27928 27928 25506
332 332 28831 28831 25494
2812 2812 27479 27479 25489
3149 3149 27938 27938 25480
4211 4211 27903 27903 25479
2062 2062 29574 29574 25477
1860 1860 25751 25751 25472
2588 2588 26776 26776 25454
2103 2103 27177 27177 25453
360 360 27800 27800 25447
1385 1385 26410 26410 25445
1008 1008 27048 27048 25441
2806 2806 26856 26856 25438
2767 2767 27263 27263 25435
4109 4109 25424 25424 25409
284 284 25770 25770 25404
1753 1753 25856 25856 25399
1269 1269 25592 25592 25386
3907 3907 29704 29704 25383
214 214 29262 29262 25377
465 465 28434 28434 25369
4184 4184 28221 28221 25366
35 35 27337 27337 25363
903 903 27159 27159 25360
3325 3325 26210 26210 25355
1423 1423 26700 26700 25346
1189 1189 28092 28092 25345
2114 2114 26851 26851 25336
4337 4337 28069 28069 25327
568 568 28428 28428 25324
3725 3725 25939 25939 25314
789 789 28097 28097 25306
998 998 29630 29630 25304
1043 1043 27823 27823 25301
4496 4496 28539 28539 25296
3863 3863 29820 29820 25296
3481 3481 27525 27525 25280
1005 1005 26426 26426 25276
24 24 29907 29907 25274
997 997 27534 27534 25269
730 730 27588 27588 25269
2721 2721 27077 27077 25260
1822 1822 28824 28824 25259
411 411 27855 27855 25251
2947 2947 28993 28993 25248
1089 1089 26770 26770 25238
2654 2654 25703 25703 25228
3836 3836 28199 28199 25193
2937 2937 25354 25354 25186
3857 3857 28937 28937 25184
1376 1376 28609 28609 25178
2797 2797 29703 29703 25176
1319 1319 26762 26762 25170
2553 2553 28194 28194 25170
4431 4431 26654 26654 25169
4085 4085 26706 26706 25167
516 516 29710 29710 25165
4641 4641 26272 26272 25157
1265 1265 29113 29113 25157
4005 4005 28297 28297 25155
118 118 27884 27884 25150
3753 3753 29980 29980 25150
4138 4138 27306 27306 25145
4636 4636 29672 29672 25120
845 845 28552 28552 25119
4825 4825 29731 29731 25091
2907 2907 26018 26018 25083
3524 3524 27462 27462 25079
2555 2555 26926 26926 25076
4473 4473 26545 26545 25075
1756 1756 26058 26058 25074
2593 2593 29366 29366 25066
2052 2052 29580 29580 25064
4741 4741 26589 26589 25063
69 69 25547 25547 25062
492 492 29041 29041 25062
3695 3695 25817 25817 25061
1667 1667 29774 29774 25051
716 716 29752 29752 25043
479 479 27239 27239 25030
2500 2500 25156 25156 25023
4528 4528 25230 25230 25016
3426 3426 27876 27876 25015
1639 1639 29019 29019 25014
2338 2338 27961 27961 25010
675 675 28465 28465 25003
2997 2997 25433 25433 24992
4061 4061 25297 25297 24987
4821 4821 29345 29345 24980
571 571 29264 29264 24974
64 64 29601 29601 24967
913 913 29915 29915 24934
2837 2837 25775 25775 24932
2582 2582 29772 29772 24931
1515 1515 28888 28888 24929
3115 3115 25425 25425 24929
2033 2033 27556 27556 24927
4647 4647 29983 29983 24919
405 405 27225 27225 24914
3247 3247 26886 26886 24912
4806 4806 27097 27097 24912
3936 3936 28286 28286 24899
948 948 25741 25741 24877
1177 1177 27465 27465 24869
4556 4556 26542 26542 24869
182 182 28762 28762 24861
2620 2620 27531 27531 24855
4613 4613 29192 29192 24852
3820 3820 26066 26066 24843
3048 3048 25521 25521 24839
5008 5008 28023 28023 24837
3670 3670 27064 27064 24826
4573 4573 29830 29830 24800
384 384 29037 29037 24799
3922 3922 26146 26146 24797
3183 3183 26555 26555 24796
3572 3572 28371 28371 24793
4221 4221 28581 28581 24782
4393 4393 29172 29172 24769
5198 5198 27411 27411 24761
2446 2446 26386 26386 24759
3810 3810 27819 27819 24755
648 648 26570 26570 24730
1221 1221 27382 27382 24724
3966 3966 27315 27315 24721
4080 4080 25809 25809 24713
4654 4654 28612 28612 24685
4266 4266 26544 26544 24672
4624 4624 26942 26942 24671
745 745 25147 25147 24662
338 338 25471 25471 24659
3060 3060 27719 27719 24633
5299 5299 27398 27398 24627
4935 4935 28403 28403 24621
4787 4787 27709 27709 24619
838 838 27367 27367 24618
803 803 24915 24915 24613
1094 1094 25859 25859 24608
4449 4449 29280 29280 24607
4593 4593 28498 28498 24589
5329 5329 29013 29013 24576
707 707 25436 25436 24575
509 509 28693 28693 24574
5368 5368 28063 28063 24570
3112 3112 27993 27993 24567
5143 5143 25494 25494 24567
638 638 26695 26695 24557
4942 4942 28254 28254 24538
767 767 24831 24831 24533
5303 5303 28152 28152 24532
4000 4000 27580 27580 24530
3689 3689 27026 27026 24529
2548 2548 28641 28641 24527
2449 2449 27162 27162 24523
459 459 28133 28133 24522
3615 3615 27530 27530 24517
2185 2185 29741 29741 24511
3198 3198 28018 28018 24509
5002 5002 26904 26904 24508
541 541 29873 29873 24500
1060 1060 26858 26858 24500
4625 4625 24630 24630 24485
4592 4592 25682 25682 24480
564 564 27434 27434 24473
1378 1378 24840 24840 24473
5257 5257 26977 26977 24472
3769 3769 28268 28268 24471
3101 3101 26273 26273 24468
4054 4054 25495 25495 24468
2858 2858 27429 27429 24458
2702 2702 25381 25381 24456
1594 1594 26580 26580 24450
2856 2856 29367 29367 24448
1659 1659 25074 25074 24447
3124 3124 28794 28794 24442
2738 2738 25321 25321 24439
3933 3933 27151 27151 24438
3937 3937 27721 27721 24437
3967 3967 26459 26459 24435
4947 4947 29695 29695 24432
3199 3199 29865 29865 24425
3865 3865 25597 25597 24425
4828 4828 26543 26543 24423
4986 4986 24695 24695 24416
2525 2525 25036 25036 24407
3001 3001 25812 25812 24399
5458 5458 25880 25880 24397
2940 2940 26775 26775 24396
949 949 29619 29619 24383
296 296 25069 25069 24377
1741 1741 28909 28909 24364
999 999 28800 28800 24361
5534 5534 26250 26250 24352
1718 1718 25688 25688 24347
3641 3641 25790 25790 24346
3987 3987 26576 26576 24346
3075 3075 26111 26111 24345
901 901 24517 24517 24343
3777 3777 28153 28153 24337
683 683 27400 27400 24330
1412 1412 26141 26141 24327
2294 2294 29179 29179 24322
3164 3164 24564 24564 24321
659 659 25852 25852 24302
244 244 27145 27145 24296
3204 3204 28449 28449 24293
4608 4608 27152 27152 24281
2775 2775 24441 24441 24276
4043 4043 28519 28519 24271
1292 1292 29933 29933 24266
3002 3002 27971 27971 24265
3030 3030 28705 28705 24264
3 3 29454 29454 24260
5037 5037 26717 26717 24259
2274 2274 26160 26160 24248
4602 4602 26449 26449 24245
5250 5250 24476 24476 24243
685 685 24392 24392 24234
1632 1632 28490 28490 24220
2928 2928 27116 27116 24218
2789 2789 28325 28325 24215
4118 4118 29854 29854 24206
5454 5454 27327 27327 24196
688 688 29055 29055 24184
643 643 25980 25980 24182
1705 1705 24740 24740 24179
4206 4206 25655 25655 24173
1642 1642 25022 25022 24160
1485 1485 26647 26647 24158
4254 4254 24457 24457 24147
2222 2222 25407 25407 24146
682 682 27471 27471 24144
867 867 24347 24347 24141
1815 1815 26237 26237 24139
198 198 29004 29004 24134
4283 4283 24990 24990 24132
3258 3258 26826 26826 24130
3776 3776 25368 25368 24125
4113 4113 29129 29129 24121
1709 1709 27618 27618 24110
2161 2161 29949 29949 24099
962 962 26260 26260 24094
5593 5593 29660 29660 24094
1689 1689 28157 28157 24093
1373 1373 28897 28897 24091
4743 4743 24777 24777 24083
1738 1738 24377 24377 24077
1847 1847 25938 25938 24069
4693 4693 27104 27104 24069
3602 3602 25777 25777 24063
166 166 25699 25699 24060
3621 3621 27360 27360 24060
3730 3730 26739 26739 24040
2419 2419 24815 24815 24039
4802 4802 28129 28129 24030
5056 5056 25536 25536 24023
3822 3822 24903 24903 24013
3387 3387 24640 24640 24012
3927 3927 25191 25191 24007
3596 3596 24232 24232 24002
5566 5566 27777 27777 24002
1902 1902 29838 29838 23998
3639 3639 26983 26983 23996
1064 1064 24510 24510 23994
3080 3080 27232 27232 23988
3761 3761 27599 27599 23986
5508 5508 26994 26994 23986
2192 2192 24245 24245 23983
3722 3722 29999 29999 23972
5365 5365 25278 25278 23972
5068 5068 24861 24861 23959
2056 2056 25133 25133 23953
1238 1238 28827 28827 23947
2171 2171 28230 28230 23933
5899 5899 24702 24702 23930
8 8 26020 26020 23926
3589 3589 28804 28804 23926
3983 3983 29713 29713 23923
5812 5812 29546 29546 23921
3332 3332 24970 24970 23920
2492 2492 25464 25464 23908
2514 2514 27708 27708 23903
1039 1039 28900 28900 23901
3203 3203 25848 25848 23900
4382 4382 28458 28458 23898
5725 5725 28885 28885 23889
2544 2544 27518 27518 23874
1836 1836 24058 24058 23873
4879 4879 27545 27545 23868
6128 6128 24119 24119 23868
5774 5774 24127 24127 23857
574 574 29505 29505 23849
5253 5253 29199 29199 23849
5065 5065 26806 26806 23838
5548 5548 28288 28288 23833
3655 3655 28083 28083 23814
1997 1997 25672 25672 23812
520 520 26336 26336 23810
5059 5059 27269 27269 23805
5075 5075 26044 26044 23797
23 23 28537 28537 23792
1250 1250 28875 28875 23792
4140 4140 26122 26122 23788
5778 5778 26957 26957 23786
4010 4010 29311 29311 23784
2507 2507 28906 28906 23780
2299 2299 24781 24781 23773
6153 6153 26949 26949 23767
5249 5249 25244 25244 23762
5034 5034 27552 27552 23758
1104 1104 24830 24830 23754
5485 5485 29022 29022 23745
3156 3156 28422 28422 23739
5283 5283 25932 25932 23736
3122 3122 27379 27379 23735
1955 1955 24961 24961 23731
3225 3225 26070 26070 23729
3285 3285 29056 29056 23729
230 230 25944 25944 23724
2039 2039 25384 25384 23709
3455 3455 26883 26883 23695
5159 5159 27464 27464 23689
4830 4830 27520 27520 23677
4338 4338 28293 28293 23673
5483 5483 29627 29627 23670
1191 1191 27740 27740 23669
2242 2242 27710 27710 23648
1352 1352 24062 24062 23639
909 909 28231 28231 23636
3012 3012 29072 29072 23636
542 542 25794 25794 23633
778 778 27266 27266 23627
1677 1677 28203 28203 23624
933 933 28112 28112 23617
15 15 24074 24074 23616
334 334 24088 24088 23616
4587 4587 29442 29442 23614
4245 4245 28793 28793 23611
3676 3676 24849 24849 23603
1059 1059 25432 25432 23597
4203 4203 27691 27691 23597
2233 2233 29466 29466 23596
1970 1970 25000 25000 23585
1260 1260 27890 27890 23584
1027 1027 28235 28235 23575
2917 2917 24190 24190 23566
1512 1512 25208 25208 23562
843 843 24959 24959 23561
4009 4009 26989 26989 23556
2723 2723 25530 25530 23555
2772 2772 27189 27189 23553
68 68 29628 29628 23548
4058 4058 29589 29589 23541
2362 2362 29909 29909 23536
3219 3219 25729 25729 23535
1668 1668 27231 27231 23532
5345 5345 25513 25513 23532
5659 5659 23802 23802 23529
2736 2736 29053 29053 23528
6383 6383 28065 28065 23527
5286 5286 28171 28171 23526
6099 6099 25324 25324 23526
2934 2934 24284 24284 23513
4397 4397 26468 26468 23505
2980 2980 24562 24562 23496
480 480 28942 28942 23494
4563 4563 27741 27741 23494
598 598 26498 26498 23486
5061 5061 28093 28093 23485
2408 2408 24182 24182 23483
4495 4495 26737 26737 23481
1979 1979 27594 27594 23473
3024 3024 27185 27185 23468
3554 3554 28970 28970 23467
2423 2423 24857 24857 23463
668 668 29667 29667 23462
2876 2876 29538 29538 23462
2920 2920 28386 28386 23462
3749 3749 29603 29603 23459
265 265 25723 25723 23447
5625 5625 23827 23827 23445
2572 2572 27346 27346 23438
2223 2223 23930 23930 23434
5391 5391 26907 26907 23434
3876 3876 24132 24132 23432
4424 4424 28792 28792 23426
4360 4360 24221 24221 23421
6034 6034 25615 25615 23414
475 475 27980 27980 23405
2860 2860 24705 24705 23399
2608 2608 24483 24483 23396
2533 2533 29866 29866 23394
4850 4850 28789 28789 23394
6041 6041 29195 29195 23378
450 450 26816 26816 23372
1036 1036 29250 29250 23366
5007 5007 27532 27532 23366
5479 5479 26334 26334 23366
2539 2539 28236 28236 23363
6434 6434 24026 24026 23362
4707 4707 28667 28667 23355
3549 3549 27335 27335 23337
1061 1061 24068 24068 23330
6009 6009 23619 23619 23325
1943 1943 27452 27452 23321
1317 1317 24796 24796 23318
5785 5785 24761 24761 23318
4648 4648 28786 28786 23313
5338 5338 26518 26518 23313
906 906 27921 27921 23299
251 251 29038 29038 23289
6573 6573 29465 29465 23285
3495 3495 25782 25782 23282
4298 4298 28095 28095 23281
88 88 24624 24624 23272
2031 2031 29477 29477 23272
489 489 25323 25323 23249
4579 4579 26056 26056 23247
3930 3930 28674 28674 23246
777 777 28156 28156 23245
5471 5471 29842 29842 23240
1281 1281 29377 29377 23235
5517 5517 28186 28186 23226
1982 1982 27604 27604 23225
2442 2442 23453 23453 23222
1355 1355 24650 24650 23220
3194 3194 23809 23809 23217
5172 5172 25098 25098 23217
246 246 29106 29106 23206
2580 2580 25943 25943 23184
4478 4478 28159 28159 23174
2244 2244 25539 25539 23165
4158 4158 26586 26586 23165
4365 4365 24067 24067 23159
1449 1449 28028 28028 23155
3154 3154 27014 27014 23149
6579 6579 25406 25406 23147
5011 5011 25591 25591 23146
6398 6398 23765 23765 23145
2795 2795 24271 24271 23141
1406 1406 26868 26868 23140
4274 4274 27493 27493 23135
1794 1794 27898 27898 23134
4091 4091 25316 25316 23134
158 158 28355 28355 23133
6433 6433 27535 27535 23130
5657 5657 27910 27910 23114
6479 6479 26746 26746 23108
5169 5169 29350 29350 23104
5254 5254 24464 24464 23100
5 5 26532 26532 23097
2668 2668 27374 27374 23097
1367 1367 28829 28829 23090
5675 5675 27960 27960 23083
6881 6881 28787 28787 23083
5493 5493 28391 28391 23080
4329 4329 24105 24105 23076
2838 2838 25055 25055 23073
452 452 28200 28200 23072
5866 5866 29593 29593 23071
6445 6445 29453 29453 23068
3462 3462 29127 29127 23066
1161 1161 29884 29884 23058
2088 2088 26808 26808 23058
4631 4631 26448 26448 23052
2983 2983 26052 26052 23043
826 826 24354 24354 23042
2912 2912 25850 25850 23041
2973 2973 26772 26772 23038
4291 4291 25038 25038 23033
597 597 23882 23882 23025
161 161 28068 28068 23022
2601 2601 28780 28780 23022
4946 4946 26420 26420 23022
2293 2293 24717 24717 23012
2372 2372 23346 23346 23009
4811 4811 26339 26339 23008
1393 1393 26474 26474 23003
2077 2077 25468 25468 22996
992 992 28881 28881 22995
837 837 23689 23689 22994
3419 3419 23463 23463 22990
6101 6101 25183 25183 22983
2007 2007 24351 24351 22963
5712 5712 28936 28936 22963
1382 1382 27124 27124 22961
6829 6829 27342 27342 22959
5429 5429 26675 26675 22957
1345 1345 27135 27135 22953
5541 5541 28706 28706 22952
6636 6636 27644 27644 22949
6935 6935 27989 27989 22946
869 869 23298 23298 22943
1444 1444 26093 26093 22941
5386 5386 24579 24579 22940
1234 1234 29973 29973 22939
5053 5053 25776 25776 22938
4533 4533 24159 24159 22926
566 566 28685 28685 22917
665 665 29208 29208 22901
22 22 25668 25668 22887
5960 5960 24004 24004 22883
3016 3016 25168 25168 22873
1450 1450 23530 23530 22868
2906 2906 26777 26777 22866
2768 2768 25855 25855 22858
920 920 28172 28172 22857
6824 6824 24608 24608 22853
1324 1324 25718 25718 22848
4521 4521 25979 25979 22847
2369 2369 24692 24692 22841
6853 6853 29967 29967 22839
6155 6155 25826 25826 22834
3956 3956 25186 25186 22832
2334 2334 28532 28532 22824
5358 5358 27498 27498 22823
2758 2758 24797 24797 22822
2496 2496 26189 26189 22819
126 126 29954 29954 22811
3614 3614 28019 28019 22807
91 91 28024 28024 22802
2508 2508 28451 28451 22802
1959 1959 25572 25572 22798
1874 1874 29189 29189 22792
4022 4022 22935 22935 22786
247 247 23229 23229 22785
4145 4145 25275 25275 22782
1030 1030 27212 27212 22781
4663 4663 28164 28164 22780
5347 5347 24349 24349 22775
5867 5867 25801 25801 22775
1816 1816 26805 26805 22772
7194 7194 29239 29239 22767
6890 6890 22849 22849 22755
6778 6778 23134 23134 22751
2881 2881 25175 25175 22744
4194 4194 28397 28397 22743
119 119 23266 23266 22741
2130 2130 27675 27675 22741
1001 1001 22891 22891 22733
1972 1972 24598 24598 22729
2516 2516 29286 29286 22719
633 633 27668 27668 22716
2398 2398 25864 25864 22709
4237 4237 27895 27895 22705
5970 5970 25890 25890 22704
4354 4354 26968 26968 22695
1348 1348 25049 25049 22694
2528 2528 28663 28663 22686
3345 3345 26556 26556 22672
5912 5912 25515 25515 22665
6855 6855 23674 23674 22662
2054 2054 28930 28930 22659
5705 5705 23451 23451 22657
7101 7101 25296 25296 22656
2752 2752 23199 23199 22649
7170 7170 29994 29994 22647
7157 7157 23625 23625 22641
646 646 25335 25335 22636
1371 1371 23354 23354 22636
3962 3962 24363 24363 22636
3921 3921 25115 25115 22634
7074 7074 27920 27920 22631
5620 5620 26118 26118 22629
6960 6960 23019 23019 22628
5028 5028 26329 26329 22625
235 235 27131 27131 22623
6297 6297 29222 29222 22595
4911 4911 25336 25336 22583
3395 3395 26374 26374 22580
4512 4512 23400 23400 22574
922 922 24507 24507 22571
367 367 26417 26417 22563
1099 1099 23646 23646 22550
6324 6324 28470 28470 22542
6652 6652 28586 28586 22537
5211 5211 26372 26372 22535
1469 1469 25835 25835 22527
742 742 29955 29955 22519
4668 4668 24155 24155 22513
6126 6126 26399 26399 22510
3625 3625 28741 28741 22506
4555 4555 23883 23883 22499
145 145 29611 29611 22497
3988 3988 26504 26504 22494
2605 2605 26069 26069 22488
258 258 29987 29987 22484
5069 5069 23480 23480 22484
2977 2977 26828 26828 22481
1814 1814 24353 24353 22479
2589 2589 25927 25927 22478
3829 3829 24812 24812 22475
2763 2763 27632 27632 22469
5503 5503 29329 29329 22469
6667 6667 23131 23131 22469
6928 6928 24169 24169 22467
4312 4312 25491 25491 22458
4149 4149 26481 26481 22454
4560 4560 22953 22953 22450
6303 6303 25401 25401 22450
2347 2347 23902 23902 22445
5164 5164 28438 28438 22441
2664 2664 25713 25713 22439
7505 7505 27977 27977 22437
3272 3272 25693 25693 22426
5455 5455 25621 25621 22420
7031 7031 24122 24122 22419
1002 1002 25605 25605 22417
2759 2759 24197 24197 22410
4218 4218 29869 29869 22410
7473 7473 27040 27040 22410
354 354 23754 23754 22405
2981 2981 26497 26497 22405
2067 2067 26088 26088 22404
3117 3117 24870 24870 22398
4609 4609 25663 25663 22397
7063 7063 29213 29213 22395
5024 5024 26486 26486 22392
2735 2735 26036 26036 22391
4908 4908 22643 22643 22389
6945 6945 28573 28573 22386
5528 5528 22807 22807 22384
213 213 28315 28315 22383
1927 1927 28652 28652 22380
6023 6023 22796 22796 22370
2831 2831 26389 26389 22363
6140 6140 26987 26987 22363
2962 2962 23348 23348 22362
6946 6946 28131 28131 22359
5642 5642 24150 24150 22357
2466 2466 27250 27250 22352
4826 4826 22729 22729 22347
2050 2050 23497 23497 22344
3310 3310 24516 24516 22339
3979 3979 26823 26823 22339
5924 5924 28005 28005 22333
94 94 22784 22784 22327
1592 1592 28778 28778 22325
4892 4892 29458 29458 22309
4267 4267 28679 28679 22307
358 358 25245 25245 22306
3849 3849 27154 27154 22305
4758 4758 23835 23835 22305
6811 6811 26033 26033 22301
3598 3598 26520 26520 22298
6493 6493 29484 29484 22296
6737 6737 28462 28462 22292
3170 3170 22430 22430 22278
1828 1828 25660 25660 22276
4304 4304 23104 23104 22271
310 310 24768 24768 22268
6779 6779 29139 29139 22267
7716 7716 28601 28601 22264
7514 7514 22996 22996 22260
7567 7567 23055 23055 22260
6296 6296 27029 27029 22253
51 51 22411 22411 22249
5773 5773 25017 25017 22244
3435 3435 29821 29821 22238
3403 3403 23398 23398 22237
1925 1925 29669 29669 22225
5969 5969 28985 28985 22223
4195 4195 26150 26150 22215
6214 6214 23537 23537 22198
7513 7513 24357 24357 22196
697 697 29947 29947 22191
1119 1119 23971 23971 22185
4238 4238 23184 23184 22184
7708 7708 22335 22335 22176
2239 2239 29435 29435 22172
1017 1017 26177 26177 22168
7179 7179 28239 28239 22166
615 615 26086 26086 22161
3792 3792 29647 29647 22159
5848 5848 25820 25820 22154
7180 7180 23524 23524 22153
549 549 22735 22735 22152
2036 2036 26875 26875 22152
3989 3989 22393 22393 22152
128 128 23946 23946 22150
6195 6195 27515 27515 22147
7811 7811 29889 29889 22145
483 483 23402 23402 22136
1144 1144 25070 25070 22135
3369 3369 26303 26303 22133
2291 2291 29500 29500 22128
5266 5266 27793 27793 22124
3118 3118 23474 23474 22120
4692 4692 28640 28640 22117
972 972 24642 24642 22114
1581 1581 29035 29035 22114
83 83 29181 29181 22103
7218 7218 24200 24200 22094
4619 4619 29191 29191 22091
7776 7776 26008 26008 22090
2157 2157 26850 26850 22089
5013 5013 29532 29532 22088
1933 1933 22769 22769 22086
5456 5456 27085 27085 22083
1270 1270 24480 24480 22081
2674 2674 27171 27171 22078
6028 6028 23366 23366 22070
6098 6098 23501 23501 22065
6584 6584 29020 29020 22062
5387 5387 28516 28516 22055
7846 7846 23824 23824 22053
4800 4800 23259 23259 22038
2930 2930 22291 22291 22032
3551 3551 22185 22185 22022
79 79 27354 27354 22018
7383 7383 29147 29147 22015
2719 2719 29616 29616 22001
4702 4702 25829 25829 21996
4628 4628 27419 27419 21995
3271 3271 29187 29187 21986
2834 2834 23010 23010 21981
5803 5803 25843 25843 21975
3752 3752 24436 24436 21974
3437 3437 25781 25781 21968
3032 3032 22773 22773 21966
